HNX30
213.75
3.84	1.83
27996100	392.20	
DDG	29.3	24.1	26.7	27.5	290	27.6	150	27.7	110	1.1	4.12	27.8	210	12990	27.8	20	27.9	250	28	210	27.8	26.6	27.45	0	0	1199990	0	0	
ACB	24.6	20.2	22.4	22.4	51590	22.5	45250	22.6	4260	0.2	0.89	22.6	250	351780	22.7	28970	22.8	35070	22.9	14880	22.7	22.3	22.54	0	0	0	0	0	
CAP	33	27	30	29.4	10	29.5	70	29.8	50	0	0	30	40	1990	30	430	30.1	20	30.2	10	30	29.6	29.95	0	0	247998	0	0	
BVS	9.7	8.1	8.9	8.6	2980	8.7	6530	8.8	1130	0	0	8.9	200	8780	8.9	3040	9	2710	9.1	2060	8.9	8.8	8.83	2000	4500	1657447	0	0	
DTD	13.3	10.9	12.1	12.7	910	12.8	380	12.9	170	0.8	6.61	12.9	30	19180	13	570	13.1	1580	13.2	680	13.1	12.1	12.65	200	0	1202579	0	0	
DP3	93.8	76.8	85.3	78	160	80	50	83	10	-2.3	-2.7	83	100	1570	85	70	85.5	210	85.8	50	86.5	83	85.21	10	0	417244	0	0	
HUT	2	1.8	1.9	0	0	1.8	250340	1.9	153190	0.1	5.26	2	100	209140	2	210040	0	0	0	0	2	1.9	1.95	0	1	12144527	0	0	
NRC	9.4	7.8	8.6	8.5	130	8.6	1860	8.7	2230	0.1	1.16	8.7	50	550	8.8	1140	8.9	40	9	740	8.8	8.6	8.77	0	0	671185	0	0	
PVI	33.5	27.5	30.5	30.1	220	30.2	240	30.5	140	0	0	30.5	110	1700	30.6	200	30.7	300	30.8	70	30.6	28.5	30	1120	0	10697677	0	0	
PVS	13.6	11.2	12.4	12.4	49150	12.5	18540	12.6	13930	0.2	1.61	12.6	10	478390	12.7	510	12.8	4140	12.9	22860	12.9	12.4	12.63	25800	0	17354931	0	0	
PVB	15.1	12.5	13.8	13.7	1040	13.8	1120	14	110	0.3	2.17	14.1	50	14360	14.1	320	14.2	1640	14.3	1200	14.2	13.6	13.87	0	0	1057591	0	0	
PVC	5.8	4.8	5.3	5.1	5820	5.2	5320	5.3	130	0	0	5.3	40	12640	5.4	4610	5.5	7040	5.6	46090	5.4	5.2	5.24	1020	1000	1887504	0	0	
NDN	18.5	15.3	16.9	17.5	1930	17.6	3780	17.7	3140	0.9	5.33	17.8	40	40670	17.8	2490	17.9	4080	18	10230	18	16.9	17.49	0	0	2318237	0	0	
LHC	72.8	59.6	66.2	66.8	20	66.9	30	67	10	0.8	1.21	67	280	320	69.9	40	70	240	70.5	20	67	67	67	0	0	94466	0	0	
TVC	36.3	29.7	33	33.3	2280	33.4	3430	33.5	1050	0.6	1.82	33.6	20	24930	33.6	500	33.7	690	33.8	570	33.7	33	33.31	0	0	1960658	0	0	
VMC	10.6	8.8	9.7	9.4	210	9.5	250	9.6	420	-0.1	-1.03	9.6	80	100	9.8	200	9.9	10	10	340	9.6	9.6	9.6	0	0	921000	0	0	
TNG	14.8	12.2	13.5	13.8	2260	13.9	3330	14	8590	0.6	4.44	14.1	890	236290	14.1	4360	14.2	20100	14.3	560	14.1	13.3	13.73	0	0	2767423	0	0	
VGS	8.8	7.2	8	7.7	1000	7.8	420	7.9	90	-0.1	-1.25	7.9	10	1580	8	130	8.1	510	8.2	2960	8.1	7.9	8	0	0	1997555	0	0	
L14	70.4	57.6	64	63.5	130	64	300	64.1	50	0.5	0.78	64.5	50	14480	64.5	260	64.6	250	64.8	200	64.6	61	63.46	0	160	904803	0	0	
VCS	72.2	59.2	65.7	65.8	1130	65.9	90	66.1	300	0.5	0.76	66.2	30	30420	66.2	390	66.3	540	66.4	2580	66.5	65.5	65.88	0	10	7419510	0	0	
VCG	27.3	22.5	24.9	24.8	20	24.9	390	25	380	0.2	0.8	25.1	80	13630	25.1	2110	25.2	910	25.3	380	25.1	24.6	24.85	0	0	21439709	0	0	
KLF	1.9	1.7	1.8	1.8	293160	1.9	4190	0	14110	0.1	5.56	1.9	390	209810	0	0	0	0	0	0	1.9	1.8	1.88	770	0	7978955	0	0	
MBS	10.5	8.7	9.6	9.4	1010	9.5	3700	9.6	520	0	0	9.6	320	11910	9.7	1670	9.8	870	9.9	470	9.7	9.5	9.52	0	0	8045509	0	0	
SHS	9.6	8	8.8	8.7	26420	8.8	35860	8.9	9250	0.2	2.27	9	1290	142200	9	23480	9.1	35010	9.2	31300	9	8.8	8.9	0	23630	8395498	0	0	
SLS	59.4	48.6	54	53.4	10	53.6	30	54	70	0.1	0.19	54.1	10	340	54.1	90	54.4	10	54.5	10	55	53.8	54.13	0	0	443620	0	0	
DGC	35.8	29.4	32.6	32.6	930	32.7	1260	32.8	20	0.4	1.23	33	10	18310	33	2460	33.1	330	33.2	1140	33.1	29.5	32.79	0	0	6228460	0	0	
VC3	17.9	14.7	16.3	16	740	16.1	760	16.2	370	0	0	16.3	150	18320	16.3	420	16.4	690	16.5	1760	16.5	16.1	16.26	0	0	2988123	0	0	
CEO	8.4	7	7.7	7.4	9130	7.5	14340	7.6	1090	-0.1	-1.3	7.6	310	33410	7.7	25770	7.8	50490	7.9	42460	7.7	7.5	7.61	0	0	8576732	0	0	
DHT	49.8	40.8	45.3	44.6	250	44.7	50	44.8	100	-0.3	-0.66	45	20	1170	45	100	45.1	130	45.2	150	45.8	44.8	45.03	0	60	969325	0	0	
SHB	14.5	11.9	13.2	13.8	14790	13.9	31550	14	44370	0.9	6.82	14.1	80	888650	14.1	540	14.2	4960	14.3	17120	14.5	13.1	14.15	2505	202720	34378170	0	0	
