VNX50
1330.05
10.93	0.82
0	0	0	0	
1329.63	0.79	132751076	2978.14	
1329.17	0.76	138355026	3116.08	
ACB	24.6	20.2	22.4	22.4	51590	22.5	45250	22.6	4260	0.2	0.89	22.6	250	351780	22.7	28970	22.8	35070	22.9	14880	22.5	22.7	22.3	0	0	0	
BVH	52.5	45.75	49.15	49.35	352	49.4	2540	49.45	80	0.35	0.71	49.5	3864	61823	49.5	1792	49.55	310	49.6	2121	49.5	49.75	49	1757	9352	15268512	
CII	21.05	18.35	19.7	19.65	1310	19.7	9654	19.75	4766	0.1	0.51	19.8	2441	120564	19.8	819	19.9	1951	19.95	1740	19.8	20	19.7	5105	65000	7065500	
CTD	72.8	63.4	68.1	67.7	516	67.8	825	67.9	31	-0.1	-0.15	68	862	20771	68	194	68.1	391	68.2	200	68	68.4	67.5	178	1794	195694	
CTG	24.35	21.25	22.8	22.9	13454	22.95	10332	23	5829	0.25	1.1	23.05	16933	673127	23.05	4669	23.1	14443	23.15	11231	23.05	23.35	22.7	27700	22715	1367334	
DXG	11.85	10.35	11.1	11.15	4692	11.2	4781	11.25	4184	0.2	1.8	11.3	9017	292885	11.3	12491	11.35	6888	11.4	6075	11.3	11.35	10.95	18685	29776	4822047	
EIB	18.05	15.75	16.9	16.7	2284	16.8	617	16.9	490	0	0	16.9	16	38924	16.95	98	17	2676	17.05	1151	16.9	17.15	16.5	0	2018	12906	
FLC	3.09	2.69	2.89	2.86	44295	2.87	49549	2.88	5110	0	0	2.89	14309	421712	2.89	25351	2.9	38285	2.91	22181	2.89	2.92	2.87	931	28774	32875839	
FPT	51.8	45.1	48.45	48.3	70	48.35	20	48.4	55	0	0	48.45	10291	203300	48.45	180	48.5	5575	48.55	2296	48.45	48.6	47.8	8000	8152	0	
GAS	79	68.8	73.9	73.5	5059	73.6	7447	73.7	1032	-0.2	-0.27	73.7	2538	55499	73.8	1210	73.9	1286	74	3074	73.7	74.1	73.4	8013	22099	87481610	
GEX	18.25	15.95	17.1	17.7	15320	17.75	19890	17.8	15771	0.75	4.39	17.85	27989	427941	17.85	9487	17.9	13100	17.95	17034	17.85	17.95	17.25	13690	966	16538599	
GMD	20.65	17.95	19.3	19.2	2802	19.25	2448	19.3	1497	0.1	0.52	19.4	4075	24093	19.4	311	19.45	2421	19.5	4802	19.4	19.45	19.15	215	0	0	
HBC	9.43	8.21	8.82	8.86	1655	8.87	729	8.88	720	0.07	0.79	8.89	7757	227882	8.89	1702	8.9	4774	8.91	1010	8.89	8.97	8.82	2897	2799	6645486	
HCM	19.75	17.25	18.5	18.85	302	18.9	1417	18.95	16022	0.5	2.7	19	12786	227324	19	8319	19.05	897	19.1	11741	19	19	18.5	5880	51042	14119168	
HDB	25.55	22.25	23.9	24	2428	24.05	110	24.1	4229	0.2	0.84	24.1	11844	94260	24.3	1587	24.35	2196	24.4	1800	24.1	24.4	23.8	20005	24301	8684324	
HPG	29.15	25.35	27.25	27.2	32106	27.25	27463	27.3	1130	0.05	0.18	27.3	25511	1116888	27.35	2427	27.4	5629	27.45	300	27.3	27.8	27.15	23769	385230	33874676	
HSG	10.35	9.03	9.7	9.77	3350	9.78	6218	9.79	1822	0.09	0.93	9.79	41792	714613	9.8	720	9.82	100	9.83	130	9.79	9.88	9.6	41687	19672	14449185	
KBC	13.7	12	12.85	13.6	7120	13.65	1259	13.7	44452	0.85	6.61	13.7	2411	654585	0	0	0	0	0	0	13.7	13.7	12.85	25063	1701	12807798	
MBB	18.45	16.05	17.25	17.2	46870	17.25	25993	17.3	14051	0.05	0.29	17.3	10446	424460	17.35	2763	17.4	20830	17.45	34839	17.3	17.45	17.2	30000	30000	0	
MSN	66.3	57.7	62	61.6	4570	61.7	3989	61.8	4617	-0.2	-0.32	61.8	7347	135462	62	30	62.1	2268	62.2	305	61.8	62.7	61.5	2218	43974	11251992	
MWG	90.9	79.1	85	85.8	382	85.9	162	86	3805	1.1	1.29	86.1	4239	113552	86.1	162	86.2	400	86.3	373	86.1	87	84.2	20000	20000	0	
NLG	24.6	21.4	23	22.95	6069	23	5876	23.05	576	0.05	0.22	23.05	7039	41085	23.1	772	23.15	198	23.2	1519	23.05	23.4	23	842	64	414602	
NVL	57	49.6	53.3	52.8	2235	52.9	1864	53	3599	0	0	53.3	5275	103564	53.3	1584	53.4	1016	53.5	1780	53.3	53.9	52.2	1100	11837	31416768	
PDR	26.55	23.15	24.85	24.45	300	24.5	871	24.55	50	-0.3	-1.21	24.55	1041	67817	24.7	57	24.75	50	24.8	400	24.55	25	24.55	2339	9106	15037853	
PLX	49.6	43.2	46.4	46.25	1224	46.3	2471	46.35	1392	-0.05	-0.11	46.35	2708	62522	46.4	278	46.45	713	46.5	3119	46.35	46.8	45.5	917	2617	8641952	
PNJ	67.6	58.8	63.2	63.7	500	63.8	985	63.9	206	0.8	1.27	64	2440	70935	64	5997	64.1	1006	64.2	5469	64	64.3	63.5	20000	20000	0	
POW	10.8	9.4	10.1	10.1	36414	10.15	10270	10.2	24222	0.1	0.99	10.2	15267	612907	10.25	9804	10.3	54002	10.35	34485	10.2	10.4	10	25687	4502	88197830	
PPC	25.7	22.4	24.05	24.35	500	24.4	136	24.45	11	0.45	1.87	24.5	3233	15503	24.5	185	24.55	500	24.6	711	24.5	24.5	24	3163	3156	10604023	
PVD	11.5	10	10.75	10.8	22753	10.85	18642	10.9	5734	0.2	1.86	10.95	8347	385405	10.95	21095	11	87834	11.05	4924	10.95	11	10.65	2662	1800	15376591	
PVS	13.6	11.2	12.4	12.4	49150	12.5	18540	12.6	13930	0.2	1.61	12.6	10	478390	12.7	510	12.8	4140	12.9	22860	12.4	12.9	12.4	25800	0	17354931	
REE	33.35	29.05	31.2	31.1	2220	31.15	541	31.2	79	0	0	31.2	1241	41519	31.25	1277	31.3	1957	31.35	906	31.2	31.3	30.95	0	127	0	
ROS	3.73	3.25	3.49	3.42	5584	3.43	6443	3.44	6277	-0.05	-1.43	3.44	34754	646427	3.45	3200	3.46	4183	3.47	8240	3.44	3.52	3.4	16377	982	26360359	
SAB	186.1	161.9	174	174.7	966	174.9	290	175	90	1	0.57	175	346	5922	175.5	10	176	24	176.1	775	175	176.1	173	1752	370	23514545	
SBT	15.9	13.9	14.9	14.7	3639	14.75	2319	14.8	7996	-0.1	-0.67	14.8	5304	214713	14.85	500	14.9	7698	14.95	5896	14.8	14.9	14.8	1850	3503	55286518	
SHB	14.5	11.9	13.2	13.8	14790	13.9	31550	14	44370	0.9	6.82	14.1	80	888650	14.1	540	14.2	4960	14.3	17120	13.6	14.5	13.1	2505	202720	34378170	
SSI	15.3	13.3	14.3	14.4	19360	14.45	6183	14.5	11737	0.25	1.75	14.55	19565	602283	14.55	17598	14.6	45738	14.65	19722	14.55	14.6	14.3	31676	60204	29820259	
STB	10.9	9.49	10.2	10.15	47010	10.2	82159	10.25	34736	0.05	0.49	10.25	28546	944839	10.3	44677	10.35	55635	10.4	70257	10.25	10.4	10.1	15902	27720	27449661	
TCB	22.5	19.6	21.05	20.9	12224	20.95	8322	21	18782	0	0	21.05	15227	196297	21.05	15589	21.1	6240	21.15	934	21.05	21.3	20.95	57796	57796	0	
TCH	24.3	21.2	22.75	23.15	3520	23.2	4163	23.25	3936	0.55	2.42	23.3	15812	298307	23.3	1791	23.35	2	23.4	235	23.3	24.1	22.9	5268	3688	16188048	
TPB	22.45	19.55	21	20.7	141	20.75	1	20.8	563	0	0	21	806	7795	21	8677	21.05	1926	21.1	359	21	21.3	20.8	0	0	0	
VCB	86.6	75.4	81	80.9	1410	81	4097	81.1	2138	0.1	0.12	81.1	3807	70871	81.2	2197	81.3	3492	81.4	2318	81.1	81.3	80.8	36077	18496	23373434	
VCG	27.3	22.5	24.9	24.8	20	24.9	390	25	380	0.2	0.8	25.1	80	13630	25.1	2110	25.2	910	25.3	380	24.8	25.1	24.6	0	0	21439709	
VCS	72.2	59.2	65.7	65.8	1130	65.9	90	66.1	300	0.5	0.76	66.2	30	30420	66.2	390	66.3	540	66.4	2580	65.7	66.5	65.5	0	10	7419510	
VGC	18.85	16.45	17.65	18.2	669	18.25	991	18.3	5313	0.65	3.68	18.3	170	58437	18.35	413	18.4	3687	18.45	3100	18.3	18.4	17.65	1255	0	17537320	
VHM	81.8	71.2	76.5	76.5	5128	76.6	1336	76.7	443	0.3	0.39	76.8	13309	466445	76.8	1589	76.9	426	77	16165	76.8	78.5	74.8	114745	89816	117999203	
VIC	103.1	89.7	96.4	96.5	388	96.6	28	96.7	2	0.7	0.73	97.1	3922	21640	97.1	40	97.2	231	97.3	87	97.1	97.1	96	405283	403483	76761141	
VJC	121.9	106.1	114	112.9	662	113	2359	113.1	473	-0.9	-0.79	113.1	1121	33126	113.2	6162	113.3	512	113.4	116	113.1	114	113.1	78	8895	6192622	
VNM	122.4	106.4	114.4	117.1	82	117.3	259	117.4	34	3.2	2.8	117.6	16742	158186	117.6	475	117.7	306	117.8	239	117.6	117.6	114.1	100623	25482	71868195	
VPB	25.8	22.5	24.15	23.9	18740	23.95	8364	24	2332	-0.15	-0.62	24	12638	517403	24.05	9098	24.1	4231	24.15	11212	24	24.25	23.6	1172	8705	0	
VRE	27.6	24	25.8	26.05	1260	26.1	3357	26.15	3602	0.4	1.55	26.2	19947	377499	26.2	508	26.25	3195	26.3	291	26.2	26.65	25.3	79215	59217	42272502	
