HNX
120.68
0.56	0.46
74921524	778.94	
AAV	6.4	5.4	5.9	6.1	4610	6.2	3420	6.3	1440	0.5	8.47	6.4	100	62220	6.4	2940	0	0	0	0	6.4	5.8	6.07	0	0	0	
ACB	28	23	25.5	25.4	33640	25.5	26110	25.6	7500	0.1	0.39	25.6	100	649120	25.7	24100	25.8	94650	25.9	60240	25.9	25.2	25.53	1	0	0	
ACM	0.7	0.5	0.6	0.6	52020	0.7	76210	0	32450	0.1	16.67	0.7	110	179980	0	0	0	0	0	0	0.7	0.6	0.7	0	0	2471768	
ADC	15.8	13	14.4	13	1000	13.5	40	13.6	30	0.2	1.39	14.6	10	10	14.5	30	14.6	10	14.7	220	14.6	14.6	14.6	0	0	104819	
ALT	14.1	11.7	12.9	0	0	0	0	0	0	0	0	0	0	0	13	340	0	0	0	0	0	0	12.9	0	0	282665	
AMC	20.9	17.1	19	0	0	18	70	18.3	110	0	0	0	0	0	19.1	300	19.3	230	20.9	100	0	0	19	0	0	128530	
AME	8.3	6.9	7.6	0	0	0	0	7.2	200	0.1	1.32	7.7	100	110	7.8	10	7.9	10	0	0	7.7	7.7	7.7	0	10	1092650	
AMV	21.1	17.3	19.2	18.7	4250	18.8	3060	18.9	580	-0.3	-1.56	18.9	30	78930	19	3400	19.1	130	19.2	1400	19.1	18.7	18.84	1000	0	1764647	
API	12.1	9.9	11	0	0	0	0	0	0	-1.1	-10	9.9	10	120	10.1	10	10.2	170	10.9	10	10.6	9.9	10.25	20	0	177087	
APP	4.4	3.6	4	3.7	100	3.8	40	4	270	0	0	4	100	280	4.2	20	4.3	10	4.4	30	4	4	4	0	150	226471	
APS	2.9	2.5	2.7	0	0	0	0	2.5	530	-0.2	-7.41	2.5	20	3130	2.6	810	2.7	1430	2.8	2250	2.6	2.5	2.5	0	0	2750255	
ARM	30.3	24.9	27.6	0	0	0	0	25	20	0	0	0	0	0	0	0	0	0	0	0	0	0	27.6	0	0	126933	
ART	3.1	2.7	2.9	2.7	93820	2.8	92430	2.9	1030	0.1	3.45	3	90	238630	3	57930	3.1	160940	0	0	3	2.8	2.89	80	116	4239118	
ATS	29.3	24.1	26.7	0	0	0	0	0	0	0	0	0	0	0	26.7	10	0	0	0	0	0	0	26.7	0	0	171480	
BAX	48.1	39.5	43.8	41.1	40	41.5	10	41.6	10	0	0	0	0	0	43.6	30	43.7	10	44.5	10	0	0	43.8	0	0	387460	
BBS	12.8	10.6	11.7	0	0	0	0	0	0	0	0	0	0	0	0	0	0	0	0	0	0	0	11.7	0	0	291494	
BCC	8.5	7.1	7.8	7.5	4830	7.6	5960	7.7	4850	0	0	7.8	980	19270	7.8	20	7.9	2360	8	8350	8	7.7	7.84	0	0	4909606	
BCF	58.3	47.7	53	0	0	0	0	0	0	0	0	53	10	10	53	160	55.5	20	56	70	53	53	53	0	0	0	
BDB	11.8	9.8	10.8	0	0	0	0	0	0	0	0	0	0	0	0	0	0	0	0	0	0	0	10.8	0	0	55197	
BED	36.3	29.7	33	0	0	30	10	33	90	0	0	0	0	0	35	10	0	0	0	0	0	0	33	0	0	147000	
BII	1	0.8	0.9	0	0	0.8	15650	0.9	23210	0.1	11.11	1	100	256840	1	30490	0	0	0	0	1	0.9	1	2000	40000	2465175	
BKC	6.7	5.5	6.1	5.5	50	5.6	50	5.7	10	0	0	0	0	0	6.5	30	0	0	0	0	0	0	6.1	0	0	573668	
BLF	3.5	2.9	3.2	0	0	0	0	0	0	0	0	0	0	0	0	0	0	0	0	0	0	0	3.2	0	0	536148	
BPC	12.9	10.7	11.8	0	0	0	0	0	0	0	0	0	0	0	12	20	12.1	100	12.9	100	0	0	11.8	0	0	178873	
BSC	16.7	13.7	15.2	0	0	0	0	0	0	0	0	0	0	0	0	0	0	0	0	0	0	0	15.2	0	0	139186	
BST	14.8	12.2	13.5	0	0	12.2	50	13.5	100	0	0	13.5	30	130	14.8	80	0	0	0	0	13.5	13.5	13.5	0	0	53740	
BTS	4.5	3.7	4.1	3.9	10	4	600	4.1	20	0	0	4.1	40	190	4.5	220	0	0	0	0	4.3	4.1	4.21	0	0	5863673	
BTW	36.3	29.7	33	0	0	30.1	50	33	20	1.8	5.45	34.8	20	40	34.8	60	0	0	0	0	34.8	34.6	34.75	0	0	264611	
BVS	12.1	9.9	11	10.7	1390	10.8	210	10.9	10	0	0	11	10	18460	11	1040	11.1	1090	11.2	1680	11.2	10.6	10.76	3010	2000	1677607	
BXH	15.9	13.1	14.5	0	0	0	0	0	0	0	0	0	0	0	0	0	0	0	0	0	0	0	14.5	0	0	147589	
C69	6.6	5.4	6	6.4	530	6.5	160	6.6	380	0.6	10	6.6	200	43130	0	0	0	0	0	0	6.6	6	6.54	80	0	734420	
C92	4.1	3.5	3.8	3.7	50	3.8	570	3.9	190	0.1	2.63	3.9	10	370	4	600	0	0	0	0	3.9	3.8	3.89	0	0	258285	
CAG	94.4	77.4	85.9	0	0	0	0	0	0	0	0	0	0	0	77.4	50	85.9	30	94.4	30	0	0	85.9	0	0	676200	
CAN	25.8	21.2	23.5	21.2	20	21.5	50	21.6	20	0	0	0	0	0	24.5	10	25.8	20	0	0	0	0	23.5	0	0	123048	
CAP	31.7	26.1	28.9	28.5	260	28.6	50	28.7	10	-0.1	-0.35	28.8	250	680	28.9	50	29	420	29.1	130	29	28.6	28.72	0	0	248198	
CDN	22	18	20	18.2	1050	18.3	350	19.2	50	-0.2	-1	19.8	10	80	19.7	350	19.8	140	20	580	19.8	18.3	18.71	30	0	2739001	
CEO	10.3	8.5	9.4	10	42230	10.1	25510	10.2	10	0.9	9.57	10.3	3420	518230	10.3	119530	0	0	0	0	10.3	9.2	9.82	50	2510	8551132	
CET	2	1.8	1.9	0	0	1.8	330	1.9	1160	0	0	1.9	10	9660	0	0	0	0	0	0	2	1.9	2	0	0	296070	
CIA	12.8	10.6	11.7	11.4	230	11.5	360	11.6	130	0.1	0.85	11.8	200	840	11.8	70	11.9	380	12	280	12	11.7	11.76	0	0	565424	
CJC	16.9	13.9	15.4	0	0	0	0	13.9	10	0	0	0	0	0	15.4	320	16	560	0	0	0	0	15.4	0	0	194710	
CKV	13.2	10.8	12	11.3	40	11.4	1000	11.5	10	-0.7	-5.83	11.3	10	10	12	1250	12.2	20	12.4	20	11.3	11.3	11.3	0	0	145197	
CLH	19.1	15.7	17.4	16.9	200	17	120	17.1	20	0.2	1.15	17.6	10	110	17.6	230	17.7	100	19.1	400	17.6	17.2	17.24	0	0	488530	
CLM	18.7	15.3	17	0	0	0	0	15.3	10	0	0	0	0	0	17	40	0	0	0	0	0	0	17	0	0	0	
CMC	5.3	4.5	4.9	0	0	4.5	10	4.6	230	0	0	0	0	0	5.3	110	0	0	0	0	0	0	4.9	0	0	217430	
CMS	2.8	2.4	2.6	0	0	2.4	3380	2.5	550	0	0	2.6	10	2510	2.6	180	2.7	1510	2.8	1360	2.6	2.4	2.43	0	0	821746	
CPC	19.1	15.7	17.4	0	0	0	0	0	0	-0.5	-2.87	16.9	10	50	17	60	17.3	50	17.4	50	16.9	16	16.18	10	0	127866	
CSC	24.5	20.1	22.3	24.1	50	24.5	860	0	500	2.2	9.87	24.5	30	2040	0	0	0	0	0	0	24.5	22.2	23.48	0	0	942489	
CTB	32.1	26.3	29.2	29	500	29.1	60	29.2	20	1.8	6.16	31	10	110	30.8	100	31	120	32.1	100	31	29.2	29.36	0	0	586195	
CTC	3.6	3	3.3	0	0	0	0	0	0	0	0	0	0	0	0	0	0	0	0	0	0	0	3.3	0	0	430569	
CTP	4.2	3.6	3.9	0	0	3.6	2060	3.7	10	-0.1	-2.56	3.8	10	5100	3.8	790	3.9	1270	4	1020	3.8	3.6	3.68	0	0	583401	
CTT	10.5	8.7	9.6	9	100	9.1	10	9.6	990	0	0	9.6	10	10	10.5	200	0	0	0	0	9.6	9.6	9.6	0	0	228970	
CTX	9.9	8.1	9	8.7	70	8.8	60	8.9	320	0	0	9	10	1470	9	200	9.1	110	9.2	220	9	8.9	8.96	0	0	3865356	
CVN	12.2	10	11.1	10.9	110	11	140	11.1	500	0	0	11.1	30	1160	11.2	240	11.4	340	12	520	11.4	11.1	11.23	0	0	404110	
CX8	9.4	7.8	8.6	0	0	0	0	0	0	0	0	0	0	0	0	0	0	0	0	0	0	0	8.6	0	0	102786	
D11	39.8	32.6	36.2	35.5	40	35.8	180	35.9	220	-0.2	-0.55	36	50	3370	36	290	36.1	500	36.2	790	36.2	33.2	33.96	0	0	320422	
DAD	16.8	13.8	15.3	14.5	20	14.6	60	14.7	10	0	0	0	0	0	15.5	990	16	170	16.3	10	0	0	15.3	0	0	94360	
DAE	15.6	12.8	14.2	13.6	20	13.8	30	14	50	0	0	0	0	0	14.2	300	14.3	100	14.4	500	0	0	14.2	0	0	62422	
DBT	11.5	9.5	10.5	10.3	20	10.4	500	10.5	200	0	0	0	0	0	10.9	500	11	350	11.5	100	0	0	10.5	0	0	0	
DC2	6.8	5.6	6.2	0	0	6.1	1000	6.2	350	0	0	0	0	0	6.7	550	0	0	0	0	0	0	6.2	0	0	123460	
DC4	15.4	12.6	14	0	0	0	0	0	0	0	0	0	0	0	13	300	13.6	110	13.8	30	0	0	14	0	0	1468583	
DDG	30.3	24.9	27.6	27.8	220	27.9	90	28	20	0.5	1.81	28.1	10	9010	28.1	90	28.2	150	28.3	290	28.2	27.4	27.83	0	0	1451980	
DGC	44.9	36.9	40.9	39.7	1560	39.8	310	39.9	250	-0.9	-2.2	40	60	53840	40	40	40.1	140	40.2	460	40.5	39.4	39.93	22	1470	6231363	
DHP	11	9	10	0	0	0	0	9.5	100	0	0	10	10	10	10.5	20	11	80	0	0	10	10	10	0	0	414397	
DHT	50	41	45.5	46.6	150	47	140	47.1	140	2.3	5.05	47.8	20	6260	47.8	70	47.9	200	48	370	48.9	45.5	46.59	100	40	969301	
DIH	17	14	15.5	0	0	0	0	0	0	0	0	0	0	0	15.2	30	15.3	30	15.5	100	0	0	15.5	0	0	293364	
DL1	18.7	15.3	17	0	0	0	0	0	0	0	0	0	0	0	17	50	18	180	0	0	0	0	17	0	0	4853751	
DNC	67.1	54.9	61	0	0	0	0	0	0	0	0	0	0	0	61	10	63.9	30	0	0	0	0	61	0	0	200552	
DNM	39.6	32.4	36	34.9	50	35	30	35.1	50	-0.5	-1.39	35.5	10	500	36	220	36.4	60	36.5	170	35.5	34.8	34.97	0	0	196636	
DNP	18.7	15.3	17	16.1	30	16.2	20	16.3	50	0	0	0	0	0	16.9	1420	17	1880	17.2	300	0	0	17	0	0	3023288	
DP3	76.8	63	69.9	66	260	66.8	20	67	420	-2.9	-4.15	67	100	1870	68	100	68.8	250	69.8	10	69.9	67	68.25	0	10	417444	
DPC	11.5	9.5	10.5	9.5	1050	9.6	70	9.8	10	0	0	0	0	0	10.9	10	11	20	11.5	20	0	0	10.5	0	0	106768	
DPS	0.3	0.1	0.2	0	0	0	0	0	0	0	0	0	0	0	0	0	0	0	0	0	0	0	0.2	0	0	1511121	
DS3	3.9	3.3	3.6	3.4	970	3.5	460	3.6	1410	0.1	2.78	3.7	10	8200	3.7	3070	3.8	3810	3.9	8010	3.7	3.6	3.61	0	0	520956	
DST	6	5	5.5	5.9	17510	6	48080	0	16780	0.5	9.09	6	200	52830	0	0	0	0	0	0	6	5.1	5.89	0	0	155	
DTD	13.6	11.2	12.4	12.1	2040	12.2	1260	12.3	20	0.1	0.81	12.5	80	9180	12.5	980	12.6	1480	12.7	450	12.5	12.1	12.27	50	0	1203229	
DXP	11.1	9.1	10.1	9.8	370	9.9	100	10	200	0	0	10.1	40	680	10.1	90	10.2	570	10.3	400	10.1	10	10.04	0	0	282033	
DZM	3.7	3.1	3.4	3.6	900	3.7	7220	0	3620	0.3	8.82	3.7	40	13090	0	0	0	0	0	0	3.7	3.4	3.67	880	200	205169	
EBA	9.9	8.1	9	0	0	9	20	9.9	50	0	0	0	0	0	0	0	0	0	0	0	0	0	9	0	0	1550000	
EBS	7.7	6.3	7	6.6	90	6.8	420	6.9	200	-0.2	-2.86	6.8	90	810	7.2	40	7.5	50	7.6	50	7	6.8	6.95	100	0	414450	
ECI	15.9	13.1	14.5	0	0	0	0	13.2	10	-1.3	-8.97	13.2	10	10	0	0	0	0	0	0	13.2	13.2	13.2	0	0	81210	
EID	11.9	9.9	10.9	10.6	430	10.7	2260	10.8	460	0	0	10.9	10	1390	11	420	11.2	10	11.3	470	10.9	10.9	10.9	0	0	387405	
EVS	8.2	6.8	7.5	6.8	1610	6.9	1730	7	50	0	0	7.5	10	380	7.5	2050	8	100	8.1	10	7.5	7	7.11	0	0	6000040	
FDT	42.6	35	38.8	0	0	0	0	0	0	0	0	0	0	0	0	0	0	0	0	0	0	0	38.8	0	0	149670	
FID	1	0.8	0.9	0.9	11470	1	3000	0	210	0.1	11.11	1	1290	18900	0	0	0	0	0	0	1	0.9	0.98	0	0	1151466	
GDW	27.5	22.5	25	22.5	10	22.6	300	23	50	-0.5	-2	24.5	10	10	24.5	280	27.5	670	0	0	24.5	24.5	24.5	0	0	415360	
GKM	19.8	16.2	18	17.2	580	17.3	220	17.4	130	0	0	18	30	39920	18	920	18.1	830	18.2	720	18	17.5	17.56	0	0	729301	
GLT	21.7	17.9	19.8	18.2	40	18.3	20	18.4	10	1.5	7.58	21.3	10	10	21.4	100	21.7	60	0	0	21.3	21.3	21.3	10	0	247732	
GMX	25.8	21.2	23.5	21.5	20	21.6	10	23.5	20	0	0	0	0	0	25.8	10	0	0	0	0	0	0	23.5	0	0	250114	
HAD	15	12.4	13.7	13.7	1000	13.8	840	13.9	60	0.2	1.46	13.9	10	730	14	170	14.1	10	14.2	20	14	13.8	13.98	0	0	157449	
HAT	21.4	17.6	19.5	19.3	10	19.4	110	19.5	100	0.1	0.51	19.6	60	160	20	80	20.9	100	21	100	19.6	19.6	19.6	0	0	129692	
HBE	7.7	6.3	7	0	0	0	0	6.3	10	0	0	0	0	0	0	0	0	0	0	0	0	0	7	0	0	62866	
HBS	2.3	1.9	2.1	0	0	1.9	2300	2	510	0	0	2.1	500	1000	2.1	3000	2.2	100	2.3	6130	2.1	2.1	2.1	0	0	1594625	
HCC	12.4	10.2	11.3	11	410	11.1	300	11.2	640	-0.1	-0.88	11.2	300	800	11.5	90	11.6	70	11.7	570	11.2	11.2	11.2	0	0	221140	
HCT	10.8	9	9.9	0	0	0	0	9	60	0.6	6.06	10.5	20	30	10.5	380	10.7	100	10.8	1020	10.8	10.5	10.6	10	0	44022	
HDA	9.9	8.1	9	8.5	1870	8.6	2240	8.7	1080	-0.2	-2.22	8.8	500	28240	8.8	570	8.9	1870	9	4460	9.1	8.7	8.86	0	0	498297	
HEV	13.9	11.5	12.7	0	0	0	0	0	0	-1.2	-9.45	11.5	10	10	13.5	20	13.9	1980	0	0	11.5	11.5	11.5	0	0	10644	
HGM	39.7	32.5	36.1	0	0	0	0	0	0	0	0	0	0	0	38	50	39	10	39.7	60	0	0	36.1	0	0	615040	
HHC	111.1	90.9	101	0	0	0	0	0	0	0	0	0	0	0	101	30	102	10	105	30	0	0	101	0	0	799044	
HHG	1.5	1.3	1.4	1.4	5520	1.5	8040	0	1000	0.1	7.14	1.5	50	26740	0	0	0	0	0	0	1.5	1.4	1.5	7020	0	1610658	
HHP	12.5	10.3	11.4	11	2650	11.1	1040	11.2	770	-0.2	-1.75	11.2	90	59360	11.3	290	11.4	1020	11.5	710	11.4	11.1	11.2	0	0	852293	
HJS	25.8	21.2	23.5	0	0	0	0	21.2	140	-2.3	-9.79	21.2	10	10	24.5	30	0	0	0	0	21.2	21.2	21.2	0	0	1027132	
HKB	0.8	0.6	0.7	0	0	0.6	92770	0.7	56840	0	0	0.7	1310	22850	0.8	79200	0	0	0	0	0.8	0.7	0.75	0	0	2461058	
HKT	6.1	5.1	5.6	5.1	210	5.6	20	6	10	0	0	5.6	480	2480	6.1	10	0	0	0	0	6.1	5.1	5.63	0	0	298207	
HLC	9	7.4	8.2	0	0	0	0	0	0	0	0	0	0	0	8.2	20	8.3	2970	8.5	1020	0	0	8.2	0	0	1102303	
HLD	21.7	17.9	19.8	20.3	50	20.5	100	20.7	90	0.9	4.55	20.7	100	10570	20.8	600	20.9	370	21	100	21.5	19.8	20.36	3010	5910	802034	
HLY	52.8	43.2	48	0	0	0	0	0	0	0	0	0	0	0	0	10	0	0	0	0	0	0	48	0	0	43044	
HMH	9.3	7.7	8.5	8.3	1000	8.4	20	8.5	730	0	0	0	0	0	8.9	30	9	160	9.3	760	0	0	8.5	0	0	391822	
HNM	4.9	4.1	4.5	0	0	0	0	0	0	0	0	0	0	0	0	0	0	0	0	0	0	0	4.5	0	0	963835	
HOM	3.6	3	3.3	3.1	4900	3.2	620	3.3	140	0.1	3.03	3.4	10	2930	3.4	3800	3.5	2540	3.6	20	3.4	3.2	3.28	0	0	3454640	
HPM	14.1	11.7	12.9	0	0	0	0	0	0	0	0	0	0	0	11.7	90	12.9	80	0	0	0	0	12.9	0	0	179520	
HTC	26.2	21.6	23.9	0	0	21.6	100	23.1	200	0	0	0	0	0	26	10	0	0	0	0	0	0	23.9	0	0	524030	
HTP	12.1	9.9	11	9.9	320	10	110	10.1	90	0	0	0	0	0	0	0	0	0	0	0	0	0	11	0	0	88044	
HUT	2.7	2.3	2.5	2.4	177470	2.5	137130	2.6	131480	0.2	8	2.7	80	702510	2.7	183110	0	0	0	0	2.7	2.4	2.6	0	5100	12123391	
HVT	38	31.2	34.6	32.5	30	33	10	35	40	2.4	6.94	37	10	10	37	10	0	0	0	0	37	37	37	0	0	518626	
ICG	6	5	5.5	5.5	180	5.7	60	5.8	570	0.4	7.27	5.9	20	4250	5.9	730	6	950	0	0	5.9	5.5	5.67	3870	0	837644	
IDC	21	17.2	19.1	18.8	450	18.9	530	19	1220	0.1	0.52	19.2	10	1270	19.2	10	19.5	580	19.7	40	19.2	19	19.02	0	0	14608357	
IDJ	16.5	13.5	15	14.7	10	14.9	1230	15	540	0.1	0.67	15.1	200	47040	15.1	270	15.2	360	15.3	1150	15.8	15	15.33	0	0	1449835	
IDV	41.6	34.2	37.9	37	220	37.1	230	37.2	40	-0.1	-0.26	37.8	10	730	37.9	20	38	50	38.2	100	38	37	37.77	270	0	633501	
INC	8.8	7.2	8	0	0	7.2	100	8	20	0	0	0	0	0	8.8	190	0	0	0	0	0	0	8	0	0	98000	
INN	27.7	22.7	25.2	24.8	600	24.9	300	25	20	-0.2	-0.79	25	480	2540	25.2	300	25.3	30	25.4	10	25.1	25	25.06	300	0	704431	
ITQ	2.8	2.4	2.6	0	0	2.4	3990	2.5	2220	0	0	2.6	20	1900	2.6	3980	2.7	5650	2.8	9420	2.6	2.5	2.55	0	0	1165471	
IVS	7.7	6.3	7	6.5	100	6.7	290	6.8	130	-0.1	-1.43	6.9	40	1070	7	230	7.1	990	7.2	200	7.1	6.8	6.89	250	210	1644373	
KDM	2.2	1.8	2	1.8	1540	1.9	5310	2	1320	0.1	5	2.1	10	3550	2.1	390	2.2	1520	0	0	2.1	2	2	0	0	345583	
KHS	15.6	12.8	14.2	0	0	0	0	0	0	0	0	14.2	10	10	14.5	80	15	700	15.5	10	14.2	14.2	14.2	0	0	584756	
KKC	6.2	5.2	5.7	5.4	500	5.5	610	5.6	490	0.3	5.26	6	10	780	6	590	6.1	300	0	0	6	5.5	5.51	0	0	207548	
KLF	2.2	1.8	2	1.8	321950	1.9	273610	2	107890	0.1	5	2.1	100	370010	2.1	129160	2.2	378900	0	0	2.1	1.9	2.01	370	0	7977885	
KMT	8.2	6.8	7.5	0	0	0	0	0	0	0	0	0	0	0	8.1	100	8.2	720	0	0	0	0	7.5	0	0	482411	
KSD	7.7	6.3	7	0	0	0	0	0	0	-0.2	-2.86	6.8	110	130	6.8	1240	7	750	7.2	10	6.8	6.8	6.8	0	0	579770	
KSQ	2.4	2	2.2	2.2	400	2.3	680	0	130	0.2	9.09	2.4	100	28330	0	0	0	0	0	0	2.4	2.1	2.36	0	0	1457160	
KST	21.4	17.6	19.5	0	0	0	0	0	0	0	0	0	0	0	19	20	19.5	70	21.4	50	0	0	19.5	0	0	144724	
KTS	10	8.2	9.1	0	0	8.2	30	8.3	10	-0.6	-6.59	8.5	90	90	9.7	10	0	0	0	0	8.5	8.5	8.5	0	0	192493	
KTT	4.5	3.7	4.1	0	0	0	0	0	0	0	0	0	0	0	4.5	10	0	0	0	0	0	0	4.1	0	0	143424	
KVC	1	0.8	0.9	0.8	109690	0.9	69110	0	240	0.1	11.11	1	10	129510	0	0	0	0	0	0	1	0.9	1	0	18910	2270320	
L14	81.6	66.8	74.2	73.9	170	74	60	74.5	10	0.7	0.94	74.9	20	5910	74.9	130	75	260	75.2	390	78	74.2	75.43	0	0	904963	
L18	8	6.6	7.3	0	0	6.6	100	6.7	30	0	0	0	0	0	8	300	0	0	0	0	0	0	7.3	0	0	1124694	
L35	7.5	6.3	6.9	0	0	0	0	6.3	140	0.2	2.9	7.1	10	10	7.2	10	7.5	110	0	0	7.1	7.1	7.1	0	0	159972	
L43	2.9	2.5	2.7	0	0	0	0	0	0	0	0	0	0	0	2.6	50	2.7	40	2.9	150	0	0	2.7	0	0	171450	
L61	14.1	11.7	12.9	0	0	0	0	0	0	0	0	0	0	0	11.7	60	12.9	170	13	20	0	0	12.9	0	0	0	
L62	7.7	6.3	7	0	0	0	0	0	0	0	0	0	0	0	7.7	130	0	0	0	0	0	0	7	0	0	0	
LAS	7.2	6	6.6	6.3	3550	6.4	3260	6.5	760	-0.1	-1.52	6.5	50	15960	6.6	3380	6.7	8040	6.8	5290	6.6	6.4	6.48	0	0	5323166	
LBE	41.4	34	37.7	0	0	0	0	0	0	0	0	0	0	0	0	0	0	0	0	0	0	0	37.7	0	0	53330	
LCD	7.4	6.2	6.8	0	0	0	0	6.2	100	0	0	0	0	0	0	0	0	0	0	0	0	0	6.8	0	0	73500	
LCS	2.2	1.8	2	0	0	1.8	30	1.9	1000	0	0	2	200	200	2.1	200	2.2	3630	0	0	2	2	2	0	0	372350	
LDP	20.9	17.1	19	18	10	18.2	10	18.3	10	0	0	0	0	0	19.3	10	19.4	10	20.5	1000	0	0	19	0	0	0	
LHC	77.9	63.9	70.9	68	70	70.5	90	70.9	50	0.6	0.85	71.5	100	1910	71.5	180	71.8	40	72	200	71.5	70.9	71.2	490	210	94386	
LIG	3.4	2.8	3.1	3	13390	3.1	11330	3.2	3320	0.2	6.45	3.3	20	14630	3.3	5950	3.4	5030	0	0	3.3	3.2	3.23	0	0	2135793	
LM7	3.3	2.7	3	0	0	2.7	120	2.8	110	0	0	3	10	860	3	330	3.2	300	3.3	280	3.3	3	3.17	110	0	244540	
LO5	1.3	1.1	1.2	1.2	9340	1.3	90360	0	32560	0.1	8.33	1.3	30	30	0	0	0	0	0	0	1.3	1.3	1.3	0	0	250399	
LUT	2.2	1.8	2	0	0	0	0	1.8	380	0.2	10	2.2	10	460	2.2	240	0	0	0	0	2.2	1.8	1.81	0	0	732722	
MAC	5.2	4.4	4.8	0	0	4.4	120	4.5	260	0	0	0	0	0	4.8	110	4.9	900	5	1000	0	0	4.8	0	0	717154	
MAS	39.6	32.4	36	35.6	150	35.7	40	36.1	200	0.5	1.39	36.5	30	280	37	10	37.9	10	38	190	36.5	36.5	36.5	0	0	164502	
MBG	6.8	5.6	6.2	5.8	11350	5.9	9800	6	5870	-0.1	-1.61	6.1	270	135640	6.1	4990	6.2	17260	6.3	14630	6.3	5.9	6	0	0	2110847	
MBS	12.4	10.2	11.3	11.5	370	11.6	380	11.7	640	0.4	3.54	11.7	500	31390	11.8	30	11.9	7200	12	6170	11.9	11.1	11.59	0	0	8044879	
MCC	12.9	10.7	11.8	0	0	0	0	0	0	-0.8	-6.78	11	10	50	12.9	100	0	0	0	0	12.9	11	12.52	0	0	240366	
MCF	9.9	8.1	9	0	0	8.1	30	8.2	30	0	0	0	0	0	9	250	9.1	350	9.3	50	0	0	9	0	0	426487	
MCO	2.9	2.5	2.7	0	0	0	0	2.5	70	0.1	3.7	2.8	10	30	2.7	200	2.8	250	2.9	430	2.8	2.7	2.73	0	0	192771	
MDC	7.3	6.1	6.7	6.2	50	6.7	110820	6.8	500	0.6	8.96	7.3	80	110	0	0	0	0	0	0	7.3	7.3	7.3	0	0	676439	
MED	49.5	40.5	45	0	0	42.3	20	42.4	10	0	0	0	0	0	44	20	44.9	30	45	310	0	0	45	0	0	307654	
MEL	9.6	8	8.8	0	0	0	0	0	0	0	0	0	0	0	8.5	70	0	0	0	0	0	0	8.8	0	0	734870	
MHL	5	4.2	4.6	0	0	0	0	0	0	0	0	0	0	0	4.6	1970	0	0	0	0	0	0	4.6	0	0	260423	
MIM	13.5	11.1	12.3	0	0	0	0	0	0	0	0	0	0	0	11.1	350	0	0	0	0	0	0	12.3	0	0	165835	
MKV	11	9	10	0	0	0	0	0	0	0	0	0	0	0	10	130	11	20	0	0	0	0	10	0	0	221284	
MPT	1.5	1.3	1.4	1.4	4150	1.5	11930	0	5350	0.1	7.14	1.5	100	26740	0	0	0	0	0	0	1.5	1.5	1.5	0	500	821984	
MSC	17.6	14.4	16	0	0	0	0	0	0	1.6	10	17.6	30	30	0	0	0	0	0	0	17.6	17.6	17.6	0	0	1102500	
MST	3.4	2.8	3.1	3	41360	3.1	39090	3.2	3550	0.2	6.45	3.3	1000	204110	3.3	62590	3.4	71190	0	0	3.3	3	3.19	360	120	1723969	
NAG	5.9	4.9	5.4	5.1	4300	5.2	190	5.3	560	0.1	1.85	5.5	10	5880	5.5	990	5.6	380	5.8	500	5.5	5.1	5.22	0	0	709837	
NAP	14.3	11.7	13	0	0	0	0	0	0	0	0	0	0	0	0	0	0	0	0	0	0	0	13	0	0	1054342	
NBC	7	5.8	6.4	6.2	200	6.3	2210	6.4	6730	0	0	6.4	300	6900	6.5	2200	6.6	1550	6.7	230	6.5	6.4	6.4	0	0	1525350	
NBP	11.7	9.7	10.7	10.7	500	11	50	11.5	10	0.9	8.41	11.6	10	20	11.7	10	0	0	0	0	11.6	11.6	11.6	0	0	530279	
NBW	25.3	20.7	23	21.4	200	21.5	100	21.6	20	0	0	0	0	0	23	50	23.9	150	24	200	0	0	23	0	0	225960	
NDN	20.4	16.8	18.6	18.4	1740	18.5	760	18.6	2820	0.1	0.54	18.7	100	45130	18.7	180	18.8	1560	18.9	5510	20	18	18.56	0	0	2319657	
NDX	14.6	12	13.3	13	300	13.1	200	13.2	940	-0.1	-0.75	13.2	60	700	13.3	720	13.4	200	13.5	200	13.2	13.2	13.2	0	0	283841	
NET	52.2	42.8	47.5	44.2	260	44.3	100	44.4	100	0.5	1.05	48	10	20	48.1	500	49	2800	50	90	48	44.2	46.1	0	0	1080066	
NFC	6.2	5.2	5.7	0	0	0	0	0	0	0	0	0	0	0	0	0	0	0	0	0	0	0	5.7	0	0	770591	
NGC	2.9	2.5	2.7	0	0	0	0	0	0	-0.1	-3.7	2.6	10	70	2.6	210	2.7	10	2.8	390	2.6	2.5	2.53	0	0	81496	
NHA	13	10.8	11.9	11	640	11.1	20	11.4	1000	-0.3	-2.52	11.6	10	11120	11.6	240	11.8	220	11.9	430	11.9	10.8	11.1	0	0	720794	
NHC	37.4	30.6	34	0	0	30.6	50	30.7	10	0.3	0.88	34.3	10	20	34.3	80	34.4	50	34.5	50	34.3	30.6	32.45	0	10	97067	
NHP	0.6	0.4	0.5	0.5	4940	0.6	123450	0	6270	0.1	20	0.6	10	107340	0	0	0	0	0	0	0.6	0.5	0.56	30050	0	1304388	
NRC	11.5	9.5	10.5	10.1	200	10.2	2580	10.3	320	-0.2	-1.9	10.3	880	15740	10.4	840	10.5	1150	10.6	1420	10.9	10.2	10.64	0	490	671185	
NSH	1.6	1.4	1.5	0	0	1.4	6040	1.5	9100	0.1	6.67	1.6	20	7370	1.6	10340	0	0	0	0	1.6	1.5	1.54	0	0	1010118	
NST	18.4	15.2	16.8	0	0	0	0	0	0	0	0	0	0	0	15.2	12300	18.4	50	0	0	0	0	16.8	0	0	448674	
NTH	31.2	25.6	28.4	0	0	26	50	27	60	0	0	0	0	0	28	50	28.3	450	28.4	500	0	0	28.4	0	0	529300	
NTP	42	34.4	38.2	37.6	300	37.7	470	37.8	40	0.3	0.79	38.5	150	5140	38.3	150	38.5	1210	38.8	500	38.5	37.7	38.17	3680	0	2961515	
NVB	9.6	8	8.8	8.5	10160	8.6	4280	8.7	1510	0	0	8.8	40	164140	8.8	3950	8.9	7050	9	3160	8.8	8.6	8.67	150	0	10469183	
OCH	10.5	8.7	9.6	0	0	0	0	0	0	0.6	6.25	10.2	10	120	10.2	40	10.5	280	0	0	10.2	8.7	10.03	0	0	9799570	
ONE	4.1	3.5	3.8	0	0	3.5	600	3.6	1120	0.1	2.63	3.9	10	560	3.9	350	4	200	4.1	1200	3.9	3.6	3.76	0	0	321596	
PBP	7.9	6.5	7.2	0	0	0	0	6.5	510	0.7	9.72	7.9	10	10	7.6	10	7.7	420	7.8	530	7.9	7.9	7.9	0	0	230901	
PCE	13.7	11.3	12.5	0	0	0	0	13.3	1420	0.8	6.4	13.3	30	30	13.6	10	13.7	110	0	0	13.3	13.3	13.3	0	0	450880	
PCG	5.5	4.5	5	0	0	0	0	4.5	880	-0.5	-10	4.5	50	150	5	350	0	0	0	0	4.9	4.5	4.71	0	0	29828	
PCT	6	5	5.5	0	0	5	500	5.3	70	-0.2	-3.64	5.3	20	390	5.5	140	0	0	0	0	5.5	5.3	5.48	0	0	1099770	
PDB	8.6	7.2	7.9	7.6	10	7.7	20	7.8	60	0.1	1.27	8	10	110	8	2090	8.1	50	8.3	50	8	7.9	7.92	0	10	357877	
PDC	7.8	6.4	7.1	0	0	0	0	0	0	0	0	0	0	0	6.4	1190	6.8	90	7	80	0	0	7.1	0	0	734590	
PEN	5.5	4.5	5	0	0	0	0	0	0	0	0	0	0	0	0	0	0	0	0	0	0	0	5	0	0	245000	
PGN	10.4	8.6	9.5	9.3	50	9.4	70	9.5	100	0.9	9.47	10.4	10	2260	10.4	120	0	0	0	0	10.4	9.5	9.59	0	0	160060	
PGS	17.4	14.4	15.9	15.4	310	15.5	470	15.6	100	-0.4	-2.52	15.5	190	3170	15.7	1020	15.8	220	15.9	2620	15.9	15.5	15.64	0	1500	2017337	
PGT	4.6	3.8	4.2	0	0	3.8	500	3.9	10	0.4	9.52	4.6	10	10	4.6	250	0	0	0	0	4.6	4.6	4.6	10	0	11392	
PHN	29.5	24.3	26.9	25	20	26	500	26.1	40	0	0	0	0	0	27	220	27.5	50	28	10	0	0	26.9	0	0	8	
PHP	10.7	8.9	9.8	9.5	110	9.6	100	9.7	80	0	0	9.8	300	340	10	3320	10.1	130	10.2	50	9.8	9.8	9.8	0	0	16010507	
PIA	28.6	23.4	26	25	10	25.2	110	25.3	10	-0.7	-2.69	25.3	10	20	26.9	660	27	10	27.8	10	25.3	25.3	25.3	0	0	158533	
PIC	9.1	7.5	8.3	7.8	50	8.3	40	8.4	270	0	0	0	0	0	9	50	9.1	170	0	0	0	0	8.3	0	0	1633642	
PJC	27.2	22.4	24.8	0	0	0	0	0	0	0	0	0	0	0	27	30	27.2	90	0	0	0	0	24.8	0	0	351308	
PLC	18.2	15	16.6	16.4	4560	16.5	4740	16.6	700	0	0	16.6	100	25050	16.7	1000	16.8	2450	16.9	1540	16.7	16.3	16.51	800	0	3893997	
PMB	10.2	8.4	9.3	0	0	0	0	0	0	0.1	1.08	9.4	10	10	9.4	190	9.5	350	9.8	100	9.4	9.4	9.4	0	0	461550	
PMC	60.2	49.4	54.8	50	20	50.4	10	50.7	10	-2	-3.65	52.8	10	70	52.9	20	53.1	20	53.3	50	53.5	50.7	52.1	30	0	254007	
PMP	9	7.4	8.2	8.2	40	8.3	10	8.5	10	0	0	0	0	0	8.9	10	9	120	0	0	0	0	8.2	0	0	203380	
PMS	15.2	12.6	13.9	0	0	12.7	10	12.8	50	-1.1	-7.91	12.8	60	60	13.9	100	14	350	14.3	30	12.8	12.8	12.8	0	0	315545	
POT	15.6	12.8	14.2	0	0	0	0	0	0	0.1	0.7	14.3	10	90	14.4	10	14.5	200	14.8	20	14.8	13	13.34	0	70	950232	
PPE	7.2	6	6.6	0	0	0	0	0	0	0	0	6.6	20	30	7	50	7.2	40	0	0	6.6	6.6	6.6	0	0	97470	
PPP	16.5	13.5	15	13.5	110	13.6	20	13.9	10	0.6	4	15.6	100	240	15.6	50	15.8	130	16	50	16.4	15.5	15.7	0	0	423057	
PPS	8.1	6.7	7.4	6.7	20	6.8	130	6.9	10	0	0	7.4	150	170	7.3	10	7.4	1300	7.7	10	7.9	6.7	7.39	150	10	193008	
PPY	29	23.8	26.4	0	0	0	0	0	0	0	0	0	0	0	26.3	10	0	0	0	0	0	0	26.4	0	0	403666	
PRC	10.4	8.6	9.5	0	0	0	0	0	0	0	0	0	0	0	0	0	0	0	0	0	0	0	9.5	0	0	58680	
PSC	18.5	15.3	16.9	0	0	0	0	0	0	0	0	0	0	0	16.8	20	16.9	160	17.9	10	0	0	16.9	0	0	350363	
PSD	10.2	8.4	9.3	9.1	330	9.2	70	9.3	200	0.2	2.15	9.5	10	210	9.5	20	9.7	50	9.8	50	9.5	9.5	9.5	0	0	1444807	
PSE	7.9	6.5	7.2	0	0	0	0	0	0	0	0	0	0	0	7.3	50	7.4	10	7.5	10	0	0	7.2	0	0	556000	
PSI	2.8	2.4	2.6	0	0	0	0	2.6	30	0.1	3.85	2.7	10	10	2.7	330	2.8	30	0	0	2.7	2.7	2.7	0	0	2039480	
PSW	8	6.6	7.3	0	0	0	0	0	0	0	0	0	0	0	8	10	0	0	0	0	0	0	7.3	0	0	817950	
PTD	17.8	14.6	16.2	0	0	0	0	0	0	0	0	0	0	0	0	0	0	0	0	0	0	0	16.2	0	0	85872	
PTI	18.9	15.5	17.2	17	1540	17.2	110	17.3	120	0.8	4.65	18	10	840	18	90	18.5	20	18.8	30	18	17.2	17.42	0	740	913215	
PTS	5.8	4.8	5.3	4.9	300	5	100	5.1	90	-0.2	-3.77	5.1	10	10	5.3	360	5.4	130	5.8	630	5.1	5.1	5.1	0	0	260283	
PV2	2.8	2.4	2.6	0	0	0	0	2.5	100	0	0	2.6	10	10	2.6	990	2.8	350	0	0	2.6	2.6	2.6	0	0	1828500	
PVB	17.7	14.5	16.1	16.1	930	16.2	300	16.3	130	0.3	1.86	16.4	70	20400	16.4	100	16.5	2120	16.6	110	16.5	15.9	16.17	0	0	1052591	
PVC	6.4	5.4	5.9	6.3	5100	6.4	35890	0	19370	0.5	8.47	6.4	10	85130	0	0	0	0	0	0	6.4	5.9	6.18	0	0	1892592	
PVG	7.7	6.3	7	6.8	700	6.9	1350	7	290	0	0	7	10	6020	7.1	4450	7.2	1370	7.5	200	7.1	7	7.01	0	0	1762139	
PVI	33.9	27.9	30.9	31	690	31.1	1210	31.2	360	0.5	1.62	31.4	10	11020	31.4	490	31.5	2070	31.6	500	31.9	30.5	31.23	0	40	10693767	
PVL	1.5	1.3	1.4	1.3	1610	1.4	1300	1.5	1200	0.1	7.14	1.5	20	2710	0	0	0	0	0	0	1.5	1.5	1.5	0	0	2396999	
PVS	15	12.4	13.7	13.3	27870	13.4	77770	13.5	54220	-0.1	-0.73	13.6	210	688780	13.6	48790	13.7	7810	13.8	25900	13.8	13.4	13.61	0	51270	17731628	
QHD	23.9	19.7	21.8	19.8	10	20.2	10	20.3	90	1.1	5.05	22.9	10	30	23.2	10	23.3	50	23.4	100	23.2	20.3	22.13	0	0	267540	
QNC	3.5	2.9	3.2	2.9	210	3	90	3.1	560	0	0	3.2	50	80	3.4	30	3.5	570	0	0	3.4	3.1	3.24	0	0	968113	
QST	12.7	10.5	11.6	0	0	0	0	0	0	0	0	0	0	0	0	0	0	0	0	0	0	0	11.6	0	0	79380	
QTC	18.7	15.3	17	16.5	10	16.6	10	16.7	10	0	0	0	0	0	17	600	18	30	18.5	40	0	0	17	0	0	49296	
RCL	20.3	16.7	18.5	0	0	0	0	0	0	0	0	0	0	0	18.5	1070	20.3	200	0	0	0	0	18.5	0	0	479971	
S55	25.3	20.7	23	21.5	10	21.6	30	22.5	70	-1.6	-6.96	21.4	100	100	23.5	10	25	100	0	0	21.4	21.4	21.4	0	0	485782	
S74	4.7	3.9	4.3	0	0	0	0	4	10	0	0	4.3	100	100	0	0	0	0	0	0	4.3	4.3	4.3	0	0	308588	
S99	12.3	10.1	11.2	12.2	1800	12.3	30120	0	15360	1.1	9.82	12.3	100	71240	0	0	0	0	0	0	12.3	12	12.27	0	10	2535949	
SAF	50.2	41.2	45.7	41.2	50	42.1	20	42.2	40	0	0	0	0	0	50.1	10	50.2	10	0	0	0	0	45.7	0	0	359604	
SCI	17.3	14.3	15.8	15.5	200	15.6	300	15.7	150	0	0	15.8	100	1540	15.9	420	16	320	16.2	430	15.8	15.7	15.79	0	0	592894	
SD2	7.9	6.5	7.2	0	0	0	0	6.5	1000	0	0	7.2	10	20	7.2	490	7.6	130	7.7	70	7.2	7.2	7.2	0	0	619005	
SD4	3.9	3.3	3.6	3.4	100	3.5	530	3.6	30	0	0	3.6	30	30	3.8	190	3.9	20	0	0	3.6	3.6	3.6	0	0	465546	
SD5	5.6	4.6	5.1	4.8	30	4.9	500	5	280	0.1	1.96	5.2	10	160	5.2	790	5.3	290	5.4	190	5.3	5	5.06	20	0	1024329	
SD6	2.8	2.4	2.6	2.6	690	2.8	3640	0	2060	0.2	7.69	2.8	270	31330	0	0	0	0	0	0	2.8	2.6	2.76	0	17200	1227394	
SD9	5.3	4.5	4.9	4.8	1290	4.9	2410	5	2950	0.2	4.08	5.1	500	18810	5.1	1370	5.2	1590	5.3	270	5.1	4.8	5	0	0	1440431	
SDA	3.4	2.8	3.1	0	0	2.8	100	3	440	-0.1	-3.23	3	120	3960	3.3	2010	3.4	540	0	0	3.3	3	3.29	0	0	0	
SDC	17.8	14.6	16.2	0	0	0	0	0	0	0	0	0	0	0	15	40	16.8	20	17	20	0	0	16.2	0	0	107978	
SDG	39.1	32.1	35.6	0	0	0	0	0	0	0	0	0	0	0	0	0	0	0	0	0	0	0	35.6	0	0	330987	
SDN	32.2	26.4	29.3	0	0	0	0	0	0	0	0	0	0	0	31	510	0	0	0	0	0	0	29.3	0	0	36143	
SDT	3.9	3.3	3.6	3.4	40	3.6	2160	0	70	0.3	8.33	3.9	80	21060	0	0	0	0	0	0	3.9	3.6	3.85	360	0	1715626	
SDU	7.4	6.2	6.8	0	0	6.2	20	6.5	250	0	0	0	0	0	0	0	0	0	0	0	0	0	6.8	0	0	977790	
SEB	33.9	27.9	30.9	28.5	20	29.3	50	29.5	10	0.1	0.32	31	200	200	31	30	31.2	300	31.3	500	31	31	31	0	0	1564244	
SED	15.4	12.6	14	13.6	140	13.7	140	14	250	0	0	0	0	0	14.5	50	14.8	10	15	10	0	0	14	0	0	337209	
SFN	27.7	22.7	25.2	0	0	0	0	22.7	10	0	0	0	0	0	27.7	10	0	0	0	0	0	0	25.2	0	0	144576	
SGC	64.7	53.1	58.9	57	20	57.1	10	57.2	10	-0.3	-0.51	58.6	10	30	60	10	64.4	10	64.5	10	58.7	58.6	58.67	0	0	343746	
SGD	11	9	10	0	0	9	50	9.7	150	0.8	8	10.8	10	60	10.9	100	11	50	0	0	10.8	9.7	9.88	0	0	196843	
SGH	41.6	34.2	37.9	0	0	34.3	20	38	30	0.1	0.26	38	10	50	39	10	41.6	50	0	0	38	38	38	0	0	600250	
SHB	17.7	14.5	16.1	15.9	9760	16	17750	16.1	8320	0.1	0.62	16.2	60	486290	16.2	12970	16.3	30240	16.4	60170	16.4	15.8	16.11	10180	30353	44174426	
SHE	20.9	17.1	19	17.5	10	18	160	18.1	80	0	0	19	100	200	19.2	100	19.5	160	19.9	200	19	19	19	100	0	228840	
SHN	7.3	6.1	6.7	6.4	60	6.5	580	6.6	260	-0.1	-1.49	6.6	90	450	6.9	10	7	2160	7.1	300	6.8	6.6	6.64	0	0	6343684	
SHS	14.9	12.3	13.6	12.8	8500	12.9	4140	13	300	-0.6	-4.41	13	400	307030	13.1	120	13.2	4520	13.3	6440	13.6	12.7	13.14	60	18118	8729233	
SIC	8.9	7.3	8.1	7.5	50	7.9	100	8	300	0	0	8.1	200	200	8.1	130	8.2	240	8.9	10	8.1	8.1	8.1	0	0	1168848	
SJ1	24.7	20.3	22.5	0	0	0	0	0	0	-2.2	-9.78	20.3	20	20	20.3	30	22	70	22.5	20	20.3	20.3	20.3	0	0	1029806	
SJC	1	0.8	0.9	0	0	0	0	0	0	0	0	0	0	0	0	0	0	0	0	0	0	0	0.9	0	0	350709	
SJE	20.6	17	18.8	0	0	0	0	17.1	20	0	0	0	0	0	18.8	670	19	200	20	100	0	0	18.8	0	0	889096	
SLS	63	51.6	57.3	54.1	60	54.3	150	54.4	10	-2.8	-4.89	54.5	10	1330	56.5	20	57	50	57.1	10	56.9	54	54.48	0	0	443620	
SMN	9	7.4	8.2	7.4	110	7.5	20	7.6	10	0.3	3.66	8.5	10	10	8.5	90	8.6	110	8.9	20	8.5	8.5	8.5	0	0	211605	
SMT	13.3	10.9	12.1	0	0	0	0	0	0	0	0	0	0	0	11.9	100	12	1000	0	0	0	0	12.1	0	0	104756	
SPI	1.2	1	1.1	0	0	1	45610	1.1	19150	0	0	1.1	60	44260	1.2	38160	0	0	0	0	1.2	1	1.11	0	0	801505	
SRA	14.6	12	13.3	13.1	1240	13.2	900	13.3	180	0.1	0.75	13.4	10	7670	13.4	330	13.5	1230	13.6	2730	13.5	13	13.24	750	0	836880	
SSM	7.9	6.5	7.2	0	0	0	0	0	0	0	0	0	0	0	6.5	40	7.8	150	7.9	80	0	0	7.2	0	0	248263	
STC	17.7	14.5	16.1	0	0	14.6	40	14.9	200	-1.1	-6.83	15	10	10	15.9	20	16	10	16.1	10	15	15	15	0	0	245841	
STP	6.2	5.2	5.7	5.2	10	5.3	50	5.5	40	0	0	5.7	10	10	5.9	50	0	0	0	0	5.7	5.7	5.7	0	0	388193	
SVN	1.8	1.6	1.7	1.6	660	1.7	760	1.8	200	0.1	5.88	1.8	50	4860	0	0	0	0	0	0	1.8	1.7	1.77	0	250	860730	
SZB	30.5	25.1	27.8	26.9	30	27	250	27.2	90	0.5	1.8	28.3	10	5440	28.3	160	28.4	10	28.5	2060	28.3	26.9	27.48	0	0	1470000	
TA9	9.3	7.7	8.5	8.1	40	8.2	50	8.3	20	0	0	0	0	0	8.7	90	9.2	50	9.3	140	0	0	8.5	0	0	579042	
TAR	26.6	21.8	24.2	23.2	2350	23.3	1650	23.4	2080	-0.8	-3.31	23.4	50	41240	23.5	2460	23.6	870	23.7	600	24.1	23	23.38	1160	0	1712588	
TBX	24.5	20.1	22.3	0	0	0	0	0	0	0	0	0	0	0	20.2	40	21	10	0	0	0	0	22.3	0	0	73981	
TC6	4.6	3.8	4.2	3.9	100	4	520	4.1	250	0	0	4.2	420	1820	4.2	1400	4.3	1000	4.4	50	4.2	4.2	4.2	1100	0	1492591	
TCS	9.1	7.5	8.3	8	1390	8.1	300	8.2	260	0.1	1.2	8.4	20	2060	8.4	210	8.5	150	8.6	710	8.4	8.1	8.3	2	0	1178281	
TDN	6.4	5.4	5.9	5.6	1600	5.7	2290	5.8	450	0	0	5.9	10	7340	5.9	6830	6	2920	6.1	2370	5.9	5.8	5.82	2300	0	1433607	
TDT	11.4	9.4	10.4	10.2	220	10.3	430	10.4	150	0.1	0.96	10.5	10	5000	10.5	390	10.6	900	10.8	660	10.5	10.2	10.31	40	0	568371	
TET	33.2	27.2	30.2	0	0	0	0	0	0	0	0	0	0	0	0	0	0	0	0	0	0	0	30.2	0	0	279394	
TFC	4.9	4.1	4.5	4.3	100	4.4	60	4.5	1020	0.1	2.22	4.6	90	300	4.8	150	4.9	80	0	0	4.6	4.5	4.53	0	0	284949	
THB	10.8	9	9.9	0	0	9	100	9.4	50	0	0	9.9	190	330	9.9	10	10.2	10	10.5	90	9.9	9.9	9.9	0	0	512983	
THS	7.9	6.5	7.2	0	0	0	0	0	0	0	0	0	0	0	0	0	0	0	0	0	0	0	7.2	0	0	146790	
THT	8.8	7.2	8	7.6	10	7.8	230	7.9	270	0	0	8	10	7290	8	2380	8.1	3480	8.3	790	8	8	8	0	7120	726956	
TIG	7.5	6.3	6.9	7.1	13130	7.2	15450	7.3	16210	0.4	5.8	7.3	490	231600	7.4	29130	7.5	67490	0	0	7.4	6.7	6.93	17000	3020	2899528	
TJC	7.8	6.4	7.1	0	0	7.1	100	7.5	740	0.4	5.63	7.5	40	20220	0	0	0	0	0	0	7.8	7.5	7.5	0	0	419386	
TKC	4.5	3.7	4.1	0	0	0	0	3.7	120	-0.1	-2.44	4	10	1400	4	790	4.1	90	4.2	50	4	3.7	3.82	0	0	555989	
TKU	13.6	11.2	12.4	0	0	0	0	11.2	150	0.6	4.84	13	10	250	12.9	110	13	5630	13.6	10	13	11.2	11.42	210	0	53986	
TMB	13.2	10.8	12	11.6	500	11.8	100	12	330	0.1	0.83	12.1	50	170	12.1	300	12.4	30	12.8	50	12.2	12	12.09	0	0	734800	
TMC	12.9	10.7	11.8	0	0	0	0	10.7	20	0	0	11.8	50	50	11.8	150	12	50	0	0	11.8	11.8	11.8	0	0	596850	
TMX	15.4	12.6	14	0	0	0	0	12.6	10	0	0	0	0	0	15.4	20	0	0	0	0	0	0	14	0	0	245331	
TNG	15.9	13.1	14.5	14.2	9600	14.3	15700	14.4	17650	-0.1	-0.69	14.4	50	168300	14.5	90	14.6	3190	14.7	6940	14.9	14.3	14.5	0	1500	2772376	
TPH	9.3	7.7	8.5	0	0	0	0	7.8	200	0	0	0	0	0	0	0	0	0	0	0	0	0	8.5	0	0	98452	
TPP	14.6	12	13.3	0	0	0	0	0	0	0	0	0	0	0	0	0	0	0	0	0	0	0	13.3	0	0	971887	
TSB	7.7	6.3	7	0	0	0	0	0	0	0	0	0	0	0	0	0	0	0	0	0	0	0	7	0	0	330508	
TST	8.2	6.8	7.5	7.1	30	7.2	70	7.3	60	-0.2	-2.67	7.3	20	510	8	40	8.1	10	8.2	20	8.2	7.1	7.95	0	10	220670	
TTC	11.9	9.9	10.9	0	0	10	350	10.5	210	0	0	0	0	0	11.8	50	11.9	60	0	0	0	0	10.9	0	0	259298	
TTH	2.4	2	2.2	2	25910	2.1	22830	2.2	16670	0.1	4.55	2.3	390	36260	2.3	26310	2.4	11220	0	0	2.3	2.2	2.21	0	0	1796030	
TTL	7.1	5.9	6.5	0	0	0	0	6	500	0.1	1.54	6.6	20	30	6.6	530	6.9	100	7	100	7.1	6.6	6.77	0	0	2053472	
TTT	39.3	32.3	35.8	34.1	20	35.5	100	35.6	10	0	0	0	0	0	38	200	39	10	39.3	70	0	0	35.8	0	0	197490	
TTZ	2.2	1.8	2	1.8	1530	1.9	1900	2	2140	0.1	5	2.1	300	3380	2.1	320	2.2	2370	0	0	2.1	2	2.09	0	0	169012	
TV3	32.1	26.3	29.2	26.9	10	27	10	27.1	10	2.9	9.93	32.1	10	40	0	0	0	0	0	0	32.1	31.9	32.02	0	0	405465	
TV4	12.6	10.4	11.5	11	410	11.2	650	11.3	430	-0.1	-0.87	11.4	10	620	11.5	1060	11.6	340	12	520	11.5	11.3	11.33	0	0	774742	
TVC	28.3	23.3	25.8	0	0	0	0	0	0	-2.5	-9.69	23.3	80	49550	0	120	23.3	5110	24.7	430	25.8	23.3	23.51	0	0	1959758	
TVD	7.5	6.3	6.9	6.6	780	6.7	350	6.8	470	0	0	6.9	200	10520	6.9	2490	7	3200	7.1	3810	6.9	6.8	6.82	150	0	2190080	
TXM	2.9	2.5	2.7	0	0	2.5	1790	2.6	670	0	0	2.7	10	2180	2.8	10	2.9	230	0	0	2.7	2.6	2.6	10	0	221927	
UNI	4.6	3.8	4.2	0	0	3.8	6370	4	290	0	0	0	0	0	4.3	50	4.4	100	4.5	2900	0	0	4.2	0	0	739633	
V12	12.5	10.3	11.4	0	0	0	0	0	0	0	0	0	0	0	11.8	30	12.4	270	12.5	130	0	0	11.4	0	0	285032	
V21	6.2	5.2	5.7	0	0	0	0	0	0	-0.5	-8.77	5.2	20	110	5.9	10	6	30	6.1	40	6	5.2	5.59	0	0	587649	
VAT	1.7	1.5	1.6	0	0	0	0	0	0	0	0	0	0	0	0	0	0	0	0	0	0	0	1.6	0	0	199108	
VBC	22.9	18.9	20.9	0	0	0	0	18.9	20	2	9.57	22.9	20	290	0	0	0	0	0	0	22.9	20.9	22.56	0	0	349843	
VC1	13.9	11.5	12.7	0	0	0	0	0	0	-1.2	-9.45	11.5	20	50	11.5	70	12	140	12.7	110	11.5	11.5	11.5	0	0	557269	
VC2	13.4	11	12.2	0	0	11.3	30	11.5	210	-0.7	-5.74	11.5	100	310	13.3	30	13.4	30	0	0	13.3	11.5	11.56	0	0	730378	
VC3	18.1	14.9	16.5	16.2	950	16.3	670	16.4	250	0	0	16.5	20	23980	16.5	850	16.6	1100	16.7	1000	16.7	16.3	16.45	0	0	2988763	
VC6	8.3	6.9	7.6	0	0	0	0	0	0	0	0	7.6	50	350	7.6	170	7.8	20	0	0	7.6	7.6	7.6	0	0	311542	
VC7	5.8	4.8	5.3	0	0	4.8	440	4.9	10	0.3	5.66	5.6	100	310	5.7	110	5.8	180	0	0	5.6	5.3	5.58	0	0	1117840	
VC9	12.1	9.9	11	0	0	0	0	0	0	0	0	0	0	0	11	20	12.1	10	0	0	0	0	11	0	0	556625	
VCC	9.9	8.1	9	8.9	80	9	200	9.1	1200	0	0	0	0	0	9.8	250	9.9	200	0	0	0	0	9	0	0	587210	
VCG	27.7	22.7	25.2	24.8	150	24.9	1400	25	920	0	0	25.2	20	7470	25.2	350	25.3	300	25.4	120	25.2	24.9	25.04	0	0	21442549	
VCM	15.9	13.1	14.5	13.2	50	13.3	50	13.4	10	0	0	0	0	0	0	0	0	0	0	0	0	0	14.5	0	0	0	
VCS	75.1	61.5	68.3	67.5	870	67.6	160	67.8	1230	-0.5	-0.73	67.8	270	29040	67.9	600	68	740	68.1	100	68.3	66.9	67.54	1370	11	7399630	
VDL	27.5	22.5	25	0	0	0	0	0	0	-0.1	-0.4	24.9	2280	2300	25	160	25.5	20	26	10	24.9	24	24.89	0	0	706285	
VE1	8.3	6.9	7.6	0	0	0	0	0	0	0	0	0	0	0	0	0	0	0	0	0	0	0	7.6	0	0	114226	
VE2	7.7	6.3	7	0	0	0	0	0	0	0	0	0	0	0	0	0	0	0	0	0	0	0	7	0	0	104103	
VE3	5.9	4.9	5.4	5.1	100	5.4	200	5.5	200	0.5	9.26	5.9	50	760	0	0	0	0	0	0	5.9	5.9	5.9	0	300	56589	
VE4	5.5	4.5	5	0	0	0	0	4.6	50	0	0	0	0	0	5.5	110	0	0	0	0	0	0	5	0	0	49792	
VE8	9.9	8.1	9	0	0	0	0	0	0	0	0	0	0	0	9.2	10	0	0	0	0	0	0	9	0	0	87680	
VE9	1.4	1.2	1.3	0	0	1.2	25010	1.3	2590	0.1	7.69	1.4	60	12020	1.4	8060	0	0	0	0	1.4	1.2	1.27	0	8030	556497	
VGP	12.4	10.2	11.3	10.6	180	10.7	200	10.8	10	-0.7	-6.19	10.6	20	20	11.5	10	11.6	10	11.7	30	10.6	10.6	10.6	0	0	386558	
VGS	9	7.4	8.2	8	120	8.1	10	8.2	170	0	0	8.2	410	3530	8.3	2340	8.4	2730	8.5	170	8.3	8.1	8.19	0	1000	1997545	
VHE	6.3	5.3	5.8	0	0	5.3	380	5.4	1060	0.2	3.45	6	10	880	6	370	6.3	990	0	0	6	5.4	5.64	0	0	0	
VHL	32	26.2	29.1	28.5	220	28.8	1000	29	140	-0.1	-0.34	29	20	2090	29.1	10	29.2	560	29.3	700	29.5	29	29.22	0	0	1174192	
VIE	6.7	5.5	6.1	0	0	0	0	0	0	0	0	0	0	0	0	0	0	0	0	0	0	0	6.1	0	0	100079	
VIF	18.5	15.3	16.9	0	0	15.3	40	16.3	100	0	0	0	0	0	17.3	200	0	0	0	0	0	0	16.9	0	0	0	
VIG	1	0.8	0.9	0.9	56290	1	71600	0	23200	0.1	11.11	1	270	107250	0	0	0	0	0	0	1	0.9	1	0	0	1629291	
VIT	16.1	13.3	14.7	14.5	150	14.6	200	14.7	200	0.1	0.68	14.8	10	230	14.9	20	15	10	15.5	200	14.8	14.7	14.75	0	0	944950	
VIX	7	5.8	6.4	6.9	1500	7	31660	0	10170	0.6	9.37	7	310	45680	0	0	0	0	0	0	7	6.2	6.81	0	0	5564890	
VKC	3.6	3	3.3	3.5	240	3.6	5570	0	100	0.3	9.09	3.6	200	23450	0	0	0	0	0	0	3.6	3.3	3.52	0	6640	701093	
VLA	12.7	10.5	11.6	0	0	10.5	200	11	100	0	0	0	0	0	0	0	0	0	0	0	0	0	11.6	0	0	46370	
VMC	10.8	9	9.9	9.8	30	9.9	320	10	10	0.1	1.01	10	20	450	10.1	120	10.2	140	10.5	240	10	9.9	9.93	0	0	920750	
VMI	0.7	0.5	0.6	0	0	0	0	0	0	0	0	0	0	0	0	0	0	0	0	0	0	0	0.6	0	0	449469	
VMS	7.1	5.9	6.5	0	0	0	0	5.9	50	-0.6	-9.23	5.9	10	10	0	0	0	0	0	0	5.9	5.9	5.9	0	0	436030	
VNC	36.8	30.2	33.5	30.6	20	31	30	32.5	50	0	0	0	0	0	35	60	35.1	10	35.2	10	0	0	33.5	0	0	375739	
VNF	34.4	28.2	31.3	0	0	0	0	0	0	0	0	0	0	0	0	0	0	0	0	0	0	0	31.3	0	0	377695	
VNR	21.8	18	19.9	18.3	50	19	110	19.5	300	0	0	19.9	10	210	19.9	220	20	10	20.2	790	19.9	19.5	19.52	0	0	2721187	
VNT	59.9	49.1	54.5	50.5	20	52.5	30	54.5	490	0	0	54.5	10	220	56.9	10	57	200	59.8	50	56.5	52.6	56.23	0	0	410950	
VSA	16.3	13.5	14.9	14.5	10	14.7	50	14.8	50	0	0	0	0	0	15.6	10	0	0	0	0	0	0	14.9	0	0	635133	
VSM	10.7	8.9	9.8	8.9	20	9	70	9.1	50	-0.5	-5.1	9.3	50	50	10.7	20	0	0	0	0	9.3	9.3	9.3	0	0	137591	
VTC	10.2	8.4	9.3	8.5	20	9	50	9.1	100	0	0	0	0	0	9.8	10	9.9	20	10	60	0	0	9.3	0	0	169192	
VTH	10.4	8.6	9.5	0	0	0	0	0	0	0	0	0	0	0	0	0	0	0	0	0	0	0	9.5	0	0	243990	
VTJ	5.8	4.8	5.3	0	0	0	0	0	0	0	0	0	0	0	5.4	80	5.5	380	5.8	190	0	0	5.3	0	0	558430	
VTL	13.5	11.1	12.3	11.6	30	12.1	40	12.3	20	0	0	0	0	0	0	0	0	0	0	0	0	0	12.3	0	0	243251	
VTS	31.3	25.7	28.5	0	0	0	0	0	0	0	0	0	0	0	25.7	890	28.5	10	31	10	0	0	28.5	0	0	52936	
VTV	7.4	6.2	6.8	6.4	50	6.5	50	6.6	10	0	0	0	0	0	7	110	7.2	20	7.3	100	0	0	6.8	0	0	1522519	
VXB	7.1	5.9	6.5	0	0	0	0	0	0	-0.6	-9.23	5.9	100	100	5.9	20	6.5	30	6.6	100	5.9	5.9	5.9	0	0	198381	
WCS	187	153	170	160.5	10	162	10	168	30	0	0	170	10	10	183	100	185	20	187	50	170	170	170	0	0	56477	
WSS	1.9	1.7	1.8	0	0	1.7	4780	1.8	1620	0.1	5.56	1.9	20	1450	0	0	0	0	0	0	1.9	1.8	1.8	0	0	2346880	
X20	7.9	6.5	7.2	0	0	6.5	50	6.6	10	0	0	0	0	0	0	0	0	0	0	0	0	0	7.2	0	0	845040	
