HOSE
900
0.57	0.06
898.78	-0.07	39263617	368.10	
900.54	0.12	522900251	6734.82	
900	0.06	542865391	7135.64	
AAA	14.4	12.6	13.5	13.6	15179	13.65	9766	13.7	9405	0.25	1.85	13.75	3561	307107	13.75	3580	13.8	6072	13.85	8965	13.75	13.9	13.2	12527	444	6013968	
AAM	11.9	10.4	11.15	10.9	560	11	20	11.15	16	0	0	11.15	4	269	11.5	7	11.7	75	11.8	53	11.15	11.5	10.55	0	0	592344	
ABS	14.9	13	14.45	13.8	233	13.85	885	13.9	710	-0.5	-3.46	13.95	736	27593	13.95	1049	14	1533	14.1	855	13.95	14.1	13.5	10	0	1410803	
ABT	35.3	30.7	33	31.5	11	31.6	32	31.65	4	0	0	0	0	0	35	2	35.3	18	0	0	0	0	0	0	0	655031	
ACC	21.4	18.6	20	18.65	10	18.7	40	19	349	-1	-5	19	1	4	19.65	27	19.9	199	20	421	19	20	19	0	0	298800	
ACL	27.6	24	25.8	25	863	25.1	553	25.15	35	-0.4	-1.55	25.4	3	5773	25.4	191	25.5	12	25.6	10	0	25.6	25	0	0	845907	
ADS	10.55	9.21	9.9	9.4	11	9.42	96	9.44	50	0.01	0.1	9.91	4	224	9.91	14	9.93	50	9.95	15	0	9.91	9.3	0	0	1248247	
AGG	29.2	25.4	27.3	27	593	27.1	430	27.2	438	0	0	27.3	290	30263	27.3	386	27.4	548	27.5	1131	27.3	27.5	26.9	0	0	1622591	
AGM	16.55	14.45	15.5	16.45	1	16.5	6	16.55	1758	1.05	6.77	16.55	10	10689	0	0	0	0	0	0	16.55	16.55	14.8	0	2980	751970	
AGR	4.32	3.76	4.04	4.22	1101	4.23	1000	4.24	162	0.2	4.95	4.24	625	153487	4.25	425	4.27	2318	4.28	2299	4.24	4.3	3.99	0	107	9960594	
AMD	3.86	3.36	3.61	3.5	18297	3.51	290	3.52	31	-0.09	-2.49	3.52	14478	571459	3.53	7400	3.54	1533	3.55	4510	3.52	3.68	3.45	12449	1700	7711798	
ANV	21.65	18.85	20.25	19.5	1908	19.55	472	19.6	959	-0.65	-3.21	19.6	3678	41041	19.75	2152	19.8	445	19.85	200	19.6	20.1	19.3	1201	433	6088181	
APC	23.8	20.7	22.25	23.7	100	23.75	10	23.8	6904	1.55	6.97	23.8	8	8671	0	0	0	0	0	0	23.8	23.8	22.5	0	1095	655082	
APG	10.3	8.99	9.66	9.4	856	9.5	117	9.59	1103	-0.07	-0.72	9.59	500	58987	9.6	83	9.64	501	9.65	15	0	9.7	9.5	500	10640	3195789	
ASM	7.05	6.13	6.59	6.63	100	6.64	900	6.65	921	0.06	0.91	6.65	4565	475994	6.66	2545	6.67	1123	6.68	571	6.65	6.85	6.29	14398	64	12285638	
ASP	6.42	5.58	6	6.06	1	6.1	190	6.15	48	0.19	3.17	6.19	501	6524	6.19	400	6.2	1132	6.25	150	6.19	6.19	5.95	0	0	0	
AST	62.5	54.5	58.5	57.4	70	57.5	1048	57.6	432	-0.9	-1.54	57.6	503	14329	57.8	69	57.9	8	58	130	57.6	58.5	57.1	335	2	273310	
ATG	0.7	0.62	0.66	0.66	1132	0.67	690	0.7	46351	0.04	6.06	0.7	1	12958	0	0	0	0	0	0	0.7	0.7	0.7	0	0	720624	
BBC	54.2	47.2	50.7	49.5	19	49.8	5	49.9	7	0	0	50.7	1	31	50.7	14	51	105	51.5	32	50.7	50.7	50	1	0	35821	
BCE	8.82	7.68	8.25	8.28	285	8.29	1000	8.3	24	0.06	0.73	8.31	340	16873	8.31	366	8.33	300	8.34	50	8.31	8.31	8.15	400	0	1356598	
BCG	6.95	6.05	6.5	6.45	1102	6.47	501	6.48	500	-0.02	-0.31	6.48	1490	20017	6.5	529	6.52	510	6.53	380	6.48	6.55	6.31	0	967	1650899	
BFC	14.65	12.75	13.7	13.5	1119	13.55	1597	13.6	740	-0.1	-0.73	13.6	2480	50377	13.65	100	13.7	1630	13.75	400	13.6	13.8	13.5	113	118	2581237	
BHN	59.3	51.7	55.5	55	189	55.2	170	55.3	25	0	0	55.5	33	297	55.5	1519	55.8	100	55.9	116	0	55.9	55	20	0	7293683	
BIC	22.55	19.65	21.1	21	542	21.2	130	21.3	223	0.2	0.95	21.3	437	30973	21.4	30	21.45	50	21.5	104	21.3	21.7	20.5	432	50	163600	
BID	46.35	40.35	43.35	43.4	2641	43.45	1000	43.5	2460	0.15	0.35	43.5	4402	129740	43.6	135	43.7	691	43.75	790	43.5	44.1	42.5	719	896	49383683	
BMC	13.6	11.9	12.75	12.6	742	12.65	200	12.7	4	-0.05	-0.39	12.7	177	2957	12.75	626	12.8	1514	12.85	982	12.7	12.75	12.6	323	1600	327279	
BMI	24.4	21.3	22.85	23.8	100	23.9	7710	24	706	1.15	5.03	24	1954	98223	24.1	64	24.2	757	24.25	100	24	24.4	23.05	73	4756	1208385	
BMP	55.6	48.4	52	51.4	534	51.5	211	51.6	896	-0.4	-0.77	51.6	392	16784	51.7	1	51.8	1407	51.9	303	51.6	52.4	51	5888	1334	1598832	
BRC	11.3	9.86	10.6	9.9	1000	10	800	10.05	1	0	0	0	0	0	11.1	14	11.2	50	11.25	200	0	0	0	0	0	600909	
BSI	8.97	7.81	8.39	8.25	1	8.3	103	8.35	1	0	0	8.39	200	1962	8.45	400	8.49	1031	8.5	2191	8.39	8.6	8.39	200	361	4958600	
BTP	16.25	14.15	15.2	14.95	200	15	350	15.05	228	-0.1	-0.66	15.1	149	2321	15.1	241	15.2	556	15.3	76	15.1	15.1	15	0	0	2403041	
BTT	41.7	36.3	39	0	0	36.3	301	37	34	0.85	2.18	39.85	1	43	39.5	50	39.8	100	39.85	69	0	39.9	37.1	0	0	660355	
BVH	56	48.75	52.4	52.5	224	52.6	4201	52.7	804	0.4	0.76	52.8	3699	112881	52.8	2674	52.9	2695	53	14957	52.8	53	51.4	14674	10616	15377333	
BWE	25.05	21.85	23.45	23.9	721	24	460	24.1	35	0.65	2.77	24.1	1150	30114	24.2	3074	24.3	2110	24.35	20	24.1	24.4	23.1	3749	145	5946719	
C32	26.75	23.25	25	24.8	551	24.85	1	24.9	395	0.05	0.2	25.05	30	3944	25.05	953	25.1	6358	25.2	152	25.05	25.1	24.7	0	1	375942	
C47	11.4	9.96	10.7	10.6	32	10.7	26	10.8	1650	0.3	2.8	11	200	2035	11	610	11.4	2401	0	0	11	11	10.7	0	0	829703	
CAV	75.9	66.1	71	66.1	122	67	20	68	7	-2	-2.82	69	10	46	70	3	70.1	50	70.2	50	0	70.1	69	0	0	2806032	
CCI	15.05	13.15	14.1	13.4	31	13.5	2	13.6	11	-0.1	-0.71	14	1	246	14	93	14.1	102	14.2	100	14	14	13.3	0	207	823731	
CCL	7.59	6.61	7.1	7.23	302	7.25	766	7.26	100	0.2	2.82	7.3	1673	38172	7.3	931	7.31	80	7.32	700	7.3	7.34	7.03	0	5390	2122559	
CDC	17.1	14.9	16	14.9	3	15.55	9	16	5	0	0	16	5	6	17.1	1	0	0	0	0	16	16	15.55	0	0	764368	
CEE	16.3	14.2	15.25	0	0	14.2	34	14.25	50	-0.05	-0.33	15.2	1	29	15.15	219	15.2	66	15.25	201	15.2	15.2	14.2	0	0	2021552	
CHP	20.65	17.95	19.3	18.5	60	19	979	19.05	19	-0.25	-1.3	19.05	20	540	19.3	4	19.5	200	20.5	94	0	19.1	19.05	0	0	6311919	
CIG	1.94	1.7	1.82	1.9	8	1.93	21	1.94	17030	0.12	6.59	1.94	100	1916	0	0	0	0	0	0	0	1.94	1.94	0	0	1545178	
CII	21.25	18.55	19.9	19.85	5985	19.9	5796	19.95	3042	0.1	0.5	20	7443	268236	20	27428	20.05	638	20.1	980	20	20.4	19.7	4948	64389	8006909	
CKG	10.5	9.14	9.82	9.94	92	9.95	500	10	1000	0.23	2.34	10.05	4207	30448	10.05	1778	10.1	2073	10.15	1000	10.05	10.2	9.7	0	0	2403500	
CLC	29.1	25.3	27.2	26.9	100	27	210	27.05	69	-0.05	-0.18	27.15	220	566	27.15	130	27.2	100	27.25	80	27.15	27.15	27.05	0	0	1222725	
CLG	1.66	1.46	1.56	1.51	180	1.52	150	1.54	775	-0.01	-0.64	1.55	3404	27234	1.55	414	1.56	849	1.57	210	1.55	1.58	1.47	0	0	1031812	
CLL	30.45	26.55	28.5	27.5	30	27.55	100	27.6	2	0	0	0	0	0	28.5	42	28.75	19	29	11	0	0	0	0	0	1419098	
CLW	28.35	24.65	26.5	0	0	0	0	24.65	8	0	0	0	0	0	28.35	2	0	0	0	0	0	0	0	0	0	573966	
CMG	33.7	29.3	31.5	30.15	10	30.3	167	30.4	170	-1.1	-3.49	30.4	400	11382	30.5	15	30.8	25	31	343	30.4	31.5	30.4	1152	16	1160648	
CMV	13.45	11.75	12.6	11.9	141	12	142	12.05	129	-0.55	-4.37	12.05	1	60	0	0	0	0	0	0	0	13.45	11.8	0	0	590605	
CMX	20.65	17.95	19.3	19.3	252	19.35	620	19.4	25	0.3	1.55	19.6	2008	92032	19.6	106	19.65	20	19.7	1050	19.6	19.8	18.5	2831	610	1151594	
CNG	22.75	19.85	21.3	20.95	10	21	402	21.05	59	-0.15	-0.7	21.15	7	6239	21.15	146	21.2	6478	21.25	216	21.15	21.25	20.9	50	1354	757186	
COM	45.55	39.65	42.6	39.7	4	40	3	40.1	2	0.4	0.94	43	1	14	43	3	43.5	12	44.5	31	0	43	42.6	0	0	685800	
CRC	13.9	12.1	13	12.9	632	13	170	13.1	16	0.5	3.85	13.5	5	22867	13.5	26	13.6	47	13.65	63	0	13.9	12.9	0	3	734797	
CRE	19.6	17.1	18.35	18.5	931	18.55	5122	18.6	102	0.3	1.63	18.65	16000	182915	18.65	2252	18.7	3494	18.75	2400	18.65	18.65	17.65	16021	6000	2282252	
CSM	17.35	15.15	16.25	16.15	52	16.2	12057	16.25	1151	0.05	0.31	16.3	530	13945	16.3	122	16.35	17	16.4	792	16.3	16.45	16.05	0	0	4862515	
CSV	25.25	21.95	23.6	23.65	1277	23.7	1392	23.75	429	0.15	0.64	23.75	1594	22018	23.8	100	23.9	142	23.95	380	23.75	24	23.45	3054	3	1799017	
CTD	75.4	65.6	70.5	69.1	482	69.2	115	69.3	172	-1.1	-1.56	69.4	1497	41898	69.4	178	69.5	763	69.6	560	69.4	69.9	67.5	2388	1634	210323	
CTF	22.75	19.85	21.3	20.6	800	20.65	219	21	50	0.1	0.47	21.4	130	15340	21.3	26	21.4	601	21.5	407	0	21.4	20.65	42	5	2230605	
CTG	25.85	22.55	24.2	24.55	1354	24.6	12994	24.65	7892	0.45	1.86	24.65	36585	824836	24.75	70	24.8	3198	24.85	8484	24.65	25	24.1	135433	82050	506136	
CTI	21.3	18.6	19.95	19.7	1941	19.75	110	19.8	1235	-0.1	-0.5	19.85	769	111709	19.85	943	19.9	1102	19.95	2621	19.85	19.95	19.6	6175	0	2347271	
CTS	8.29	7.21	7.75	7.68	15	7.7	300	7.75	830	0	0	7.75	1107	36728	7.8	204	7.81	200	7.82	39	7.75	7.83	7.45	3300	1000	4085771	
CVT	20.5	17.9	19.2	18.95	100	19	2792	19.05	100	0	0	19.2	2172	26227	19.2	1051	19.3	150	19.4	1300	19.2	19.2	18.5	928	0	3270176	
D2D	67	58.4	62.7	63.3	351	63.4	340	63.5	100	0.9	1.44	63.6	642	23574	63.6	221	63.7	464	63.8	485	63.6	64.2	61.5	915	45	894733	
DAG	6.09	5.31	5.7	5.51	120	5.55	55	5.6	10	-0.09	-1.58	5.61	454	43493	5.61	407	5.62	3	5.63	104	5.61	5.65	5.4	80	0	2101777	
DAH	13.1	11.4	12.25	13	10132	13.05	9748	13.1	22934	0.85	6.94	13.1	50	181633	0	0	0	0	0	0	0	13.1	12.4	2630	40	1623522	
DAT	7.32	6.38	6.85	6.9	15	7	1	7.32	101	0	0	0	0	0	0	0	0	0	0	0	0	0	0	0	0	2253957	
DBC	59	51.4	55.2	0	0	0	0	0	0	-3.8	-6.88	51.4	2188	281212	51.4	199815	51.5	825	51.6	115	51.4	53.9	51.4	46	0	4405848	
DBD	51.1	44.5	47.8	47.9	167	47.95	758	48	278	0.2	0.42	48	552	1614	48.7	122	48.8	100	48.85	50	48	48.95	47.8	157	0	5235534	
DCL	22.65	19.75	21.2	21.2	40	21.3	36	21.4	403	0.3	1.42	21.5	65	6883	21.5	337	21.7	199	21.8	60	21.5	22.2	20.9	75	0	1679624	
DCM	9.29	8.09	8.69	8.77	1702	8.78	310	8.79	1917	0.11	1.27	8.8	4916	268671	8.8	240	8.81	1	8.82	2970	8.8	8.88	8.55	2508	1037	24926863	
DGW	33.05	28.75	30.9	31.45	1	31.55	2	31.6	538	0.7	2.27	31.6	4081	67743	31.65	10	31.8	160	31.9	210	31.6	31.6	30.2	7034	170	1026151	
DHA	33.7	29.3	31.5	31.2	177	31.25	37	31.3	4	0	0	31.5	7	336	31.5	4	31.6	10	31.7	111	31.5	31.7	31.2	0	0	600833	
DHC	38.15	33.25	35.7	35.8	500	35.9	30	35.95	58	0.3	0.84	36	548	24193	36	552	36.2	208	36.25	935	36	36.35	35.5	9623	3807	663099	
DHG	100.5	87.5	94	93	171	93.1	5	93.2	104	-0.8	-0.85	93.2	281	1969	94	10	94.1	77	94.2	273	93.2	94.4	93.2	896	211	5956514	
DHM	8.77	7.63	8.2	8.47	200	8.5	169	8.6	97	0.55	6.71	8.75	500	13444	8.75	51	8.76	656	8.77	7442	8.75	8.76	8.1	0	0	1531248	
DIC	2.07	1.81	1.94	2.05	3109	2.06	250	2.07	63608	0.13	6.7	2.07	500	92784	0	0	0	0	0	0	2.07	2.07	1.9	0	1000	1270854	
DIG	13.6	11.9	12.75	13.1	2976	13.15	1001	13.2	3200	0.5	3.92	13.25	8308	198462	13.25	973	13.3	3204	13.35	4421	13.25	13.4	12.55	2537	1731	4604412	
DLG	1.73	1.51	1.62	1.71	1515	1.72	10755	1.73	239623	0.11	6.79	1.73	50256	1240847	0	0	0	0	0	0	1.73	1.73	1.58	6150	600	13816955	
DMC	58.5	50.9	54.7	53.3	11	53.4	321	53.5	1423	-1.2	-2.19	53.5	750	19434	53.8	131	53.9	430	54	1564	53.5	54.8	53.5	362	5698	1447390	
DPG	27.9	24.3	26.1	27.3	345	27.35	200	27.4	202	1.3	4.98	27.4	2139	74487	27.45	1619	27.5	3906	27.55	562	27.4	27.6	25.2	1143	143	2181994	
DPM	15.85	13.85	14.85	14.85	8830	14.9	3434	14.95	2144	0.1	0.67	14.95	10575	354690	15	14650	15.05	13413	15.1	29265	14.95	15.1	14.6	4906	31052	14571227	
DPR	41.4	36	38.7	38.2	116	38.25	26	38.3	9	-0.5	-1.29	38.2	160	798	38.6	121	38.7	344	38.75	292	38.2	38.6	38.2	0	160	1500725	
DQC	20.2	17.6	18.9	0	0	0	0	17.6	37	-1.3	-6.88	17.6	1953	19230	18.5	100	18.55	100	18.6	435	17.6	19	17.6	7	288	1591994	
DRC	21.6	18.8	20.2	20.7	1046	20.75	160	20.8	10	0.7	3.47	20.9	7971	159285	20.9	7462	20.95	3184	21	9587	20.9	21	19.9	1132	200	3392919	
DRH	8.75	7.61	8.18	8.72	17396	8.73	16758	8.74	12802	0.57	6.97	8.75	6074	334023	8.75	6066	0	0	0	0	8.75	8.75	8.06	49229	4000	2778475	
DRL	54.5	47.45	51	50.3	20	50.5	15	50.6	19	-0.4	-0.78	50.6	10	59	51.3	20	51.5	110	51.7	20	0	51	50.6	0	0	459240	
DSN	51.6	44.95	48.3	48	25	48.1	112	48.2	2	-0.2	-0.41	48.1	5	2582	48.3	136	48.35	194	48.4	748	48.1	48.5	48	0	0	372656	
DTA	4.92	4.28	4.6	4.41	5	4.6	200	4.78	10	0.19	4.13	4.79	30	1793	4.79	95	4.8	5	4.81	8	0	4.8	4.3	0	0	881866	
DTL	9.6	8.36	8.98	8.38	10	8.98	22	9	2	0.62	6.9	9.6	1	15	9.6	7	0	0	0	0	0	9.6	8.98	0	0	3008671	
DTT	14.4	12.6	13.5	0	0	0	0	12.6	1	0	0	0	0	0	14	10	14.4	2	0	0	0	0	0	0	0	397869	
DVP	37.3	32.5	34.9	34.5	265	34.55	179	34.6	182	-0.3	-0.86	34.6	100	327	34.9	518	35	503	35.1	10	34.6	34.9	34.45	0	2	1407874	
DXG	13.1	11.4	12.25	12.05	10263	12.1	5609	12.15	1006	-0.05	-0.41	12.2	14914	474698	12.2	3938	12.25	6050	12.3	15265	12.2	12.35	11.7	10198	33270	4484752	
DXV	2.69	2.35	2.52	2.52	3	2.54	41	2.56	27	0.05	1.98	2.57	510	3344	2.57	182	2.58	155	2.6	51	2.57	2.58	2.52	467	0	479101	
E1VFVN30	14.93	12.99	13.96	13.93	20	13.96	30	14.1	1265	0.18	1.29	14.14	1410	38430	14.14	818	14.15	2005	14.2	105	14.14	14.14	13.8	34071	22200	763861	
EIB	19.35	16.85	18.1	17.85	2391	17.9	329	17.95	387	0	0	18.1	2182	9531	18.1	1508	18.15	5660	18.2	13440	18.1	18.15	17.8	14	100	19423	
ELC	6.31	5.49	5.9	5.91	204	5.92	496	5.93	50	0.06	1.02	5.96	125	16997	5.95	21	5.99	543	6	202	5.96	5.99	5.86	2730	8597	1461371	
EMC	14	12.2	13.1	0	0	12.2	3	13.95	1	0.85	6.49	13.95	1	2	14	1	0	0	0	0	13.95	13.95	13.95	0	0	749034	
EVE	11.65	10.15	10.9	10.5	19	10.55	220	10.7	59	-0.2	-1.83	10.7	10	1193	10.75	10	10.8	525	10.85	1	10.7	10.95	10.15	0	0	1460792	
EVG	4.46	3.88	4.17	4.44	1809	4.45	363	4.46	5164	0.29	6.95	4.46	1562	271500	0	0	0	0	0	0	4.46	4.46	4.25	10	300	2866967	
FCM	7.01	6.11	6.56	6.7	710	6.73	499	6.75	141	0.19	2.9	6.75	597	17708	6.77	644	6.78	901	6.79	740	6.75	6.8	6.53	0	5476	1906988	
FCN	10.45	9.09	9.77	10.3	1006	10.4	831	10.45	31230	0.68	6.96	10.45	870	277751	0	0	0	0	0	0	10.45	10.45	9.57	1712	81307	2906516	
FDC	13.65	11.95	12.8	12	522	12.05	149	12.3	63	0.2	1.56	13	10	490	13	500	13.45	55	13.5	431	0	13	12	0	0	1891253	
FIR	33.3	29	31.15	30.7	700	30.8	241	30.85	729	-0.3	-0.96	30.85	900	11830	31	451	31.1	149	31.15	225	30.85	31.25	30.85	5	0	1003068	
FIT	6.84	5.96	6.4	6.82	11044	6.83	10849	6.84	126932	0.44	6.87	6.84	1	196984	0	0	0	0	0	0	6.84	6.84	6.5	0	10301	12135760	
FLC	3.46	3.02	3.24	3.19	12311	3.2	36495	3.21	4241	-0.03	-0.93	3.21	26337	1313127	3.22	5053	3.23	19774	3.24	23148	3.21	3.3	3.14	11776	5143	32775529	
FMC	31.55	27.45	29.5	28.65	257	28.75	10	28.8	138	-0.55	-1.86	28.95	200	12735	28.95	44	29	1510	29.3	100	28.95	29	28	611	1500	1970493	
FPT	52.3	45.55	48.95	48.6	6285	48.65	1374	48.7	282	-0.15	-0.31	48.8	10376	130754	48.8	2075	48.85	1155	48.9	3627	48.8	49	48.4	2752	3002	0	
FRT	29.3	25.5	27.4	27.65	79	27.7	387	27.75	2003	0.35	1.28	27.75	2224	158320	27.8	20	27.85	9	27.9	25	27.75	28.3	26.65	12760	5731	1046407	
FTM	1.86	1.62	1.74	1.84	556	1.85	1548	1.86	12794	0.12	6.9	1.86	102	189584	0	0	0	0	0	0	1.86	1.86	1.75	9026	0	2420218	
FTS	13.9	12.1	13	12.95	930	13	1208	13.1	20	0.15	1.15	13.15	41	24486	13.15	1469	13.2	5561	13.25	300	13.15	13.15	12.8	0	5	9456845	
FUCTVGF1	12.7	11.1	11.9	0	0	0	0	0	0	0	0	0	0	0	0	0	0	0	0	0	0	0	0	0	0	734571	
FUCTVGF2	10.95	9.54	10.25	0	0	0	0	0	0	0	0	0	0	0	9.54	1	0	0	0	0	0	0	0	0	0	808607	
FUCVREIT	7.74	6.74	7.24	0	0	6.74	5	6.8	2	0	0	7.24	14	14	7.24	10	7.6	17	7.74	11	0	7.24	7.24	0	14	239084	
FUESSV50	13.1	11.4	12.25	11.8	1200	11.9	1000	12	1000	0	0	12.25	3000	11015	12.25	1000	12.3	270	12.4	447	12.25	12.4	12.25	1015	676	442981	
FUESSVFL	10.53	9.17	9.85	0	0	0	0	0	0	-0.35	-3.55	9.5	11	5011	9.97	9304	10.02	120	10.53	1097	9.5	10.02	9.5	0	0	1273333	
FUEVFVND	13.37	11.63	12.5	12.53	10	12.57	200	12.58	80	0.09	0.72	12.59	38	31678	12.6	3	12.63	3721	13	484	0	13.37	12.4	1122095	8469	0	
GAB	167.8	146	156.9	157	1626	157.1	3362	157.2	2268	0.3	0.19	157.2	228	3207	157.5	620	158	460	163	10	157.2	167.3	151	0	73	662260	
GAS	83.8	73	78.4	77.7	3302	77.8	1863	77.9	572	-0.4	-0.51	78	1476	42640	78	823	78.1	1809	78.2	939	78	78.4	77.5	2036	272	87417584	
GDT	31	27	29	28.75	51	28.8	59	29	143	0.1	0.34	29.1	136	1128	29.1	134	29.2	44	29.4	75	29.1	29.1	28.6	0	0	488246	
GEG	22.1	19.3	20.7	20.85	639	20.9	1452	20.95	641	0.3	1.45	21	2090	54969	21	3681	21.05	120	21.1	634	21	21	20.65	8796	0	2445206	
GEX	18.75	16.35	17.55	17.45	677	17.5	2164	17.55	5281	0.05	0.28	17.6	5540	90606	17.6	4600	17.65	1830	17.7	9119	17.6	17.8	17.35	6138	1070	16570070	
GIL	21.75	18.95	20.35	21	500	21.1	1158	21.15	175	0.85	4.18	21.2	528	41309	21.2	206	21.25	390	21.3	341	21.2	21.5	19.9	4268	10	1046077	
GMC	23.4	20.4	21.9	23.3	389	23.35	169	23.4	1211	1.5	6.85	23.4	5	16024	0	0	0	0	0	0	0	23.4	21.9	1	449	1035701	
GMD	22.2	19.3	20.75	20.6	984	20.65	322	20.7	285	0.15	0.72	20.9	7599	44499	20.9	1074	20.95	2	21	2759	20.9	20.9	20.4	277	1426	0	
GSP	11.4	9.96	10.7	10.6	781	10.65	488	10.7	255	0	0	10.7	1	1279	10.85	100	11	429	11.2	101	10.7	11	10.6	1	1000	1313730	
GTA	12	10.5	11.25	0	0	10.55	12	10.6	20	0.2	1.78	11.45	101	467	11.45	24	11.5	7	11.9	5	11.45	11.45	11.25	0	0	506425	
GTN	20	17.4	18.7	18.55	1924	18.6	31	18.65	2011	0	0	18.7	4414	207328	18.7	3442	18.75	2130	18.8	4619	18.7	18.8	18	4245	420	24904081	
GVR	14.6	12.7	13.65	13.15	4638	13.2	6989	13.25	562	-0.4	-2.93	13.25	6764	274646	13.3	101	13.35	52	13.4	1006	13.25	13.65	13.15	8083	90541	49537757	
HAG	6.04	5.26	5.65	5.78	426	5.79	1348	5.8	2735	0.15	2.65	5.8	75287	1223396	5.83	100	5.85	9844	5.86	3063	5.8	6	5.46	14740	2621	38101386	
HAH	12.7	11.1	11.9	11.7	430	11.75	100	11.8	432	-0.1	-0.84	11.8	1000	5610	11.9	257	11.95	170	12	3687	11.8	12	11.8	0	4	1367702	
HAI	3.59	3.13	3.36	3.35	1982	3.36	12523	3.37	2662	0	0	3.36	4959	491358	3.39	120	3.4	514	3.43	712	3.36	3.5	3.17	5922	6819	8560566	
HAP	3.69	3.21	3.45	3.58	372	3.6	2900	3.64	100	0.24	6.96	3.69	200	70144	3.69	1653	0	0	0	0	3.69	3.69	3.48	0	448	2333244	
HAR	3.62	3.16	3.39	3.38	920	3.39	95	3.4	413	0.01	0.29	3.4	703	47796	3.42	120	3.43	1974	3.44	1299	3.4	3.45	3.26	0	63	4939479	
HAS	7.16	6.24	6.7	6.24	300	6.61	1	6.65	200	0	0	0	0	0	7.1	30	7.15	100	7.16	50	0	0	0	0	0	235559	
HAX	13.25	11.55	12.4	12.05	1483	12.1	1044	12.15	251	-0.25	-2.02	12.15	650	20344	12.2	289	12.25	22	12.3	100	12.15	12.4	12	18	0	1535425	
HBC	11.65	10.15	10.9	11.55	12723	11.6	24910	11.65	138022	0.75	6.88	11.65	155	950935	0	0	0	0	0	0	11.65	11.65	10.9	9072	13724	6680344	
HCD	3.94	3.44	3.69	3.44	1538	3.45	521	3.46	556	-0.21	-5.69	3.48	2109	64241	3.48	1648	3.49	212	3.5	30	3.48	3.7	3.46	0	0	1319761	
HCM	22.1	19.3	20.7	20.55	1896	20.6	1970	20.65	1185	-0.05	-0.24	20.65	4717	271530	20.7	2285	20.75	1489	20.8	1245	20.65	20.9	20.15	10011	33330	14323524	
HDB	30	26.1	28.05	27.7	2	27.8	140	27.9	22	-0.05	-0.18	28	7437	71923	28	12974	28.05	4617	28.1	9277	28	28.1	27.4	8126	7312	8687188	
HDC	17.8	15.5	16.65	16.85	981	16.9	1211	16.95	2366	0.3	1.8	16.95	986	135893	17	3950	17.05	1530	17.1	2901	16.95	17.2	16.25	16811	270	2548110	
HDG	32.55	28.35	30.45	30.25	591	30.3	756	30.35	10	-0.1	-0.33	30.35	2424	46255	30.4	130	30.45	542	30.5	965	30.35	30.7	29.65	1214	15	3958546	
HHS	5.36	4.66	5.01	5.34	2377	5.35	1128	5.36	21250	0.35	6.99	5.36	2790	676636	0	0	0	0	0	0	5.36	5.36	4.87	27415	45500	12571576	
HID	3.04	2.66	2.85	2.98	3000	2.99	1000	3	1700	0.17	5.96	3.02	9405	109536	3.02	2371	3.03	3365	3.04	17413	3.02	3.03	2.72	190	254	2824548	
HII	14.7	12.8	13.75	13.95	290	14	630	14.1	78	0.35	2.55	14.1	633	21733	14.2	708	14.3	1066	14.4	410	14.1	14.2	13.45	559	70	1350899	
HMC	15.4	13.4	14.4	13.8	50	13.85	8	13.9	140	-0.45	-3.12	13.95	180	880	14.3	201	14.35	20	14.4	558	0	13.95	13.85	0	0	1003076	
HNG	17.3	15.1	16.2	16.1	6297	16.15	479	16.2	287	0.3	1.85	16.5	32765	118816	16.5	5100	16.55	100	16.6	3220	16.5	16.5	15.85	0	46	53993465	
HOT	46.2	40.2	43.2	0	0	0	0	45.5	91	2.8	6.48	46	20	88	46	6	46.1	1	46.2	31	0	46	43.3	0	0	391818	
HPG	28.95	25.25	27.1	26.9	33549	26.95	18485	27	10906	-0.1	-0.37	27	28967	987140	27.05	1025	27.1	4283	27.15	2612	27	27.4	26.65	53762	112666	35812074	
HPX	28.85	25.15	27	26.3	254	26.4	517	26.45	5	-0.3	-1.11	26.7	105	42581	26.7	94	26.9	1158	26.95	963	26.7	27.05	26.4	461	0	8085332	
HQC	1.86	1.62	1.74	1.84	10761	1.85	14278	1.86	1706556	0.12	6.9	1.86	100	911212	0	0	0	0	0	0	1.86	1.86	1.86	0	500	21655460	
HRC	42.8	37.2	40	0	0	0	0	0	0	-2.8	-7	37.2	231	232	40.8	20	42	21	42.8	10	37.2	38	37.2	0	231	1456974	
HSG	12.05	10.55	11.3	10.95	42545	11	74292	11.05	7584	-0.25	-2.21	11.05	53512	1638604	11.1	8700	11.15	14022	11.2	18094	11.05	11.35	10.75	15027	47671	15645486	
HSL	6.24	5.44	5.84	5.67	1	5.68	541	5.7	818	-0.14	-2.4	5.7	790	9763	5.72	100	5.73	1033	5.74	96	5.7	5.88	5.5	0	1	1362097	
HT1	15.8	13.8	14.8	14.7	1610	14.75	532	14.8	7	0.05	0.34	14.85	452	35486	14.85	1700	14.9	1876	14.95	1000	14.85	14.85	14.5	1913	0	16231783	
HTI	13.45	11.75	12.6	12.5	28	12.55	200	12.6	200	-0.1	-0.79	12.5	2	323	12.95	50	13	3557	13.2	50	0	12.5	12.5	0	0	791358	
HTL	13.85	12.05	12.95	12.05	11	12.1	10	12.2	20	0.05	0.39	13	1	1	13	27	13.1	100	13.2	22	0	13	13	0	0	31795	
HTN	20.35	17.75	19.05	18.85	553	18.9	534	19	257	-0.05	-0.26	19	863	5706	19.05	741	19.1	1592	19.15	590	19	19.05	18.8	0	167	1428497	
HTT	0.73	0.65	0.69	0	0	0	0	0	0	0	0	0	0	0	0	0	0	0	0	0	0	0	0	0	0	956200	
HTV	14.1	12.3	13.2	12.35	100	12.4	3	12.5	81	-0.35	-2.65	12.85	1	423	12.85	13	12.9	10	13	3	12.85	12.85	12.5	2	0	455762	
HU1	6.09	5.31	5.7	5.31	20	5.4	12	5.5	210	0	0	0	0	0	5.87	5	5.88	25	5.9	30	0	0	0	0	0	453177	
HU3	8.02	6.98	7.5	7.4	50	7.41	100	7.45	40	0.15	2	7.65	1	101	7.65	99	7.7	100	8	600	0	7.65	7.41	0	0	433933	
HUB	19.45	16.95	18.2	17.45	10	17.5	233	17.55	70	-0.6	-3.3	17.6	10	260	18.2	287	18.3	52	18.5	452	17.6	18.6	17.6	0	0	747054	
HVG	5.77	5.03	5.4	0	0	0	0	0	0	0	0	0	0	0	0	0	0	0	0	0	0	0	0	0	0	9040458	
HVH	11.2	9.77	10.5	10.5	1624	10.55	1345	10.6	1025	0.1	0.95	10.6	700	52889	10.9	300	10.95	407	11	3357	10.6	11.1	9.77	0	1505	961494	
HVN	32.25	28.05	30.15	29.75	2176	29.8	7680	29.85	53	-0.25	-0.83	29.9	3923	171079	29.9	4047	29.95	3325	30	10696	29.9	30.25	29.2	3888	4535	29294259	
HVX	3.74	3.26	3.5	0	0	0	0	3.3	1	0	0	3.5	5	13	3.5	16	3.74	44	0	0	0	3.5	3.5	0	0	1924059	
IBC	23.85	20.75	22.3	22.1	15	22.15	13	23.6	183	1.3	5.83	23.6	1909	22375	23.65	215	23.7	369	23.85	668	23.6	23.6	22.2	404	0	2103986	
ICT	19.75	17.25	18.5	17.3	212	17.35	188	17.4	4152	-1.1	-5.95	17.4	315	4081	17.8	299	17.9	57	18	251	17.4	18	17.3	0	0	3213191	
IDI	5.25	4.57	4.91	4.9	5420	4.91	3480	4.92	3568	0.01	0.2	4.92	1621	301429	4.93	1052	4.94	880	4.95	1080	4.92	5.11	4.65	5589	1650	10953917	
IJC	13.8	12	12.9	13	275	13.05	610	13.1	320	0.3	2.33	13.2	2162	105134	13.2	922	13.3	802	13.35	365	13.2	13.5	12.5	1727	10	6517162	
ILB	18.05	15.75	16.9	16.7	201	16.8	500	16.9	49	0	0	16.9	5	4104	17	304	17.1	472	17.5	600	16.9	16.9	16.9	0	0	0	
IMP	62.5	54.5	58.5	58	1176	58.1	368	58.2	102	-0.1	-0.17	58.4	146	1873	58.4	54	58.6	191	58.7	500	58.4	59	57.6	0	0	0	
ITA	5.67	4.93	5.3	5.65	21129	5.66	10808	5.67	741525	0.37	6.98	5.67	2430	5262515	0	0	0	0	0	0	5.67	5.67	5.4	30643	33040	39465904	
ITC	13.7	12	12.85	12.2	40	12.3	3	12.4	83	-0.25	-1.95	12.6	10	960	12.6	6	12.8	30	12.85	85	12.6	12.8	12	0	759	3518730	
ITD	9.95	8.65	9.3	8.97	51	8.98	51	8.99	1	0	0	9.3	1	1072	9.3	962	9.4	5	9.5	154	9.3	9.3	8.91	1	0	684747	
JVC	3.58	3.12	3.35	3.55	61	3.57	10	3.58	66394	0.23	6.87	3.58	4	218381	0	0	0	0	0	0	0	3.58	3.51	0	150	867637	
KBC	15.8	13.8	14.8	15.7	28987	15.75	26391	15.8	227786	1	6.76	15.8	21	772346	0	0	0	0	0	0	15.8	15.8	14.8	14540	72891	12828113	
KDC	36	31.3	33.65	33.2	3000	33.3	3100	33.35	5000	-0.25	-0.74	33.4	9336	64483	33.4	3084	33.45	2382	33.5	4406	33.4	33.9	32.9	32000	11702	20620161	
KDH	25.1	21.9	23.5	23.3	1390	23.4	100	23.5	100	0.05	0.21	23.55	6188	145491	23.55	304	23.6	2067	23.65	1790	23.55	23.55	23.15	184591	209121	2773117	
KHP	8.88	7.72	8.3	8.13	1030	8.15	50	8.16	100	0	0	8.3	16	211	8.25	1	8.3	51	8.35	4	0	8.45	8.15	4	0	1173201	
KMR	2.53	2.21	2.37	2.5	623	2.51	320	2.52	1069	0.16	6.75	2.53	5860	49216	2.53	2076	0	0	0	0	2.53	2.53	2.33	0	0	2119287	
KOS	33.55	29.25	31.4	30.5	3122	30.6	1670	30.7	310	-0.7	-2.23	30.7	6051	53577	30.9	698	31	518	31.1	665	30.7	31.6	30.6	0	0	5036898	
KPF	16.95	14.75	15.85	0	0	0	0	14.75	109	-1.1	-6.94	14.75	1	10	16.9	25	16.95	125	0	0	14.75	16.9	14.75	0	0	882579	
KSB	30.7	26.7	28.7	28.6	745	28.7	310	28.75	100	0.1	0.35	28.8	1731	105755	28.8	343	29.1	25	29.2	1800	28.8	29.6	27.8	2317	520	2020097	
L10	14.45	12.65	13.55	13.55	500	13.6	10	14.15	10	0.9	6.64	14.45	10	10	0	0	0	0	0	0	0	14.45	14.45	0	0	475275	
LAF	9.08	7.9	8.49	7.9	6	7.93	503	7.94	4	-0.01	-0.12	8.48	4	26	8.49	8	9.08	1037	0	0	0	8.49	8.48	0	0	687617	
LBM	29.5	25.7	27.6	27.45	10	27.5	90	27.6	89	0	0	27.6	51	67	27.95	50	28	46	28.4	76	27.6	28.05	27.5	1	0	433769	
LCG	8.48	7.38	7.93	7.78	372	7.79	935	7.8	700	-0.12	-1.51	7.81	8323	100191	7.81	200	7.9	5	7.92	184	7.81	8	7.72	832	260	1900462	
LCM	0.74	0.66	0.7	0.72	500	0.73	533	0.74	15803	0.04	5.71	0.74	3	16118	0	0	0	0	0	0	0	0.74	0.7	0	0	995529	
LDG	7.32	6.38	6.85	7.03	6036	7.04	850	7.05	2998	0.21	3.07	7.06	13909	871425	7.06	1343	7.07	2334	7.08	1711	7.06	7.13	6.64	24417	7474	11381386	
LEC	16.2	14.1	15.15	0	0	14.5	30	14.8	8	0.95	6.27	16.1	10	49	16	46	16.1	87	16.2	16	0	16.1	16.1	0	0	1278863	
LGC	43.3	37.7	40.5	0	0	0	0	37.7	6	2	4.94	42.5	202	203	40.5	300	42.5	158	43	70	0	42.5	37.7	0	200	769246	
LGL	5.86	5.1	5.48	5.83	500	5.84	80	5.86	6283	0.38	6.93	5.86	9	54191	0	0	0	0	0	0	0	5.86	5.62	0	107	2379344	
LHG	19.9	17.3	18.6	18.8	2428	18.85	999	18.9	1588	0.3	1.61	18.9	1748	81787	19	6453	19.1	5000	19.2	7650	18.9	19.4	18.5	993	0	2078123	
LIX	58.1	50.5	54.3	54.8	120	54.9	50	55	672	0.7	1.29	55	300	10178	55.1	4	55.2	664	55.3	536	55	55.2	53.9	8258	4	1223135	
LM8	16.9	14.7	15.8	15.35	1	15.4	3	15.5	1	-0.1	-0.63	15.7	1	21	15.7	186	15.8	150	16	4	0	15.8	14.8	0	0	443472	
LMH	0.82	0.72	0.77	0.79	1129	0.8	3735	0.81	1050	0.05	6.49	0.82	28779	238771	0.82	31309	0	0	0	0	0.82	0.82	0.75	2320	0	2543596	
LSS	5.88	5.12	5.5	5.34	4	5.35	1	5.36	146	-0.14	-2.55	5.36	445	5165	5.45	50	5.46	459	5.47	1000	5.36	5.58	5.31	0	0	3317151	
MBB	19.35	16.85	18.1	18.45	25328	18.5	23076	18.55	5561	0.5	2.76	18.6	40626	1029497	18.6	23969	18.65	17158	18.7	23956	18.6	18.85	17.95	67745	0	0	
MCG	1.91	1.67	1.79	1.85	100	1.9	62	1.91	8904	0.12	6.7	1.91	4	10072	0	0	0	0	0	0	0	1.91	1.8	0	0	2546184	
MCP	13.45	11.75	12.6	12.05	10	12.2	50	12.4	50	0	0	0	0	0	13.1	18	0	0	0	0	0	0	0	0	0	735596	
MDG	11.85	10.35	11.1	10.6	100	11	200	11.1	49	0	0	11.1	8	50	11.5	400	11.8	63	0	0	0	11.45	11.1	0	0	533562	
MHC	3.78	3.3	3.54	3.6	720	3.64	500	3.78	46525	0.24	6.78	3.78	100	31043	0	0	0	0	0	0	0	3.78	3.78	0	0	1947194	
MSH	41.5	36.1	38.8	38	2101	38.1	49	38.15	440	-0.6	-1.55	38.2	338	35032	38.2	7	38.25	111	38.3	628	38.2	39.2	37.7	0	262	2249127	
MSN	67.4	58.6	63	62.6	4638	62.7	1309	62.8	2678	-0.1	-0.16	62.9	7499	121060	62.9	215	63	15851	63.1	3050	62.9	63	62.5	21390	11799	11450431	
MWG	94.9	82.5	88.7	88.8	411	88.9	230	89.2	3002	0.7	0.79	89.4	5258	100989	89.4	1025	89.5	2699	89.6	269	89.4	90	87.1	0	0	0	
NAF	28.35	24.65	26.5	27.1	3220	27.15	2265	27.2	3352	0.8	3.02	27.3	1170	15481	27.3	415	27.4	391	27.5	440	27.3	27.3	26	0	0	4117225	
NAV	19.45	16.95	18.2	0	0	16.95	12	17	20	0.7	3.85	18.9	10	60	0	0	0	0	0	0	0	18.9	18.9	0	0	381738	
NBB	20.65	17.95	19.3	19	200	19.05	170	19.1	100	0	0	19.3	7	2042	19.3	336	19.35	336	19.4	105	19.3	19.35	19	1762	0	3098947	
NCT	66	57.4	61.7	60.8	380	61	682	61.1	24	-0.6	-0.97	61.1	7	1304	61.4	58	61.5	18	61.6	50	0	61.7	61	0	0	1001357	
NHH	51.3	44.65	48	46.1	8	46.5	15	47	55	-0.2	-0.42	47.8	2	22457	47.9	168	48	300	48.25	15	47.8	48.85	47.7	0	0	1675682	
NKG	8.98	7.82	8.4	8.35	4596	8.36	1009	8.38	2683	-0.02	-0.24	8.38	29625	362491	8.4	7937	8.41	2160	8.42	2399	8.38	8.41	8.25	7853	1194	14411298	
NLG	26	22.6	24.3	25.3	8624	25.4	8460	25.5	5000	1.3	5.35	25.6	15015	352382	25.6	4194	25.65	8361	25.7	6820	25.6	25.7	24.05	151110	260	218114	
NNC	50.5	43.9	47.2	47.1	3	47.2	206	47.25	88	0.05	0.11	47.25	139	571	48.45	10	48.5	90	48.8	31	47.25	48.1	47.1	0	100	685569	
NSC	67	58.4	62.7	62	14	62.1	5	62.5	353	-0.2	-0.32	62.5	15	159	62.7	11	63	92	64	45	0	63	62.5	0	0	681160	
NT2	23.25	20.25	21.75	21.45	1394	21.5	3461	21.55	45	-0.2	-0.92	21.55	138	21623	21.6	600	21.65	4937	21.7	1570	21.55	21.7	21.35	555	279	8953075	
NTL	19.75	17.25	18.5	18.7	4231	18.75	3207	18.8	1679	0.3	1.62	18.8	4313	151338	18.9	519	19	11847	19.1	137	18.8	19.4	18.4	3974	325	2836671	
NVL	58.3	50.7	54.5	54.2	2759	54.3	2706	54.4	3600	0	0	54.5	9062	107273	54.5	5030	54.6	2701	54.7	1459	54.5	54.8	53.5	7187	11141	31406278	
NVT	5.56	4.84	5.2	5.05	150	5.1	92	5.2	1	0.1	1.92	5.3	1	705	5.3	599	5.5	80	5.52	596	0	5.3	5	0	0	7325490	
OGC	3.9	3.4	3.65	3.88	2638	3.89	8862	3.9	70135	0.25	6.85	3.9	2904	679246	0	0	0	0	0	0	3.9	3.9	3.6	5510	0	14604091	
OPC	62	54	58	56	190	57.5	100	58.5	1	1.5	2.59	59.5	1	205	59.5	321	59.9	20	60	936	0	59.5	59	0	0	1166837	
PAC	25.25	21.95	23.6	23.75	200	23.8	100	23.85	200	0.4	1.69	24	58	7388	24	68	24.1	200	24.2	100	24	24	23	0	54	1315160	
PAN	23.1	20.1	21.6	21.45	69	21.5	90	21.55	5	0.1	0.46	21.7	505	2891	21.7	566	21.75	500	21.85	1	21.7	22	21.45	0	1000	1043076	
PC1	18.9	16.5	17.7	17.9	263	17.95	62	18	1342	0.35	1.98	18.05	2080	55130	18.05	744	18.1	7161	18.15	1630	18.05	18.1	17.5	750	328331	4786792	
PDN	72.5	63.1	67.8	65.1	1	66	59	67	2	-0.7	-1.03	67.1	15	16	67.1	9	67.8	10	67.9	50	0	67.1	67	1	0	902466	
PDR	27.8	24.2	26	25.5	1214	25.55	51	25.7	1010	0	0	26	3560	47613	26	1213	26.05	72	26.1	140	26	26	25.45	4140	5529	17046961	
PET	9.15	7.97	8.56	8.53	10	8.54	60	8.55	725	-0.01	-0.12	8.55	418	25489	8.57	2091	8.58	1000	8.59	1711	8.55	8.6	8.49	400	5228	2810554	
PGC	16.75	14.65	15.7	15.1	484	15.15	275	15.2	2623	-0.5	-3.18	15.2	220	19882	15.3	2334	15.35	950	15.4	1214	15.2	15.7	15.05	187	2237	2596398	
PGD	31.45	27.35	29.4	28.9	17	29	33	29.1	30	-0.4	-1.36	29	14	6775	29.7	73	30.5	22	31	167	0	29.8	29	500	6755	183099	
PGI	17.4	15.2	16.3	16.1	152	16.2	50	16.25	100	0	0	16.3	1	144	16.3	9	17.1	50	17.35	1	16.3	16.4	16.1	0	50	2519953	
PHC	11.15	9.72	10.45	11	1228	11.1	2976	11.15	23989	0.7	6.7	11.15	1	37902	0	0	0	0	0	0	11.15	11.15	10.2	0	0	1258456	
PHR	57.4	49.95	53.7	53.2	5900	53.3	1625	53.4	3830	-0.3	-0.56	53.4	5607	141792	53.5	10	53.6	90	53.7	1343	53.4	54.1	52.1	9139	333	5254947	
PIT	4.11	3.59	3.85	3.85	500	3.95	500	4.11	1469	0.26	6.75	4.11	5	1887	0	0	0	0	0	0	0	4.11	4	0	0	733742	
PJT	11.75	10.25	11	10.65	1	10.8	1	10.9	100	0.15	1.36	11.15	10	403	11.15	48	11.2	181	11.6	397	11.15	11.25	10.45	100	4	712279	
PLP	9.64	8.38	9.01	9.02	465	9.03	200	9.1	218	0.19	2.11	9.2	3	17026	9.2	289	9.24	70	9.25	362	0	9.25	9.01	0	0	977831	
PLX	50.9	44.3	47.6	47.5	436	47.6	310	47.65	17500	0.1	0.21	47.7	6611	69086	47.7	586	47.8	1502	47.9	58	47.7	47.7	46.6	16329	206	8625782	
PME	67.9	59.1	63.5	62.8	78	62.9	99	63	233	0.5	0.79	64	51	1855	64	30	64.2	10	64.3	126	64	64.5	62.8	0	0	2843860	
PMG	13	11.3	12.15	12.05	309	12.1	413	12.15	173	0	0	12.15	300	3334	12.2	136	12.25	17	12.35	327	12.15	12.3	12.15	0	1947	2020092	
PNC	10.7	9.3	10	0	0	0	0	9.3	95	-0.7	-7	9.3	20	20	10.1	60	10.2	95	10.4	50	9.3	9.3	9.3	0	0	532156	
PNJ	70	61	65.5	64.7	823	64.8	2091	64.9	93	-0.5	-0.76	65	4148	80885	65	499	65.1	1001	65.2	1169	65	65.6	64	23319	23319	0	
POM	7.16	6.24	6.7	6.37	2	6.45	50	6.5	428	0.2	2.99	6.9	20	6612	6.9	601	6.96	150	6.99	1000	6.9	7.16	6.35	0	0	11501697	
POW	11.8	10.3	11.05	11.15	2363	11.2	7342	11.25	34588	0.2	1.81	11.25	34178	846249	11.3	199	11.35	212	11.4	16778	11.25	11.6	10.95	54994	137482	87288585	
PPC	27.45	23.95	25.7	25.2	1693	25.25	3573	25.3	835	-0.4	-1.56	25.3	1887	29078	25.5	1517	25.55	3	25.6	350	25.3	25.65	25.1	4142	2479	10637637	
PTB	57.4	49.95	53.7	52.8	210	52.9	471	53	1013	-0.5	-0.93	53.2	1222	20920	53.2	8	53.3	121	53.4	601	53.2	53.7	51.3	1115	1080	1468899	
PTC	10	8.7	9.35	0	0	0	0	0	0	0	0	9.35	37	38	9.34	498	9.35	1667	9.9	580	0	9.35	9.35	37	0	876729	
PTL	3.37	2.93	3.15	3.15	161	3.16	11	3.18	40	0.18	5.71	3.33	900	1985	3.33	135	3.34	761	3.35	51	0	3.33	3.15	0	900	4880481	
PVD	12.55	10.95	11.75	11.6	38512	11.65	22535	11.7	30344	-0.05	-0.43	11.7	13649	591257	11.75	10318	11.8	28002	11.85	16774	11.7	11.85	11.5	26545	8550	15463421	
PVT	12.45	10.85	11.65	11.6	4481	11.65	5882	11.7	8280	0.05	0.43	11.7	4545	165573	11.75	712	11.8	6504	11.85	7532	11.7	11.85	11.4	24763	6658	6650298	
PXI	2.78	2.42	2.6	2.6	7	2.7	1	2.78	2678	0.18	6.92	2.78	2000	4023	0	0	0	0	0	0	0	2.78	2.6	0	0	1457811	
PXS	4.81	4.19	4.5	4.71	427	4.8	557	4.81	12395	0.31	6.89	4.81	123	26958	0	0	0	0	0	0	4.81	4.81	4.4	0	0	2290817	
PXT	1.81	1.59	1.7	1.7	209	1.8	300	1.81	37098	0.11	6.47	1.81	50	15705	0	0	0	0	0	0	1.81	1.81	1.81	0	0	960326	
QBS	3.85	3.35	3.6	3.83	3236	3.84	1388	3.85	60142	0.25	6.94	3.85	70	119941	0	0	0	0	0	0	0	3.85	3.83	0	0	0	
QCG	8.99	7.83	8.41	8.71	1	8.79	291	8.8	21	0.49	5.83	8.9	5948	84083	8.9	1531	8.92	1100	8.95	40	8.9	8.98	8.27	1603	566	13314368	
RAL	84.5	73.5	79	77.8	31	77.9	17	78	9	-0.5	-0.63	78.5	11	427	78.5	9	78.8	20	79	165	78.5	78.5	78	3	0	544108	
RDP	9.56	8.32	8.94	8.51	20	8.7	30	8.71	50	-0.04	-0.45	8.9	1	588	8.9	79	8.91	150	8.94	2	8.9	8.94	8.71	0	0	1812091	
REE	34.15	29.75	31.95	31.8	294	31.85	15	31.9	5	0	0	31.95	4337	48040	31.95	1121	32	3904	32.05	30	31.95	31.95	31.65	0	300	0	
RIC	4.79	4.17	4.48	4.33	30	4.36	82	4.72	3	0.24	5.36	4.72	27	701	4.76	1	4.77	5	4.78	15	4.72	4.78	4.31	0	0	473285	
ROS	3.94	3.44	3.69	3.45	858082	3.46	529107	3.47	350904	-0.22	-5.96	3.47	458878	6019871	3.48	39981	3.49	13503	3.5	37260	3.47	3.69	3.44	179012	302326	26102185	
S4A	29.4	25.6	27.5	26	1	26.6	100	27	501	0	0	27.5	89	89	27.4	500	27.5	321	28	110	0	27.5	27.5	0	89	2066289	
SAB	191.2	166.2	178.7	177.7	172	177.8	1	178	19	-0.7	-0.39	178	417	4499	179.7	30	179.9	991	180	1029	178	180	177.5	8072	8407	23495976	
SAM	9.89	8.61	9.25	9.17	2860	9.18	2400	9.2	2441	-0.05	-0.54	9.2	830	4546	9.25	541	9.27	850	9.28	100	9.2	9.27	9.16	0	830	12185625	
SAV	10.55	9.21	9.9	9.55	2	9.57	33	9.58	148	-0.33	-3.33	9.57	2	282	9.89	100	9.9	128	10	110	9.57	9.98	9.57	0	0	0	
SBA	15.5	13.5	14.5	14	63	14.2	1075	14.25	47	-0.25	-1.72	14.25	73	831	14.3	28	14.35	241	14.5	248	0	14.4	14.2	0	0	2961980	
SBT	17.25	15.05	16.15	16.1	2646	16.15	13770	16.2	1927	0.05	0.31	16.2	5076	262280	16.3	1922	16.35	2602	16.4	3188	16.2	16.6	15.75	20966	6867	55134724	
SBV	10.7	9.3	10	9.81	100	9.82	50	9.9	14	-0.1	-1	9.9	200	3171	10.1	40	10.3	550	10.35	200	9.9	10.3	9.9	0	0	850673	
SC5	21.4	18.6	20	0	0	0	0	18.6	137	-1.4	-7	18.6	7	257	19.85	10	19.9	41	20	405	18.6	19.9	18.6	0	50	667542	
SCD	23.5	20.5	22	21.4	100	21.5	52	22	235	0	0	22	100	203	22.7	50	22.9	140	23	411	0	23	22	0	0	350166	
SCR	6.46	5.62	6.04	6.42	1666	6.43	755	6.44	1385	0.41	6.79	6.45	19181	1000404	6.45	2439	6.46	17612	0	0	6.45	6.46	6.04	1127	8025	17421262	
SCS	138	120	129	127.6	10	127.8	35	128	31	-1	-0.78	128	139	2461	128.8	40	129	10434	129.5	200	128	129	124.3	622	17	1382820	
SFC	22.45	19.55	21	0	0	0	0	20	120	0	0	21	200	200	22	20	22.2	8	22.4	5	21	21	21	0	200	544500	
SFG	6.43	5.59	6.01	5.88	100	5.9	50	6	12	-0.01	-0.17	6	8	6934	6.01	211	6.1	10	6.14	100	6	6.01	5.85	0	0	2255544	
SFI	20.85	18.15	19.5	18.2	102	18.3	10	18.35	10	-0.65	-3.33	18.85	2	4	18.85	12	18.9	40	19	20	18.85	18.85	18.85	2	0	585610	
SGN	80.2	69.8	75	73	185	73.4	10	73.5	175	-1	-1.33	74	30	1602	74	5	74.4	652	74.5	97	0	75	73	0	0	928393	
SGR	17.65	15.35	16.5	15.4	1	17.6	1	17.65	86	1.15	6.97	17.65	4	235	0	0	0	0	0	0	17.65	17.65	16.9	0	0	2231257	
SGT	5.92	5.16	5.54	5.55	100	5.8	7	5.92	2475	0.38	6.86	5.92	5	316	0	0	0	0	0	0	0	5.92	5.92	0	9	2600249	
SHA	4.65	4.05	4.35	4.21	2100	4.3	100	4.35	150	0.13	2.99	4.48	200	1205	4.48	21	4.49	100	4.5	391	4.48	4.48	4.34	0	0	1456250	
SHI	9.61	8.37	8.99	8.7	631	8.8	463	8.81	28	-0.01	-0.11	8.98	200	27352	8.98	1348	8.99	500	9	8246	8.98	9	8.8	0	0	4195025	
SHP	26.2	22.8	24.5	24.2	2	24.4	500	24.45	10	0	0	24.5	300	1014	24.5	519	25	305	0	0	0	25	24.4	0	0	4123802	
SII	18.9	16.5	17.7	0	0	0	0	16.5	158	-1.05	-5.93	16.65	33	76	16.65	28	16.7	20	17.6	280	16.65	16.65	16.5	0	0	2752	
SJD	18.6	16.2	17.4	17.3	615	17.35	529	17.4	30	0.1	0.57	17.5	1	5464	17.5	499	17.55	260	17.6	1071	0	17.55	17.3	0	0	1569325	
SJF	2.86	2.5	2.68	2.8	4200	2.85	186	2.86	462372	0.18	6.72	2.86	11	20207	0	0	0	0	0	0	2.86	2.86	2.86	0	0	3865613	
SJS	26	22.6	24.3	24.2	1215	24.25	2346	24.3	1321	0	0	24.3	1283	17412	24.45	2993	24.5	487	24.6	100	24.3	24.8	24.05	0	1449	5377916	
SKG	11.35	9.91	10.65	11.2	615	11.25	1292	11.35	1607	0.7	6.57	11.35	7397	69476	0	0	0	0	0	0	11.35	11.35	10.55	0	1200	240039	
SMA	14.2	12.4	13.3	0	0	0	0	12.4	53	-0.5	-3.76	12.8	20	3660	12.8	271	13	40	13.2	189	12.8	13.3	12.8	0	129	929155	
SMB	34.1	29.7	31.9	31.5	627	31.6	112	32	25	0.6	1.88	32.5	150	1630	32.5	18	32.6	320	32.8	230	32.5	32.5	31.5	318	0	1073216	
SMC	11.7	10.2	10.95	10.6	145	10.65	6	10.7	565	-0.05	-0.46	10.9	750	1203	10.9	48	10.95	284	11	353	10.9	11	10.7	0	0	969907	
SPM	12	10.5	11.25	0	0	0	0	0	0	-0.25	-2.22	11	1	397	11	139	11.1	98	11.25	156	0	11.25	10.5	0	0	643025	
SRC	17.65	15.35	16.5	16.45	100	16.5	130	16.55	126	0.35	2.12	16.85	1	2338	16.85	165	16.9	505	17	43	0	16.85	16.2	0	0	1372379	
SRF	14.45	12.65	13.55	12.9	30	12.95	10	13	20	0.05	0.37	13.6	10	177	13.5	189	13.6	499	13.7	500	13.6	14	13.45	0	24	70821	
SSC	56.1	48.85	52.5	0	0	0	0	49.3	5	1.4	2.67	53.9	1	1	54	5	55	4	56	3	53.9	53.9	53.9	0	0	718872	
SSI	16.95	14.75	15.85	15.85	3764	15.9	3648	15.95	170	0.15	0.95	16	26167	654409	16	37364	16.05	3846	16.1	13540	16	16.1	15.4	102485	45607	29983838	
ST8	12.4	10.8	11.6	11.5	3	11.6	2	11.8	1	0.2	1.72	11.8	1	17	12	9	12.2	20	12.4	10	11.8	12	11.8	0	0	0	
STB	11.5	10	10.75	11.4	13238	11.45	11549	11.5	818377	0.75	6.98	11.5	14493	3077599	0	0	0	0	0	0	11.5	11.5	10.6	226296	173603	27171479	
STG	16.5	14.4	15.45	14.45	4	14.5	1	14.55	10	-0.2	-1.29	15.25	1	93	15.25	13	15.3	1	15.35	1	0	15.25	14.4	0	0	4806153	
STK	19.25	16.75	18	18.4	416	18.5	175	18.6	625	0.6	3.33	18.6	1132	26684	18.7	284	18.8	546	18.9	165	18.6	18.6	17.8	1563	0	3054734	
SVC	74.6	65	69.8	65	6	69.6	10	69.7	25	-0.1	-0.14	69.7	75	92	70	1	70.9	1	71	84	69.7	69.7	65	0	10	1147243	
SVI	74.4	64.8	69.6	69.7	37	70	13	72	10	2.4	3.45	72	10	20	73.4	15	73.9	15	74.3	1	72	72	72	20	0	623464	
SVT	19.95	17.35	18.65	0	0	18	1	19.95	764	1.3	6.97	19.95	50	60	0	0	0	0	0	0	0	19.95	19.95	0	0	515365	
SZC	23.4	20.4	21.9	21.9	1759	21.95	1146	22	86	0.1	0.46	22	2347	157406	22.05	832	22.1	2455	22.15	3283	22	22.4	21.35	1825	0	4859790	
SZL	44.4	38.6	41.5	42.8	70	42.9	101	43	150	1.5	3.61	43	1085	16162	43.2	15	43.3	102	43.45	100	43	44	41.45	1788	85	809727	
TAC	36.35	31.65	34	36.25	50	36.3	57	36.35	2981	2.35	6.91	36.35	59	3253	0	0	0	0	0	0	36.35	36.35	35.8	0	59	1617286	
TBC	25.65	22.35	24	23.2	30	23.5	442	23.6	300	0	0	24	2	402	24	118	24.2	20	24.5	20	24	24	23.5	0	0	3079105	
TCB	23.05	20.05	21.55	21.65	1825	21.7	680	21.75	812	0.3	1.39	21.85	37932	229588	21.85	8608	21.9	18302	21.95	11036	21.85	21.95	21.25	31582	31582	0	
TCD	9.73	8.47	9.1	8.47	70	8.5	150	8.61	9	-0.49	-5.38	8.61	2	212	9.1	167	9.25	82	9.46	179	8.61	9.47	8.61	100	0	1444441	
TCH	24.2	21.1	22.65	23.15	4678	23.2	2837	23.25	3	0.6	2.65	23.25	13135	451394	23.3	130	23.35	2103	23.4	220	23.25	23.6	22.15	9955	630	16141135	
TCL	27.65	24.05	25.85	25.6	144	25.8	498	25.85	33	0.05	0.19	25.9	76	5491	25.9	3	25.95	1509	26	715	25.9	26	25.8	0	0	1059539	
TCM	21.3	18.6	19.95	19.95	246	20	317	20.15	1315	0.25	1.25	20.2	8318	138149	20.2	528	20.25	419	20.3	512	20.2	20.6	19.5	0	330	0	
TCO	10.15	8.84	9.5	0	0	8.84	11	8.85	10	0	0	9.5	1	1	9.5	10	10	4	10.15	1	0	9.5	9.5	0	0	873491	
TCR	3.19	2.79	2.99	2.85	502	2.9	300	2.95	200	0.16	5.35	3.15	1000	2047	3.15	285	3.17	10	3.18	150	3.15	3.15	2.99	0	0	0	
TCT	34.2	29.8	32	31.8	225	31.9	176	32	10	0.2	0.62	32.2	1	340	32.2	29	32.3	2	32.4	150	32.2	32.2	31.8	100	0	374733	
TDC	8.9	7.74	8.32	8.34	156	8.35	595	8.37	390	0.06	0.72	8.38	597	27539	8.38	31	8.39	1105	8.4	715	8.38	8.38	8.2	4600	6500	4672695	
TDG	1.9	1.66	1.78	1.88	315	1.89	218	1.9	49258	0.12	6.74	1.9	100	174103	0	0	0	0	0	0	1.9	1.9	1.74	0	0	781711	
TDH	10.25	8.93	9.6	10.15	2120	10.2	13905	10.25	14331	0.65	6.77	10.25	7946	414136	0	0	0	0	0	0	10.25	10.25	9.55	57534	249264	2081033	
TDM	24.9	21.7	23.3	23.4	373	23.5	1054	23.6	1168	0.35	1.5	23.65	330	25529	23.65	320	23.7	246	23.8	20	23.65	24	22.85	4007	829	3673014	
TDW	27.9	24.3	26.1	0	0	0	0	26.1	20	0	0	0	0	0	27	50	27.5	106	0	0	0	0	0	0	0	394356	
TEG	6.08	5.3	5.69	5.43	150	5.45	10	5.46	118	-0.19	-3.34	5.5	2146	8582	5.5	842	5.57	31	5.58	531	5.5	5.65	5.45	0	0	1574537	
TGG	1.21	1.07	1.14	1.19	100	1.2	1104	1.21	29978	0.07	6.14	1.21	2	14672	0	0	0	0	0	0	0	1.21	1.21	0	0	1271254	
THG	59.8	52	55.9	56	19	56.1	2	56.4	2	0.7	1.25	56.6	4	1845	56.6	33	56.9	31	57	512	56.6	56.9	55.9	20	0	640154	
THI	29.5	25.7	27.6	26.7	5	27	350	27.3	100	0	0	0	0	0	29.5	103	0	0	0	0	0	0	0	0	0	2388065	
TIP	23.5	20.5	22	22	298	22.05	2000	22.1	1035	0.1	0.45	22.1	1000	18336	22.2	218	22.25	1245	22.3	360	22.1	22.6	21.6	10	0	1007172	
TIX	33.55	29.25	31.4	0	0	0	0	0	0	-2.15	-6.85	29.25	1	1	33.5	2	33.55	150	0	0	29.25	29.25	29.25	0	0	1467467	
TLD	6.84	5.96	6.4	6	200	6.02	25	6.05	24	-0.35	-5.47	6.05	651	10374	6.1	200	6.17	1	6.18	1	6.05	6.45	6.05	0	0	891197	
TLG	36.15	31.45	33.8	33.5	1043	33.55	271	33.6	558	-0.2	-0.59	33.6	628	26792	33.7	8	33.75	138	33.8	737	33.6	33.95	33.5	8605	0	5915084	
TLH	4.16	3.62	3.89	3.79	3000	3.82	32	3.83	2000	0	0	3.89	1073	33248	3.89	282	3.9	1699	3.92	1007	3.89	3.94	3.66	0	0	4907132	
TMP	37.7	32.8	35.25	35.1	5	35.25	268	35.3	141	0.05	0.14	35.3	49	63	35.8	17	36	14	36.5	20	0	36	35.3	41	0	3406301	
TMS	28.05	24.45	26.25	26.45	340	26.5	160	26.55	1	0.65	2.48	26.9	42	1624	26.85	48	26.9	1	26.95	200	26.9	27	26.45	0	0	0	
TMT	6.52	5.68	6.1	5.68	150	5.69	10	5.7	164	0.09	1.48	6.19	1	103	6.19	99	6.2	7	6.45	1	6.19	6.19	6	0	0	1734905	
TN1	70.6	61.4	66	65.6	25	66	39	66.3	6	0.3	0.45	66.3	50	439	69	237	69.5	20	70	30	0	69	66.3	0	0	649230	
TNA	21.25	18.55	19.9	19.5	2000	19.6	1505	19.7	547	-0.2	-1.01	19.7	1183	27785	19.8	200	19.85	10	19.9	1334	19.7	19.9	19.3	2468	0	1478724	
TNC	22.25	19.35	20.8	19.35	550	19.4	10	22.25	1175	1.45	6.97	22.25	2325	2660	0	0	0	0	0	0	22.25	22.25	19.4	0	0	898642	
TNI	9.08	7.9	8.49	8.6	1	8.7	1	8.76	21	0.27	3.18	8.76	1566	526309	8.77	2	8.78	1000	8.8	15392	8.76	9.08	7.9	333	14675	2522383	
TNT	1.87	1.63	1.75	1.82	130	1.85	3825	1.87	3026	0.12	6.86	1.87	1	70104	0	0	0	0	0	0	1.87	1.87	1.68	0	1000	1240573	
TPB	23.15	20.15	21.65	21.7	439	21.75	409	21.8	9	0.35	1.62	22	3724	12673	22	2421	22.1	2416	22.15	1	22	22	21.65	0	0	0	
TPC	8.95	7.79	8.37	8.1	10	8.15	1	8.16	1	-0.21	-2.51	8.16	1	11	8.29	2	8.3	50	8.4	20	0	8.29	7.79	0	0	1156357	
TRA	62.1	54.1	58.1	57.5	87	58	25	58.1	65	0	0	58.1	2	155	58.4	197	58.5	300	58.8	134	0	58.4	58.1	0	0	207919	
TRC	32.1	27.9	30	30	500	30.1	1060	30.2	180	0.1	0.33	30.1	120	2550	30.7	30	30.8	50	30.95	50	30.1	30.5	30	0	1320	1220891	
TS4	3.9	3.4	3.65	3.73	42	3.74	500	3.9	2440	0.25	6.85	3.9	39	4551	0	0	0	0	0	0	0	3.9	3.65	0	10	761764	
TSC	2.77	2.41	2.59	2.75	100	2.76	150	2.77	141409	0.18	6.95	2.77	200	65498	0	0	0	0	0	0	0	2.77	2.77	0	0	7176329	
TTB	6.18	5.38	5.78	6.16	1300	6.17	50	6.18	6948	0.4	6.92	6.18	2	235106	0	0	0	0	0	0	6.18	6.18	5.7	872	50	2271066	
TTE	14.8	12.9	13.85	0	0	0	0	0	0	0	0	0	0	0	13.8	2	13.85	69	13.9	5	0	0	0	0	0	1452958	
TTF	3.61	3.15	3.38	3.49	1468	3.5	6979	3.51	14130	0.14	4.14	3.52	29774	589517	3.52	2800	3.54	500	3.55	14339	3.52	3.59	3.29	8528	0	15141136	
TV2	84.7	73.7	79.2	78	299	78.1	101	78.2	33	-1	-1.26	78.2	68	7276	79	452	79.4	50	79.5	30	78.2	79.5	77.1	256	107	16561	
TVB	10.5	9.17	9.85	9.93	9	9.94	1532	9.99	2014	0.14	1.42	9.99	559	49479	10	3631	10.05	2915	10.1	3576	9.99	10.05	9.78	441	10	2348625	
TVS	11.4	9.96	10.7	10.55	220	10.6	150	10.7	316	0	0	10.7	991	3688	10.8	100	10.85	300	10.9	720	10.7	10.7	10.7	0	0	2176262	
TVT	21.9	19.1	20.5	20.1	310	20.15	461	20.3	541	0	0	20.5	20	371	20.5	489	20.55	14	20.6	10	0	20.5	19.8	0	0	1026441	
TYA	14.2	12.4	13.3	13.2	291	13.25	200	13.3	1	0.05	0.38	13.35	91	2996	13.35	383	13.4	275	13.45	240	13.35	13.4	13.1	0	500	403148	
UDC	4.33	3.77	4.05	4.31	250	4.32	84	4.33	3955	0.28	6.91	4.33	500	12849	0	0	0	0	0	0	4.33	4.33	4.25	0	0	1713499	
UIC	39.8	34.6	37.2	36.5	20	36.9	50	37	460	0.2	0.54	37.4	200	1721	37.4	81	37.5	643	37.6	245	0	37.5	37.3	1401	490	220730	
VAF	7.76	6.76	7.26	0	0	6.76	4	7.76	50	0.5	6.89	7.76	1	1	0	0	0	0	0	0	0	7.76	7.76	0	0	1845588	
VCB	95.7	83.3	89.5	89.3	2158	89.4	1292	89.5	39	0.1	0.11	89.6	7229	79359	89.6	5528	89.7	5681	89.8	5315	89.6	89.8	89.3	309715	281424	22940140	
VCF	235.4	204.6	220	212	1	212.1	1	215	1	-0.2	-0.09	219.8	9	34	219.8	18	220	10	223	3	0	220	219.8	0	0	1287802	
VCI	26.55	23.15	24.85	25	5244	25.05	757	25.1	2832	0.4	1.61	25.25	673	106000	25.25	337	25.3	1685	25.35	637	25.25	25.4	24.35	32622	2905	11751144	
VDP	39.25	34.15	36.7	34.3	2	34.35	2	34.4	9	0	0	0	0	0	36.4	200	36.5	4	36.7	207	0	0	0	0	0	622113	
VDS	6.63	5.77	6.2	6.02	140	6.04	1	6.06	5	0.05	0.81	6.25	1	1166	6.25	508	6.3	451	6.4	35	0	6.25	6.2	0	0	4865369	
VFG	40.95	35.65	38.3	37.5	100	38.1	50	38.2	6	0	0	0	0	0	38.85	8	38.9	2	38.95	2	0	0	0	0	0	1484469	
VGC	20.45	17.85	19.15	18.95	3110	19	2204	19.05	1328	-0.05	-0.26	19.1	1546	39572	19.1	538	19.15	1910	19.2	3341	19.1	19.2	19	10550	0	17532220	
VHC	42.3	36.8	39.55	38.1	167	38.15	9	38.2	27	-1.2	-3.03	38.35	1433	109531	38.35	276	38.4	130	38.5	2115	38.35	39.2	37.75	585	13534	12305713	
VHM	83	72.2	77.6	77.2	1048	77.3	2882	77.4	1	-0.1	-0.13	77.5	22169	321898	77.5	401	77.6	5825	77.7	2531	77.5	77.8	76.9	82527	28882	117580274	
VIC	102.9	89.5	96.2	95.4	1521	95.5	5120	95.6	2753	-0.6	-0.62	95.6	2606	48849	96	266	96.1	105	96.2	596	95.6	96.2	95.4	18726	23602	76857299	
VID	8.76	7.62	8.19	8.3	250	8.5	1072	8.6	1905	0.41	5.01	8.6	331	41029	8.75	2	8.76	1720	0	0	8.6	8.76	8.2	0	8679	1354422	
VIP	5.58	4.86	5.22	5.1	70	5.15	201	5.16	1006	-0.06	-1.15	5.16	900	3839	5.22	712	5.24	350	5.25	873	5.16	5.22	5.16	0	1201	2946394	
VIS	20.3	17.7	19	0	0	0	0	17.7	87	1	5.26	20	20	20	20	34	20.3	100	0	0	20	20	20	0	0	1910919	
VJC	126	109.6	117.8	117.5	721	117.6	538	117.7	23	0	0	117.8	3152	54433	117.8	1339	117.9	292	118	775	117.8	118.4	117.4	6681	9166	6271729	
VMD	22.55	19.65	21.1	20.3	95	20.4	4	20.5	5	0	0	0	0	0	21.1	21	21.15	10	22.45	2	0	0	0	0	0	728916	
VND	14.6	12.7	13.65	13.55	2500	13.6	561	13.65	203	0.1	0.73	13.75	3340	122616	13.75	799	13.8	1667	13.85	1453	13.75	13.85	13.3	19455	16200	2870397	
VNE	4.94	4.3	4.62	4.4	2620	4.41	712	4.42	166	-0.2	-4.33	4.42	1550	29172	4.5	575	4.54	385	4.56	1057	4.42	4.6	4.4	40	0	3926587	
VNG	15.7	13.7	14.7	15.6	521	15.65	346	15.7	864	1	6.8	15.7	982	33579	0	0	0	0	0	0	15.7	15.7	14.8	3593	0	4752598	
VNL	14.75	12.85	13.8	13.2	81	13.5	45	14	7	0	0	0	0	0	14.75	20	0	0	0	0	0	0	0	0	0	357640	
VNM	133.7	116.3	125	122.8	2183	122.9	555	123	4301	-2	-1.6	123	11381	124218	124	32	125	1633	125.1	10	123	126	122.8	81740	62963	71466018	
VNS	11.75	10.25	11	10.75	112	10.8	130	10.85	20	0	0	11	11	76	11	212	11.1	2	11.2	102	11	11	10.85	0	0	1947013	
VOS	1.66	1.46	1.56	1.63	303	1.65	88	1.66	40333	0.1	6.41	1.66	20	162686	0	0	0	0	0	0	1.66	1.66	1.5	39000	0	6561682	
VPB	25.75	22.45	24.1	24	9503	24.05	3736	24.1	10357	0.05	0.21	24.15	29185	560159	24.15	8090	24.2	2266	24.25	13970	24.15	24.5	23.5	0	6346	0	
VPD	15.6	13.6	14.6	14	160	14.1	2	14.5	91	-0.1	-0.68	14.5	9	1436	14.7	436	14.8	329	14.9	400	14.5	14.6	14.5	0	0	5218527	
VPG	20.3	17.7	19	19.2	3	19.3	15	19.5	1	0.9	4.74	19.9	117	8047	19.9	48	20	215	20.1	200	19.9	19.9	17.7	0	140	1295044	
VPH	5.55	4.83	5.19	5.27	300	5.28	40	5.3	673	0.11	2.12	5.3	1000	14870	5.4	765	5.44	602	5.45	1599	5.3	5.45	5.11	200	3851	3416650	
VPI	44.2	38.5	41.35	41.3	320	41.35	186	41.4	200	0.15	0.36	41.5	742	59366	41.5	643	41.6	629	41.65	10	41.5	41.8	41	0	699	7247642	
VPS	10.9	9.49	10.2	9.51	90	9.6	5	9.7	2	-0.1	-0.98	10.1	1	2	10.1	48	10.2	315	10.8	10	10.1	10.1	10.1	0	0	1181843	
VRC	9.5	8.26	8.88	8.92	1200	8.95	330	9	1190	0.12	1.35	9	2001	41439	9.05	82	9.1	75	9.14	100	9	9.36	8.51	253	0	2388444	
VRE	29.85	25.95	27.9	27.8	202	27.85	11	27.9	25	0.05	0.18	27.95	13595	211990	27.95	3511	28	6789	28.1	689	27.95	28	27.2	46838	65945	42283576	
VSC	31	27	29	29.6	144	29.65	213	29.7	48	1	3.45	30	9063	68021	30	4972	30.1	101	30.2	100	30	30	28.55	11613	35232	843454	
VSH	18.9	16.5	17.7	17.4	311	17.45	880	17.5	445	-0.2	-1.13	17.5	716	1092	17.95	110	18	1240	18.05	1	17.5	17.95	17.4	0	1086	7538696	
VSI	23.95	20.85	22.4	0	0	0	0	20.85	2	0.75	3.35	23.15	301	620	23.15	23	23.25	19	23.5	200	0	23.2	22	0	0	639846	
VTB	11.25	9.82	10.55	10.25	552	10.3	275	10.35	142	-0.05	-0.47	10.5	19	3664	10.5	391	10.65	1206	10.8	80	10.5	10.65	10.35	0	2716	506997	
VTO	8.23	7.17	7.7	7.66	330	7.67	120	7.7	5	0	0	7.7	915	2444	7.74	3	7.75	200	7.8	290	7.7	7.7	7.62	1000	588	3724458	
YBM	5.35	4.65	5	4.75	150	4.76	332	4.77	233	-0.23	-4.6	4.77	344	2824	4.89	7	4.9	993	4.96	700	4.77	5	4.76	44	0	689712	
YEG	61.7	53.7	57.7	57.4	5	57.5	126	57.6	98	-0.1	-0.17	57.6	200	2342	58.1	35	58.2	100	58.3	46	57.6	58.3	57.5	0	238	2167557	
