HNX
113.64
-0.49	-0.43
79980115	915.74	
AAV	6.3	5.3	5.8	0	0	5.3	6300	5.4	1280	-0.4	-6.9	5.4	50	43560	5.5	300	5.6	1530	5.7	2920	5.9	5.4	5.62	0	0	0	
ACB	27.6	22.6	25.1	24.6	5860	24.7	9640	24.8	10450	-0.3	-1.2	24.8	900	1092960	24.9	2030	25	7280	25.1	9260	26.5	24.8	25.55	0	0	0	
ACM	0.7	0.5	0.6	0	0	0	0	0.5	98670	0	0	0.6	350	15250	0.6	137840	0.7	73620	0	0	0.6	0.5	0.56	0	0	2471768	
ADC	15.5	12.7	14.1	13	200	13.4	20	13.5	40	0	0	0	0	0	14.1	80	14.2	30	14.6	220	0	0	14.1	0	0	104819	
ALT	14.1	11.7	12.9	0	0	0	0	0	0	0	0	0	0	0	12.9	190	13	3000	13.9	300	0	0	12.9	0	0	282665	
AMC	21.1	17.3	19.2	0	0	17.8	150	18	50	0	0	0	0	0	19.2	200	19.3	380	21.1	350	0	0	19.2	0	0	128530	
AME	7.5	6.3	6.9	6.3	30	6.4	100	6.9	130	0	0	6.9	10	10	7.5	50	0	0	0	0	6.9	6.9	6.9	0	0	1092630	
AMV	18.8	15.4	17.1	16.6	910	16.7	3670	16.8	7710	-0.3	-1.75	16.8	120	41980	16.9	1450	17	4880	17.1	4060	17.2	16.8	16.96	0	0	1771028	
API	9.9	8.1	9	9	60	9.4	10	9.5	20	0	0	0	0	0	0	0	0	0	0	0	0	0	9	0	0	177097	
APP	4.8	4	4.4	0	0	0	0	4	100	0	0	0	0	0	4.3	200	4.4	590	4.8	90	0	0	4.4	0	0	226431	
APS	2.7	2.3	2.5	0	0	0	0	0	0	-0.2	-8	2.3	100	1830	0	10	2.4	1420	2.6	1140	2.6	2.3	2.4	0	0	2750605	
ARM	32.5	26.7	29.6	0	0	0	0	27.1	40	0	0	0	0	0	0	0	0	0	0	0	0	0	29.6	0	0	126933	
ART	3	2.6	2.8	0	0	2.6	116400	2.7	2150	-0.1	-3.57	2.7	20	239890	2.8	96800	2.9	96410	3	189030	2.9	2.7	2.74	0	20	4206998	
ATS	29.3	24.1	26.7	0	0	0	0	0	0	0	0	0	0	0	0	0	0	0	0	0	0	0	26.7	0	0	171480	
BAX	47.1	38.7	42.9	39.3	100	40	100	40.5	150	-0.1	-0.23	42.8	20	1110	43.8	30	43.9	60	44	70	43	42.8	42.91	450	930	386650	
BBS	12.6	10.4	11.5	0	0	0	0	0	0	0	0	0	0	0	0	0	0	0	0	0	0	0	11.5	0	0	291494	
BCC	8.4	7	7.7	7.4	700	7.5	4680	7.6	6120	0	0	7.7	130	31160	7.7	710	7.8	1940	7.9	3170	7.8	7.6	7.72	0	5120	4905886	
BCF	58.3	47.7	53	0	0	0	0	0	0	0	0	0	0	0	53	470	54	60	55	90	0	0	53	0	0	0	
BDB	11.8	9.8	10.8	0	0	0	0	0	0	0	0	0	0	0	11	100	0	0	0	0	0	0	10.8	0	0	55197	
BED	36.3	29.7	33	0	0	0	0	0	0	0	0	0	0	0	33	10	0	0	0	0	0	0	33	0	0	147000	
BII	0.9	0.7	0.8	0	0	0	0	0.7	22150	0	0	0.8	10	16950	0.8	55160	0.9	33180	0	0	0.8	0.7	0.73	0	0	2470175	
BKC	6.1	5.1	5.6	5.1	100	5.2	100	5.3	50	0	0	0	0	0	0	0	0	0	0	0	0	0	5.6	0	0	573668	
BLF	3.3	2.7	3	0	0	0	0	0	0	0	0	0	0	0	0	0	0	0	0	0	0	0	3	0	0	536148	
BPC	12.5	10.3	11.4	0	0	10.3	150	10.5	20	0	0	0	0	0	11.4	50	11.9	100	12	20	0	0	11.4	0	0	178873	
BSC	16.7	13.7	15.2	0	0	0	0	0	0	0	0	0	0	0	0	0	0	0	0	0	0	0	15.2	0	0	139186	
BST	16.1	13.3	14.7	0	0	0	0	13.3	10	0.8	5.44	15.5	40	150	15.3	30	16	140	16.1	120	15.5	15.5	15.5	0	0	53740	
BTS	4.7	3.9	4.3	0	0	0	0	3.9	10	0	0	0	0	0	4.4	80	4.5	10	4.6	50	0	0	4.3	0	0	5863673	
BTW	39.6	32.4	36	0	0	0	0	0	0	-3.6	-10	32.4	90	210	36	110	0	0	0	0	36	32.4	34.11	0	0	265111	
BVS	10.4	8.6	9.5	9.2	340	9.3	210	9.4	2410	0	0	9.5	60	14830	9.5	70	9.6	2370	9.7	2550	9.6	9.4	9.49	3000	2000	1672827	
BXH	15.9	13.1	14.5	0	0	13.1	10	15.9	500	0	0	0	0	0	0	0	0	0	0	0	0	0	14.5	0	0	147589	
C69	6.2	5.2	5.7	5.5	2390	5.6	2300	5.7	10	0	0	5.7	130	16240	5.8	1030	5.9	1540	6	2390	5.8	5.6	5.68	0	0	734960	
C92	6.1	5.1	5.6	0	0	0	0	0	0	-0.5	-8.93	5.1	20	50	5.1	760	6.1	30	0	0	5.1	5.1	5.1	0	0	258285	
CAG	94.4	77.4	85.9	0	0	0	0	0	0	0	0	0	0	0	0	10	77.4	50	85.9	30	0	0	85.9	0	0	676200	
CAN	24.2	19.8	22	20.5	50	21	50	21.1	30	0	0	0	0	0	24.2	30	0	0	0	0	0	0	22	0	0	123068	
CAP	31.9	26.1	29	28.6	230	28.7	130	28.8	50	-0.1	-0.34	28.9	20	430	28.9	130	29	270	29.1	170	29	28.7	28.95	20	0	248268	
CDN	20.7	17.1	18.9	18.7	110	18.9	10	19.2	140	0.3	1.59	19.2	60	590	19.3	120	19.5	10	20	950	19.3	18.5	18.86	150	0	2739345	
CEO	8.4	7	7.7	7.4	19610	7.5	11290	7.6	7280	0	0	7.7	50	61740	7.7	19860	7.8	38150	7.9	41020	7.8	7.6	7.69	0	0	8578232	
CET	1.9	1.7	1.8	0	0	1.7	490	1.8	1200	0.1	5.56	1.9	10	22100	1.9	1170	0	0	0	0	1.9	1.8	1.9	0	10	296060	
CIA	12.8	10.6	11.7	11.4	60	11.5	140	11.6	60	-0.1	-0.85	11.6	10	440	11.7	50	11.8	170	12	120	11.7	11.6	11.62	0	0	565434	
CJC	18.8	15.4	17.1	0	0	0	0	0	0	0	0	0	0	0	17.5	100	18	300	0	0	0	0	17.1	0	0	194710	
CKV	15.4	12.6	14	0	0	12.6	20	13	90	-1	-7.14	13	10	20	13.5	90	14.2	90	14.5	180	13.5	13	13.25	0	0	145197	
CLH	19.2	15.8	17.5	16.1	500	16.4	530	16.9	20	-0.2	-1.14	17.3	10	120	17.4	40	17.5	100	17.7	110	17.3	17	17.02	0	0	488530	
CLM	17.6	14.4	16	0	0	14.6	50	14.7	10	0	0	0	0	0	17.6	50	0	0	0	0	0	0	16	0	0	0	
CMC	5.8	4.8	5.3	0	0	4.8	30	5	10	0	0	0	0	0	5.7	20	5.8	10	0	0	0	0	5.3	0	0	217430	
CMS	2.9	2.5	2.7	0	0	0	0	2.5	400	-0.1	-3.7	2.6	750	1650	2.6	350	2.7	3400	2.8	1360	2.6	2.5	2.55	0	850	816716	
CPC	17.8	14.6	16.2	0	0	0	0	15.3	20	-0.8	-4.94	15.4	10	10	15.9	20	16	10	16.1	100	15.4	15.4	15.4	0	0	127897	
CSC	24.8	20.4	22.6	21.6	40	21.7	20	22	50	-0.1	-0.44	22.5	20	540	22.5	20	22.6	180	22.7	30	22.5	21.6	21.93	0	0	942189	
CTB	37.4	30.6	34	0	0	0	0	30.6	10	0	0	0	0	0	36	70	37.3	50	37.4	10	0	0	34	0	0	586195	
CTC	3.6	3	3.3	0	0	0	0	0	0	0	0	0	0	0	0	0	0	0	0	0	0	0	3.3	0	0	430569	
CTP	3.3	2.7	3	3	350	3.3	2840	0	140	0.3	10	3.3	10	8760	0	0	0	0	0	0	3.3	3	3.29	0	0	583701	
CTT	10.5	8.7	9.6	0	0	0	0	9.6	300	0	0	0	0	0	0	0	0	0	0	0	0	0	9.6	0	0	228970	
CTX	9.9	8.1	9	8.8	200	8.9	300	9	70	0.2	2.22	9.2	10	150	9.2	60	9.5	60	9.6	60	9.2	8.9	8.97	0	0	3865356	
CVN	11.4	9.4	10.4	10.1	150	10.4	90	10.5	1990	0.1	0.96	10.5	10	11640	10.7	290	10.8	170	11	20	10.8	10.4	10.5	0	0	404110	
CX8	9.4	7.8	8.6	0	0	0	0	0	0	0	0	0	0	0	0	0	0	0	0	0	0	0	8.6	0	0	102786	
D11	33.9	27.9	30.9	29.6	220	30	20	30.6	30	0	0	30.9	100	3380	30.9	80	31	200	31.7	270	32	28.6	30.08	0	0	320422	
DAD	17.6	14.4	16	0	0	0	0	14.4	10	-0.4	-2.5	15.6	10	20	15.6	20	15.7	60	15.8	190	15.6	14.8	15.2	10	0	93960	
DAE	15.6	12.8	14.2	13.5	20	13.7	10	13.8	400	0.1	0.7	14.3	10	20	14.3	190	14.4	200	14.8	30	14.3	14.3	14.3	0	10	61242	
DBT	12.2	10	11.1	10	100	10.4	200	10.8	150	-0.3	-2.7	10.8	30	550	11.5	10	11.6	200	11.7	400	11.5	10.8	11.44	0	0	0	
DC2	7.2	6	6.6	0	0	0	0	6.1	1500	-0.1	-1.52	6.5	690	690	6.5	300	6.7	500	0	0	6.5	6.5	6.5	0	0	123460	
DC4	16.2	13.4	14.8	0	0	0	0	0	0	0	0	0	0	0	13.4	280	14	100	14.4	110	0	0	14.8	0	0	1468583	
DDG	30.5	25.1	27.8	27.5	240	27.6	240	27.7	10	0	0	27.8	10	9890	27.8	320	28	310	28.1	170	28	27.7	27.8	0	0	1199990	
DGC	43.1	35.3	39.2	38.7	530	38.8	870	38.9	60	-0.3	-0.77	38.9	120	27200	39	280	39.1	30	39.4	280	40.6	38.6	39.52	255	20	6232255	
DHP	11.7	9.7	10.7	0	0	0	0	0	0	0	0	0	0	0	11.6	10	0	0	0	0	0	0	10.7	0	0	414397	
DHT	49.5	40.5	45	43.9	50	44	140	44.1	80	-0.2	-0.44	44.8	10	2730	44.7	50	44.8	270	44.9	160	45.3	44.1	44.55	0	0	969355	
DIH	16.3	13.5	14.9	0	0	0	0	0	0	-1.4	-9.4	13.5	10	10	14.6	30	14.7	50	16.1	50	13.5	13.5	13.5	0	0	293414	
DL1	15.4	12.6	14	0	0	0	0	0	0	0.9	6.43	14.9	10	10	14.9	50	15	30	0	0	14.9	14.9	14.9	0	0	4853751	
DNC	61.3	50.3	55.8	0	0	0	0	0	0	0	0	0	0	0	60	30	61	20	61.3	20	0	0	55.8	0	0	200562	
DNM	37.9	31.1	34.5	33.5	310	33.6	540	33.7	10	-0.8	-2.32	33.7	20	860	34.2	30	34.3	40	34.4	20	34	33.5	33.63	0	0	196636	
DNP	18.7	15.3	17	16	110	16.1	100	16.2	260	0	0	17	10	3760	17	2150	17.2	400	17.5	500	17	15.3	16.84	0	590	3021428	
DNY	1.8	1.6	1.7	0	0	0	0	1.6	160	0.1	5.88	1.8	10	720	0	0	0	0	0	0	1.8	1.6	1.65	0	710	1297582	
DP3	92.8	76	84.4	82.8	510	82.9	770	83	80	-1.4	-1.66	83	10	2130	83.2	20	83.5	20	84	20	83.5	82.9	83.01	30	0	417494	
DPC	11.3	9.3	10.3	9.6	30	9.8	110	9.9	10	0	0	10.3	50	200	10.5	50	10.6	20	10.8	50	10.3	10.3	10.3	0	0	106768	
DPS	0.3	0.1	0.2	0	0	0	0	0	0	0	0	0	0	0	0	0	0	0	0	0	0	0	0.2	0	0	1511121	
DS3	3.9	3.3	3.6	0	0	3.3	5160	3.4	2320	-0.1	-2.78	3.5	100	6100	3.5	200	3.6	2430	3.7	3090	3.7	3.5	3.59	100	0	521176	
DST	4.9	4.1	4.5	4.2	10750	4.3	12100	4.4	10810	-0.1	-2.22	4.4	1120	100180	4.5	990	4.6	150	4.7	3980	4.9	4.1	4.48	0	0	95	
DTD	13.8	11.4	12.6	11.8	190	11.9	480	12	1290	-0.6	-4.76	12	50	9130	12.1	310	12.2	420	12.4	500	12.6	12	12.26	0	0	1202579	
DXP	11.2	9.2	10.2	9.5	50	9.6	270	10	530	-0.1	-0.98	10.1	100	150	10.2	1050	10.4	50	11	60	10.1	10	10.09	0	0	279387	
DZM	3.7	3.1	3.4	0	0	0	0	3.1	1950	-0.2	-5.88	3.2	100	8730	3.2	180	3.4	400	3.6	750	3.6	3.2	3.29	0	0	210889	
EBA	9.9	8.1	9	0	0	9	20	9.9	50	0	0	0	0	0	0	0	0	0	0	0	0	0	9	0	0	1550000	
EBS	7.7	6.3	7	6.5	100	6.7	30	6.9	20	0	0	0	0	0	7.1	180	7.7	80	0	0	0	0	7	0	0	415210	
ECI	17.6	14.4	16	0	0	0	0	0	0	0	0	0	0	0	0	0	0	0	0	0	0	0	16	0	0	81210	
EID	12.2	10	11.1	10.6	260	10.7	510	10.8	420	-0.2	-1.8	10.9	20	1070	10.9	290	11	1660	11.1	1520	10.9	10.8	10.87	0	710	384085	
EVS	9.5	7.9	8.7	0	0	0	0	0	0	0	0	8.7	20	20	8.6	2340	8.7	720	8.8	100	8.7	8.7	8.7	0	0	6000040	
FDT	42.6	35	38.8	0	0	0	0	0	0	0	0	0	0	0	0	0	0	0	0	0	0	0	38.8	0	0	149670	
FID	1.3	1.1	1.2	0	0	0	0	0	0	-0.1	-8.33	1.1	40	3400	1.1	7420	1.2	3740	1.3	1770	1.1	1.1	1.1	0	0	1151466	
GDW	35	28.8	31.9	0	0	0	0	0	0	-3.1	-9.72	28.8	10	30	0	10	28.8	60	29	680	34.9	28.8	30.83	0	0	415360	
GKM	19.5	16.1	17.8	17	40	17.1	460	17.3	20	0	0	17.8	50	10320	17.8	730	17.9	930	18	790	17.8	17.3	17.7	0	0	729301	
GLT	25.8	21.2	23.5	0	0	21.2	10	21.8	30	0	0	0	0	0	22.5	90	23.7	140	23.9	20	0	0	23.5	0	0	247752	
GMX	26.4	21.6	24	0	0	21.7	50	22	160	-2.4	-10	21.6	10	10	26.4	10	0	0	0	0	21.6	21.6	21.6	0	10	250104	
HAD	15.6	12.8	14.2	13.9	70	14	20	14.1	100	0.2	1.41	14.4	10	880	14.4	50	14.5	850	14.7	100	14.4	14.2	14.2	0	230	156539	
HAT	21.7	17.9	19.8	18.6	1300	19.1	100	19.2	50	0	0	0	0	0	19.7	30	19.8	180	20	170	0	0	19.8	0	0	129692	
HBE	7.4	6.2	6.8	0	0	0	0	0	0	0.2	2.94	7	40	110	7	20	0	0	0	0	7	7	7	0	0	62866	
HBS	2.2	1.8	2	0	0	1.8	4150	1.9	150	0	0	2	50	850	2	470	2.2	2680	0	0	2	2	2	0	0	1594525	
HCC	12.2	10	11.1	11	70	11.2	500	11.4	240	0.3	2.7	11.4	100	1800	11.5	370	11.7	100	11.8	10	11.4	10.9	11.21	0	0	221080	
HCT	11	9	10	0	0	0	0	0	0	-1	-10	9	10	150	9	140	10	100	10.2	50	11	9	9.47	10	0	44112	
HDA	9.7	8.1	8.9	8.4	100	8.5	1250	8.6	3660	-0.2	-2.25	8.7	20	29760	8.7	460	8.8	930	8.9	1300	9	8.7	8.81	0	1000	497497	
HEV	16.9	13.9	15.4	0	0	0	0	0	0	0	0	15.4	50	50	15.4	120	15.5	30	16.9	1980	15.4	15.4	15.4	0	0	10644	
HGM	36.1	29.7	32.9	0	0	0	0	0	0	0	0	0	0	0	36	10	0	0	0	0	0	0	32.9	0	0	615040	
HHC	111.1	90.9	101	0	0	0	0	0	0	0	0	0	0	0	102	10	105	30	0	0	0	0	101	0	0	799044	
HHG	1.2	1	1.1	0	0	1	18150	1.1	15180	0.1	9.09	1.2	10	15800	1.2	1070	0	0	0	0	1.2	1.1	1.2	0	0	1652928	
HHP	13	10.8	11.9	11.5	2910	11.6	2060	11.7	1010	-0.1	-0.84	11.8	10	20490	11.8	310	11.9	670	12	800	12	11.7	11.82	100	0	852293	
HJS	25.3	20.7	23	20.8	50	21.5	50	23	100	0	0	0	0	0	24.8	10	24.9	100	25.3	30	0	0	23	0	0	1027132	
HKB	0.8	0.6	0.7	0	0	0	0	0.6	84320	0	0	0.7	90	17490	0.7	20080	0.8	58890	0	0	0.8	0.6	0.71	0	0	2462058	
HKT	4.5	3.7	4.1	3.7	50	3.8	200	4.1	100	0	0	0	0	0	4.4	100	4.5	100	0	0	0	0	4.1	0	0	298207	
HLC	8.4	7	7.7	0	0	0	0	0	0	0	0	7.7	20	20	7.3	600	7.9	20	8	10	7.7	7.7	7.7	0	0	1102303	
HLD	22.2	18.2	20.2	19.5	310	19.6	160	19.7	90	-0.4	-1.98	19.8	120	4530	19.8	80	20	100	20.2	360	20.1	19.6	19.69	0	150	809144	
HLY	49	40.2	44.6	0	0	0	0	0	0	0	0	0	0	0	40.5	20	0	0	0	0	0	0	44.6	0	0	43044	
HMH	9.3	7.7	8.5	8	500	8.1	100	8.2	1500	0.8	9.41	9.3	10	10	8.8	60	9.2	20	9.3	470	9.3	9.3	9.3	0	0	391802	
HNM	4.9	4.1	4.5	0	0	0	0	0	0	0	0	0	0	0	0	0	0	0	0	0	0	0	4.5	0	0	963835	
HOM	3.6	3	3.3	0	0	3	13500	3.1	2790	0	0	3.3	10	2030	3.2	390	3.3	5740	3.4	1220	3.3	3.1	3.1	0	0	3454940	
HPM	14.1	11.7	12.9	0	0	0	0	0	0	0	0	0	0	0	11.7	90	0	0	0	0	0	0	12.9	0	0	179520	
HTC	28.1	23.1	25.6	0	0	23.1	200	23.5	50	-0.3	-1.17	25.3	10	10	25.3	40	27	200	0	0	25.3	25.3	25.3	0	0	524030	
HTP	8.8	7.2	8	7.2	430	7.4	30	8	180	0	0	0	0	0	8.8	10	0	0	0	0	0	0	8	0	0	88044	
HUT	2.6	2.2	2.4	0	0	0	0	2.2	28480	-0.2	-8.33	2.2	500	839180	2.3	69880	2.4	183940	2.5	165590	2.4	2.2	2.28	0	3100	12142068	
HVT	42.9	35.1	39	0	0	0	0	35.1	10	0	0	0	0	0	38	100	39	20	42	1030	0	0	39	0	0	518626	
ICG	5.5	4.5	5	4.6	1600	4.7	440	4.8	100	0.1	2	5.1	20	1150	5.1	10	5.2	130	5.4	100	5.1	4.7	4.78	40	0	844664	
IDC	20.1	16.5	18.3	18.9	190	19	1690	19.5	110	1.2	6.56	19.5	100	15520	19.8	80	19.9	500	20	1800	19.6	18.3	19.03	0	0	14608107	
IDJ	15.2	12.6	13.9	13.2	2910	13.3	580	13.4	2210	-0.5	-3.6	13.4	190	24050	13.6	220	13.7	190	13.8	10	14	13.4	13.7	0	0	1449935	
IDV	42.5	34.9	38.7	37	40	37.2	10	37.5	130	-1.2	-3.1	37.5	10	1240	38	1260	38.2	400	38.5	60	38.7	37.5	38.33	700	680	633317	
INC	10.1	8.3	9.2	0	0	0	0	8.3	260	-0.9	-9.78	8.3	10	10	10.1	500	0	0	0	0	8.3	8.3	8.3	0	0	98000	
INN	27.5	22.5	25	24.5	440	24.6	100	24.7	20	-0.2	-0.8	24.8	80	2320	25	90	25.1	50	25.3	10	25	24.6	24.7	0	0	706581	
ITQ	2.5	2.1	2.3	2.1	11080	2.2	11310	2.3	12850	0.2	8.7	2.5	10	5560	2.5	11900	0	0	0	0	2.5	2.4	2.42	0	0	1165771	
IVS	8.1	6.7	7.4	0	0	6.8	250	7	400	-0.3	-4.05	7.1	100	400	7.4	280	7.5	100	7.6	230	7.4	7.1	7.12	250	280	1641633	
KDM	2	1.8	1.9	0	0	0	0	1.8	1510	0	0	1.9	60	950	1.9	20	2	150	0	0	1.9	1.9	1.9	0	0	345583	
KHS	13.9	11.5	12.7	0	0	0	0	11.5	1000	-1.1	-8.66	11.6	10	890	13.9	60	0	0	0	0	13.9	11.6	13.52	100	0	584756	
KKC	5.6	4.6	5.1	4.8	50	4.9	200	5	50	-0.1	-1.96	5	50	100	5.1	1540	5.2	860	5.6	40	5	5	5	0	0	203548	
KLF	2.2	1.8	2	0	0	1.8	226210	1.9	9890	-0.1	-5	1.9	520	470710	2	68510	2.1	176850	2.2	356390	2.1	1.9	1.94	100	0	7978855	
KMT	8.2	6.8	7.5	0	0	0	0	0	0	0	0	0	0	0	8.2	800	0	0	0	0	0	0	7.5	0	0	482411	
KSD	7.4	6.2	6.8	0	0	0	0	0	0	0	0	0	0	0	6.8	550	7	60	7.2	20	0	0	6.8	0	0	579770	
KSQ	1.6	1.4	1.5	1.5	5000	1.6	48090	0	7360	0.1	6.67	1.6	400	1500	0	0	0	0	0	0	1.6	1.6	1.6	0	0	1457160	
KST	21.4	17.6	19.5	0	0	0	0	17.6	150	0	0	0	0	0	19.5	90	0	0	0	0	0	0	19.5	0	0	144754	
KTS	8.9	7.3	8.1	0	0	7.5	50	8	100	0.7	8.64	8.8	40	40	0	0	0	0	0	0	8.8	8.8	8.8	0	0	192493	
KTT	4.5	3.7	4.1	0	0	0	0	3.7	10	0	0	0	0	0	4.5	10	0	0	0	0	0	0	4.1	0	0	143424	
KVC	1	0.8	0.9	0	0	0.8	157800	0.9	3740	0	0	0.9	4000	38980	1	71970	0	0	0	0	1	0.9	0.92	0	0	2271220	
L14	73.1	59.9	66.5	65	140	65.2	20	66	50	-0.2	-0.3	66.3	10	4060	66.4	100	66.5	380	66.6	160	67	64.5	65.41	0	0	904963	
L18	9.9	8.1	9	0	0	0	0	8.1	30	0	0	0	0	0	9.1	100	9.2	50	9.3	170	0	0	9	0	0	1124694	
L35	7.3	6.1	6.7	0	0	6.2	50	6.7	10	0	0	6.7	40	130	7.2	40	0	0	0	0	7.1	6.7	6.73	0	0	159972	
L43	2.9	2.5	2.7	0	0	0	0	0	0	0	0	0	0	0	2.7	100	2.9	150	0	0	0	0	2.7	0	0	171450	
L61	14.1	11.7	12.9	0	0	0	0	0	0	0	0	0	0	0	11.7	60	12.5	70	13	20	0	0	12.9	0	0	0	
L62	7.7	6.3	7	0	0	0	0	0	0	0	0	0	0	0	7.7	130	0	0	0	0	0	0	7	0	0	0	
LAS	7	5.8	6.4	6	750	6.1	2230	6.2	4840	-0.1	-1.56	6.3	330	19290	6.3	700	6.4	3280	6.5	2170	6.4	6.3	6.33	0	0	5323506	
LBE	41.4	34	37.7	0	0	0	0	0	0	0	0	0	0	0	0	0	0	0	0	0	0	0	37.7	0	0	53330	
LCD	7.4	6.2	6.8	0	0	0	0	6.2	10	0	0	0	0	0	0	0	0	0	0	0	0	0	6.8	0	0	73500	
LCS	2	1.8	1.9	0	0	1.8	1700	1.9	900	0.1	5.26	2	10	880	0	0	0	0	0	0	2	1.9	2	0	0	372100	
LDP	22.3	18.3	20.3	0	0	0	0	18.3	20	-1.9	-9.36	18.4	10	60	20.1	10	20.2	70	20.5	10	19.8	18.3	18.63	0	0	0	
LHC	75.7	62.1	68.9	67.5	470	67.6	50	67.8	90	0.4	0.58	69.3	80	1970	69.2	210	69.3	50	69.5	200	69.3	67.3	68.74	0	830	94466	
LIG	3.6	3	3.3	0	0	0	0	3	8710	-0.2	-6.06	3.1	10	20140	3.1	290	3.2	1350	3.3	5510	3.2	3	3.11	0	0	2136093	
LM7	3.9	3.3	3.6	0	0	0	0	3.3	100	-0.3	-8.33	3.3	10	10	3.6	440	3.7	110	3.8	10	3.3	3.3	3.3	0	0	244670	
LO5	1.2	1	1.1	0	0	1	200	1.1	200	0.1	9.09	1.2	10	10	0	0	0	0	0	0	1.2	1.2	1.2	0	0	250399	
LUT	2	1.8	1.9	0	0	0	0	1.8	10	-0.1	-5.26	1.8	10	400	1.9	100	2	280	0	0	1.8	1.8	1.8	0	0	732722	
MAC	5.1	4.3	4.7	0	0	4.4	80	4.5	10	0.2	4.26	4.9	10	40	4.9	990	0	0	0	0	4.9	4.5	4.72	0	10	716654	
MAS	39.6	32.4	36	34.3	200	35.1	80	36	110	0	0	0	0	0	37.4	10	37.5	80	38	30	0	0	36	0	0	164502	
MBG	6.6	5.4	6	6.5	34610	6.6	84380	0	53350	0.6	10	6.6	300	314070	0	0	0	0	0	0	6.6	5.7	6.45	0	0	2111227	
MBS	11.8	9.8	10.8	10.3	50	10.4	1760	10.5	930	-0.3	-2.78	10.5	60	23440	10.6	80	10.7	3200	10.8	2630	11	10.5	10.7	250	0	8045259	
MCC	12.7	10.5	11.6	0	0	0	0	11.6	200	0	0	0	0	0	0	0	0	0	0	0	0	0	11.6	0	0	240366	
MCF	9.9	8.1	9	0	0	8.1	40	8.2	70	-0.8	-8.89	8.2	60	60	9	110	9.1	10	9.3	30	8.2	8.2	8.2	0	0	426317	
MCO	3	2.6	2.8	0	0	0	0	2.6	80	0	0	2.8	20	430	2.8	80	2.9	380	3	1190	3	2.8	2.81	0	0	192771	
MDC	7.2	6	6.6	6	20	6.5	30	6.6	10	0	0	6.6	10	20	6.7	120	7.2	10	0	0	6.6	6.6	6.6	0	0	676439	
MED	49.3	40.5	44.9	0	0	41	100	42	110	-1.9	-4.23	43	10	130	43.4	10	43.7	30	43.8	20	43	42	42.08	0	0	307664	
MEL	9.6	8	8.8	0	0	0	0	0	0	0	0	0	0	0	8.8	500	9	10	0	0	0	0	8.8	0	0	734870	
MHL	5	4.2	4.6	0	0	0	0	0	0	0	0	0	0	0	4.2	1970	0	0	0	0	0	0	4.6	0	0	260423	
MIM	13.5	11.1	12.3	0	0	0	0	0	0	0	0	0	0	0	0	0	0	0	0	0	0	0	12.3	0	0	165835	
MKV	11	9	10	0	0	0	0	0	0	0	0	0	0	0	10	540	11	20	0	0	0	0	10	0	0	221284	
MPT	1.3	1.1	1.2	0	0	1.1	17480	1.2	16090	0	0	1.2	230	2610	1.3	25270	0	0	0	0	1.3	1.2	1.23	0	0	823184	
MSC	19.3	15.9	17.6	0	0	0	0	0	0	0	0	0	0	0	0	0	0	0	0	0	0	0	17.6	0	0	1102500	
MST	3.3	2.7	3	2.9	25070	3	16240	3.1	9540	0.1	3.33	3.1	100	296830	3.2	27780	3.3	58800	0	0	3.3	3	3.2	0	60	1722229	
NAG	5.6	4.6	5.1	5	130	5.1	500	5.3	240	0.3	5.88	5.4	20	7060	5.4	30	5.5	260	5.6	1330	5.6	5	5.26	0	0	709837	
NAP	14.3	11.7	13	0	0	12.8	20	12.9	10	0	0	0	0	0	0	0	0	0	0	0	0	0	13	0	0	1054342	
NBC	6.8	5.6	6.2	6	790	6.1	2980	6.2	710	0.1	1.61	6.3	250	11560	6.3	1050	6.4	640	6.5	260	6.3	6.1	6.18	0	0	1525350	
NBP	11.8	9.8	10.8	9.9	500	10.3	20	10.4	100	0	0	10.8	10	10	11.8	100	0	0	0	0	10.8	10.8	10.8	0	0	530279	
NBW	26.6	21.8	24.2	21.9	10	22	150	22.1	230	-2	-8.26	22.2	100	450	24	100	24.5	100	25	100	22.5	22.2	22.27	0	0	225960	
NDN	20.1	16.5	18.3	18.3	650	18.4	100	18.7	40	0.5	2.73	18.8	10	71920	18.8	330	18.9	4130	19	13370	19	18.3	18.67	0	0	2319157	
NDX	14.5	11.9	13.2	12.8	300	13	200	13.2	20	0	0	13.2	200	200	13.5	300	0	0	0	0	13.2	13.2	13.2	0	0	281411	
NET	52	42.6	47.3	44	20	45	110	45.1	10	0	0	47.3	30	100	48	70	49	50	50	10	47.3	47.3	47.3	0	0	1080086	
NFC	6.2	5.2	5.7	0	0	0	0	0	0	0	0	0	0	0	0	0	0	0	0	0	0	0	5.7	0	0	770591	
NGC	2.7	2.3	2.5	0	0	0	0	0	0	0	0	2.5	10	450	2.5	1270	2.6	40	2.7	250	2.6	2.3	2.38	0	0	81496	
NHA	12.5	10.3	11.4	11.4	100	11.8	240	11.9	30	0.6	5.26	12	110	5180	12	320	12.1	100	12.2	180	12.4	11.6	12	0	0	720054	
NHC	38.1	31.3	34.7	0	0	0	0	0	0	0	0	0	0	0	34	120	34.5	50	34.7	30	0	0	34.7	0	0	97297	
NHP	0.5	0.3	0.4	0	0	0	0	0.3	212120	0	0	0.4	20	21830	0.4	31320	0.5	44750	0	0	0.5	0.4	0.4	0	0	1335938	
NRC	9.3	7.7	8.5	8.3	820	8.4	800	8.5	290	0	0	8.5	10	850	8.6	450	8.7	710	8.8	490	8.6	8	8.5	0	0	671185	
NSH	1.5	1.3	1.4	0	0	0	0	1.3	1200	-0.1	-7.14	1.3	40	990	1.4	9580	1.5	2550	0	0	1.4	1.3	1.31	0	0	1010718	
NST	18.4	15.2	16.8	0	0	0	0	0	0	0	0	0	0	0	15.2	500	16.8	120	18	40	0	0	16.8	0	0	448674	
NTH	30.8	25.2	28	0	0	0	0	26	50	0	0	0	0	0	28.7	200	29	100	30	300	0	0	28	0	0	529300	
NTP	39.8	32.6	36.2	35.6	2000	35.8	200	36	60	0	0	36.2	70	3240	36.2	40	36.4	280	36.5	310	36.4	35.8	36.05	2020	0	2968639	
NVB	8.9	7.3	8.1	8.2	2140	8.3	2010	8.4	380	0.4	4.94	8.5	1000	279720	8.5	2750	8.6	610	8.7	510	8.5	7.9	8.2	0	0	10469333	
OCH	8.5	7.1	7.8	0	0	0	0	0	0	0	0	0	0	0	7.7	180	7.8	10	0	0	0	0	7.8	0	0	9799570	
ONE	3.7	3.1	3.4	3.1	200	3.2	1320	3.3	200	0.1	2.94	3.5	130	1090	3.5	210	3.6	100	3.7	360	3.6	3.4	3.47	0	0	321636	
PBP	7.5	6.3	6.9	6.3	100	6.4	50	6.5	100	-0.5	-7.25	6.4	10	20	7.2	10	7.3	50	7.4	60	7.3	6.4	6.85	0	0	230901	
PCE	8.2	6.8	7.5	7.5	50	7.6	100	8.2	490	0.7	9.33	8.2	10	10	0	0	0	0	0	0	8.2	8.2	8.2	0	0	450880	
PCG	5.6	4.6	5.1	0	0	4.6	10	4.7	50	0	0	5.1	400	400	5.1	980	5.6	10	0	0	5.1	5.1	5.1	0	400	29448	
PCT	5.7	4.7	5.2	0	0	0	0	4.7	80	0	0	0	0	0	5.4	200	5.6	20	5.7	10	0	0	5.2	0	0	1099770	
PDB	8.8	7.2	8	7.5	230	7.6	10	7.7	70	0	0	0	0	0	8	150	8.2	90	8.8	180	0	0	8	0	0	355877	
PDC	7.8	6.4	7.1	0	0	0	0	0	0	0	0	0	0	0	6.4	1180	6.5	10	6.8	90	0	0	7.1	0	0	734590	
PEN	5.5	4.5	5	0	0	4.5	50	5	30	0	0	0	0	0	0	0	0	0	0	0	0	0	5	0	0	245000	
PGN	12.1	9.9	11	0	0	0	0	0	0	0	0	0	0	0	11.3	50	0	0	0	0	0	0	11	0	0	160770	
PGS	18.1	14.9	16.5	15.6	1070	15.7	20	15.8	20	-0.8	-4.85	15.7	300	8010	16	810	16.5	1220	16.7	80	16	15.7	15.77	0	7300	1991217	
PGT	4.5	3.7	4.1	0	0	0	0	0	0	-0.2	-4.88	3.9	10	250	4.4	10	4.5	3500	0	0	3.9	3.9	3.9	0	0	11432	
PHN	30.2	24.8	27.5	0	0	0	0	25.2	50	0	0	0	0	0	26.9	160	27	50	27.5	100	0	0	27.5	0	0	8	
PHP	11	9	10	9.4	50	9.5	50	9.6	50	-0.4	-4	9.6	10	580	10.2	160	10.3	110	10.4	50	10.2	9.6	9.98	0	0	16010507	
PIA	28.7	23.5	26.1	24	250	25.1	260	25.2	100	0	0	0	0	0	26.5	10	26.6	10	26.7	140	0	0	26.1	0	0	158423	
PIC	9.1	7.5	8.3	7.7	30	7.8	50	8.3	60	0.1	1.2	8.4	50	50	9.1	10	0	0	0	0	8.4	8.4	8.4	0	0	1633642	
PJC	27.2	22.4	24.8	0	0	0	0	0	0	0	0	0	0	0	24.8	50	27	40	27.2	20	0	0	24.8	0	0	351308	
PLC	18.7	15.3	17	16.2	200	16.3	1940	16.4	2950	-0.6	-3.53	16.4	100	56890	16.5	1250	16.6	1990	16.7	1090	17	16.4	16.62	0	0	3895617	
PMB	9.3	7.7	8.5	0	0	0	0	0	0	0	0	0	0	0	9	200	9.2	300	0	0	0	0	8.5	0	0	461560	
PMC	55.1	45.1	50.1	48.6	10	49	10	49.1	20	0	0	50.1	10	200	50.1	10	50.2	60	50.3	150	50.1	49.1	50.01	10	0	254177	
PMP	8.8	7.2	8	7.2	60	8	60	8.1	10	0	0	0	0	0	0	0	0	0	0	0	0	0	8	0	0	203380	
PMS	17.1	14.1	15.6	14.8	100	15	50	15.3	330	0	0	15.6	10	250	15.8	10	15.9	50	16	150	15.7	15.6	15.6	0	0	315545	
POT	15.4	12.6	14	12.7	30	12.8	10	12.9	10	0.4	2.86	14.4	10	20	14.4	220	14.5	10	14.8	70	14.4	13.7	14.05	0	0	950202	
PPE	6	5	5.5	0	0	0	0	6	20	0.5	9.09	6	20	40	0	0	0	0	0	0	6	5.9	5.97	0	0	97470	
PPP	17.3	14.3	15.8	0	0	0	0	0	0	0	0	0	0	0	14.9	20	15	1040	15.8	850	0	0	15.8	0	0	423057	
PPS	7.8	6.4	7.1	6.5	310	6.6	220	6.7	20	0	0	7.1	10	920	7.4	10	7.5	100	7.8	2540	7.1	7.1	7.1	880	0	193148	
PPY	29	23.8	26.4	0	0	0	0	0	0	0	0	0	0	0	26.5	70	0	0	0	0	0	0	26.4	0	0	403666	
PRC	10.4	8.6	9.5	0	0	0	0	0	0	0	0	0	0	0	0	0	0	0	0	0	0	0	9.5	0	0	58680	
PSC	17.4	14.4	15.9	0	0	0	0	14.4	120	0	0	0	0	0	17.2	90	17.4	20	0	0	0	0	15.9	0	0	350363	
PSD	10.5	8.7	9.6	9	30	9.2	30	9.5	220	0.1	1.04	9.7	20	60	10	260	10.5	310	0	0	9.7	9.5	9.57	0	0	1444977	
PSE	7.9	6.5	7.2	0	0	0	0	6.5	100	0	0	0	0	0	7.3	50	7.4	10	7.5	10	0	0	7.2	0	0	556000	
PSI	2.6	2.2	2.4	0	0	0	0	0	0	0	0	0	0	0	2.4	440	2.5	30	2.6	30	0	0	2.4	0	0	2039450	
PSW	7.3	6.1	6.7	0	0	0	0	6.1	100	0	0	0	0	0	7.3	20	0	0	0	0	0	0	6.7	0	0	817960	
PTD	17.8	14.6	16.2	0	0	0	0	0	0	0	0	0	0	0	0	0	0	0	0	0	0	0	16.2	0	0	85872	
PTI	19.6	16.2	17.9	16.5	10	16.6	10	17.2	20	0.2	1.12	18.1	20	100	18.1	20	18.8	60	18.9	20	18.1	18.1	18.1	100	0	913235	
PTS	5.6	4.6	5.1	4.6	300	4.7	300	4.8	400	0.1	1.96	5.2	10	240	5.2	360	5.4	140	5.5	90	5.3	4.8	5.15	0	0	260283	
PV2	2.8	2.4	2.6	0	0	0	0	0	0	0	0	0	0	0	2.6	50	2.8	100	0	0	0	0	2.6	0	0	1828500	
PVB	15.7	12.9	14.3	14.2	200	14.3	990	14.4	1730	0.2	1.4	14.5	10	17680	14.5	10	14.6	580	14.7	2210	14.9	14.4	14.61	0	0	1057591	
PVC	5.9	4.9	5.4	5.2	4700	5.3	3800	5.4	1010	0	0	5.4	90	41510	5.5	4280	5.6	8220	5.7	1800	5.6	5.3	5.44	0	5180	1887202	
PVG	7.7	6.3	7	6.7	750	6.8	770	6.9	1350	0	0	7	500	6100	7	470	7.1	310	7.2	930	7	6.9	7	0	0	1762139	
PVI	33.8	27.8	30.8	30.1	50	30.2	220	30.3	500	-0.2	-0.65	30.6	20	3770	30.6	160	30.7	1720	30.8	660	30.8	30.3	30.43	1500	810	10692697	
PVL	1.4	1.2	1.3	0	0	0	0	1.2	1170	-0.1	-7.69	1.2	360	5560	1.3	14980	1.4	4870	0	0	1.3	1.2	1.2	50	0	2396599	
PVS	14	11.6	12.8	12.8	47750	12.9	22070	13	35870	0.3	2.34	13.1	10	1399960	13.1	11860	13.2	36900	13.3	58970	13.5	12.7	13.08	60340	125520	17321308	
PVX	1	0.8	0.9	0	0	0	0	0.8	196030	0	0	0.9	460	132920	0.9	101150	1	239510	0	0	1	0.8	0.9	0	70	19366245	
QHD	24.2	19.8	22	0	0	19.8	10	20	140	-2	-9.09	20	10	240	22.8	10	23.5	100	23.9	100	23	20	22.28	0	120	267430	
QNC	3.8	3.2	3.5	0	0	0	0	3.2	510	0	0	3.5	500	500	3.7	30	3.8	660	0	0	3.5	3.5	3.5	0	0	968113	
QST	12.7	10.5	11.6	0	0	0	0	0	0	0	0	0	0	0	0	0	0	0	0	0	0	0	11.6	0	0	79380	
QTC	19.5	16.1	17.8	16.3	80	16.7	10	16.8	10	-0.3	-1.69	17.5	10	30	17.5	90	17.8	20	18.4	10	17.5	17.2	17.3	0	0	48926	
RCL	16	13.2	14.6	0	0	0	0	0	0	0	0	0	0	0	14.6	110	14.9	170	0	0	0	0	14.6	0	0	479971	
S55	25.3	20.7	23	20.8	200	21.1	30	22.5	130	-0.5	-2.17	22.5	40	40	23.5	100	24	140	24.6	100	22.5	22.5	22.5	0	0	485782	
S74	4.7	3.9	4.3	0	0	0	0	4.3	190	0	0	4.3	200	370	0	0	0	0	0	0	4.3	4.3	4.3	0	0	308588	
S99	8.3	6.9	7.6	0	0	6.9	10	7.1	150	-0.5	-6.58	7.1	50	650	8.1	200	8.2	1200	8.3	1730	7.6	7.1	7.14	0	0	2535939	
SAF	50.9	41.7	46.3	44.1	10	44.3	30	44.4	20	-1.9	-4.1	44.4	10	110	45.4	10	48.4	10	48.6	10	45	44	44.16	6	0	359604	
SCI	15	12.4	13.7	13.2	500	13.4	260	13.5	510	-0.2	-1.46	13.5	40	2280	13.6	510	13.7	520	13.8	1080	13.7	13.5	13.59	0	0	592894	
SD2	6.8	5.6	6.2	5.6	20	5.7	30	5.8	10	0	0	6.2	10	240	6.5	200	6.6	200	6.7	1580	6.2	6.1	6.12	0	0	619005	
SD4	3.6	3	3.3	0	0	3.1	150	3.3	180	0.2	6.06	3.5	10	100	3.5	40	3.6	70	0	0	3.6	3.3	3.47	0	0	464926	
SD5	5.5	4.5	5	0	0	4.6	60	4.7	450	-0.3	-6	4.7	50	940	4.8	640	4.9	20	5	240	4.8	4.7	4.79	0	0	1018029	
SD6	2.6	2.2	2.4	0	0	2.2	2740	2.3	1390	-0.1	-4.17	2.3	10	60	2.4	2950	2.5	940	2.6	2430	2.4	2.3	2.38	0	0	1226644	
SD9	5.3	4.5	4.9	4.5	410	4.6	290	4.7	1450	-0.2	-4.08	4.7	10	4770	4.8	350	4.9	960	5	2200	4.8	4.7	4.79	0	2150	1436671	
SDA	3	2.6	2.8	0	0	2.6	10	2.8	50	0.1	3.57	2.9	10	700	2.9	300	3	610	0	0	2.9	2.6	2.88	0	0	0	
SDC	17.8	14.6	16.2	0	0	0	0	0	0	0	0	0	0	0	16.8	20	17	20	0	0	0	0	16.2	0	0	107978	
SDG	35.6	29.2	32.4	0	0	0	0	0	0	0	0	0	0	0	0	0	0	0	0	0	0	0	32.4	0	0	330987	
SDN	32.2	26.4	29.3	0	0	0	0	0	0	0	0	0	0	0	29	10	0	0	0	0	0	0	29.3	0	0	36143	
SDT	3.3	2.7	3	2.7	540	2.8	530	2.9	490	0	0	3	50	3150	3	860	3.1	730	3.3	580	3	3	3	0	0	1717326	
SDU	7.4	6.2	6.8	6.2	20	6.5	50	6.6	200	0	0	0	0	0	0	0	0	0	0	0	0	0	6.8	0	0	977790	
SEB	32.4	26.6	29.5	28.6	100	29	600	29.2	300	0	0	0	0	0	30.4	240	30.7	50	30.8	20	0	0	29.5	0	0	1564244	
SED	15.5	12.7	14.1	13.5	120	13.9	50	14	10	-0.2	-1.42	13.9	50	270	14.5	80	14.9	500	15	60	14.1	13.9	14.06	50	170	336969	
SFN	28	23	25.5	0	0	23	10	25	60	0	0	0	0	0	28	10	0	0	0	0	0	0	25.5	0	0	144576	
SGC	63.8	52.2	58	54	120	54.1	20	54.2	10	0	0	0	0	0	59	10	62.2	10	62.3	10	0	0	58	0	0	343746	
SGD	10.5	8.7	9.6	0	0	0	0	9.6	90	0.8	8.33	10.4	10	40	10.5	10	0	0	0	0	10.5	9.6	10.12	0	0	196843	
SGH	41.5	34.1	37.8	0	0	34.3	40	37.9	70	0	0	0	0	0	41.5	60	0	0	0	0	0	0	37.8	0	0	600180	
SHB	15.5	12.7	14.1	13.7	16780	13.8	46350	13.9	1460	-0.1	-0.71	14	1000	477420	14	6550	14.1	29510	14.2	69080	14.3	13.8	14.06	41720	10690	34601790	
SHE	19.9	16.3	18.1	17.4	50	17.5	200	18	20	-0.1	-0.55	18	20	340	18.9	100	19	330	19.5	400	18.1	17.3	17.88	0	0	229040	
SHN	7.4	6.2	6.8	6.4	10	6.5	120	6.6	1650	-0.2	-2.94	6.6	100	500	6.8	140	6.9	100	7	150	6.6	6.6	6.6	0	0	6343684	
SHS	9.7	8.1	8.9	8.7	4910	8.8	24490	8.9	40250	0.1	1.12	9	100	321020	9	910	9.1	19260	9.2	18960	9.2	8.9	9.09	10	108145	8468458	
SIC	8.9	7.3	8.1	7.6	10	7.7	100	7.8	300	-0.1	-1.23	8	50	550	8.2	30	8.3	500	8.4	570	8.1	8	8.01	0	0	1168848	
SJ1	28	23	25.5	0	0	0	0	0	0	-0.6	-2.35	24.9	20	20	23	1720	25	30	25.5	400	24.9	24.9	24.9	0	0	1029806	
SJC	0.9	0.7	0.8	0	0	0	0	0	0	0	0	0	0	0	0	0	0	0	0	0	0	0	0.8	0	0	350709	
SJE	19.8	16.2	18	16.7	20	18	100	18.1	300	0.4	2.22	18.4	200	1300	18.4	400	18.8	200	18.9	500	19	18.2	18.68	0	0	889096	
SLS	58.3	47.7	53	52.1	20	52.6	100	52.7	10	0.5	0.94	53.5	10	270	54	90	54.9	10	55	100	53.5	53	53.06	0	0	443620	
SMN	9.5	7.9	8.7	0	0	0	0	7.9	70	0	0	0	0	0	8.7	180	8.9	120	9.4	100	0	0	8.7	0	0	211355	
SMT	13.3	10.9	12.1	0	0	0	0	0	0	0	0	0	0	0	12.9	100	13	20	0	0	0	0	12.1	0	0	104746	
SPI	1.2	1	1.1	0	0	0	0	1	430	0	0	1.1	80	49950	1.1	20280	1.2	17500	0	0	1.1	1	1.01	0	0	802505	
SRA	13.2	10.8	12	11.8	2030	11.9	1370	12	670	0.1	0.83	12.1	10	8440	12.1	1440	12.2	220	12.3	910	12.1	12	12	0	0	837546	
SSM	7.9	6.5	7.2	0	0	0	0	0	0	0	0	0	0	0	7.8	150	7.9	90	0	0	0	0	7.2	0	0	248263	
STC	16.9	13.9	15.4	0	0	14	10	14.6	40	0	0	0	0	0	15.4	50	16.9	90	0	0	0	0	15.4	0	0	245841	
STP	6.8	5.6	6.2	0	0	0	0	5.7	10	-0.5	-8.06	5.7	10	10	0	0	0	0	0	0	5.7	5.7	5.7	0	0	388193	
SVN	1.9	1.7	1.8	0	0	0	0	1.7	1300	-0.1	-5.56	1.7	130	5620	1.8	710	1.9	1070	0	0	1.8	1.7	1.72	0	0	859730	
SZB	32.7	26.9	29.8	28.5	110	28.6	20	28.7	40	0.1	0.34	29.9	20	490	29.9	260	30	1290	30.3	3100	30	29.9	29.92	0	0	1470000	
TA9	10.2	8.4	9.3	0	0	8.4	70	8.5	60	-0.8	-8.6	8.5	10	1010	9.1	50	9.2	300	9.3	800	8.5	8.5	8.5	0	0	579042	
TAR	25	20.6	22.8	24.9	8550	25	13740	0	13030	2.2	9.65	25	10	131960	0	0	0	0	0	0	25	20.6	23.06	0	0	1714179	
TBX	24.5	20.1	22.3	0	0	0	0	0	0	0	0	0	0	0	0	0	0	0	0	0	0	0	22.3	0	0	73981	
TC6	4.5	3.7	4.1	3.9	350	4	1550	4.1	1400	0.1	2.44	4.2	100	570	4.2	40	4.3	510	4.4	550	4.2	4.2	4.2	170	0	1494201	
TCS	9.4	7.8	8.6	8	440	8.1	430	8.2	1020	-0.2	-2.33	8.4	10	1310	8.4	500	8.5	990	8.6	2100	8.4	8.1	8.17	0	0	1178283	
TDN	6.4	5.4	5.9	5.6	810	5.7	830	5.8	2160	0.1	1.69	6	10	1720	6	3090	6.1	2430	6.2	860	6	5.8	5.91	0	0	1439017	
TDT	11.1	9.1	10.1	9.7	270	9.8	1150	9.9	150	-0.2	-1.98	9.9	70	3070	10	280	10.1	630	10.2	1160	10.1	9.8	9.99	0	0	568911	
TET	33.2	27.2	30.2	0	0	0	0	0	0	0	0	0	0	0	0	0	0	0	0	0	0	0	30.2	0	0	279394	
TFC	4.9	4.1	4.5	0	0	4.1	270	4.3	120	-0.1	-2.22	4.4	90	650	4.4	160	4.5	390	4.6	30	4.5	4.4	4.41	10	0	284959	
THB	8.8	7.2	8	7.8	130	8	200	8.1	270	0	0	0	0	0	8.5	20	8.7	60	8.8	60	0	0	8	0	0	513183	
THS	7.9	6.5	7.2	0	0	0	0	0	0	0	0	0	0	0	0	0	0	0	0	0	0	0	7.2	0	0	146790	
THT	8.6	7.2	7.9	7.6	20	7.7	1030	7.8	200	0	0	7.9	280	1290	7.9	620	8	750	8.3	110	7.9	7.9	7.9	0	0	726556	
TIG	7.3	6.1	6.7	6.4	11300	6.5	13000	6.6	22080	-0.1	-1.49	6.6	300	168170	6.7	15360	6.8	36400	6.9	23810	6.8	6.6	6.67	2000	3000	2881126	
TJC	7.1	5.9	6.5	0	0	0	0	6	20	0	0	0	0	0	0	0	0	0	0	0	0	0	6.5	0	0	419386	
TKC	3.8	3.2	3.5	3.7	280	3.8	1240	0	430	0.3	8.57	3.8	570	5300	0	0	0	0	0	0	3.8	3.6	3.78	0	0	556489	
TKU	14.1	11.7	12.9	0	0	0	0	0	0	0	0	0	0	0	12.5	490	12.6	300	13.5	500	0	0	12.9	0	0	54256	
TMB	13.3	10.9	12.1	0	0	10.9	100	11.9	20	-0.2	-1.65	11.9	480	600	12.7	40	12.8	200	0	0	12	11.9	11.9	0	0	734800	
TMC	12.9	10.7	11.8	0	0	0	0	10.7	10	0	0	0	0	0	11.8	200	12	50	0	0	0	0	11.8	0	0	596900	
TMX	15.4	12.6	14	0	0	0	0	0	0	0	0	14	490	500	14	20	15.4	20	0	0	14	14	14	0	490	244851	
TNG	15.1	12.5	13.8	13.6	8980	13.7	7900	13.8	4490	0	0	13.8	120	180070	13.9	1800	14	1900	14.1	4260	14.4	13.8	14.01	0	0	2770573	
TPH	9.3	7.7	8.5	0	0	0	0	0	0	0	0	0	0	0	0	0	0	0	0	0	0	0	8.5	0	0	98452	
TPP	14.6	12	13.3	0	0	0	0	0	0	0	0	0	0	0	13.3	10	0	0	0	0	0	0	13.3	0	0	971887	
TSB	7.7	6.3	7	0	0	0	0	0	0	0	0	0	0	0	0	0	0	0	0	0	0	0	7	0	0	330508	
TST	9.2	7.6	8.4	0	0	0	0	0	0	0	0	8.4	10	50	8.4	210	8.6	20	8.9	200	8.4	8.4	8.4	0	0	220670	
TTC	11.9	9.9	10.9	0	0	0	0	10	250	0	0	0	0	0	11.8	20	11.9	10	0	0	0	0	10.9	0	0	259298	
TTH	2.4	2	2.2	2	17550	2.1	1110	2.2	480	0.1	4.55	2.3	100	29380	2.3	22500	2.4	34720	0	0	2.3	2.1	2.17	0	0	1796410	
TTL	7.5	6.3	6.9	0	0	0	0	6.4	300	0.3	4.35	7.2	10	550	7.1	700	7.2	190	7.3	100	7.5	6.5	6.56	0	0	2053472	
TTT	46.2	37.8	42	0	0	0	0	0	0	-2	-4.76	40	10	70	41	50	44	30	46	50	40	37.8	38.23	0	0	197500	
TTZ	1.9	1.7	1.8	0	0	1.7	3230	1.8	260	0	0	1.8	1240	5050	1.9	5820	0	0	0	0	1.9	1.7	1.8	0	0	169412	
TV3	35.7	29.3	32.5	0	0	0	0	29.3	10	0	0	32.5	100	100	32.5	260	33.5	20	33.6	10	32.5	32.5	32.5	0	0	405465	
TV4	12.5	10.3	11.4	11.1	500	11.2	100	11.3	200	0	0	11.4	100	800	11.4	100	11.5	580	11.7	500	11.4	11.4	11.4	0	0	774742	
TVC	35.2	28.8	32	29.8	2650	29.9	3110	30	1120	-2	-6.25	30	300	63860	30.6	620	31	450	31.3	450	32.3	28.8	30.08	0	0	1960658	
TVD	7.3	6.1	6.7	6.4	20	6.5	2220	6.6	940	-0.1	-1.49	6.6	10	5910	6.7	50	6.8	1350	6.9	720	6.8	6.6	6.69	0	0	2190380	
TXM	3.4	2.8	3.1	0	0	0	0	2.8	300	-0.1	-3.23	3	10	1750	3	300	3.1	270	3.3	40	3	2.8	2.81	20	0	222777	
UNI	4.5	3.7	4.1	0	0	3.7	5600	3.8	360	0	0	0	0	0	4.4	100	4.5	3910	0	0	0	0	4.1	0	0	739633	
V12	12.5	10.3	11.4	0	0	0	0	0	0	0	0	0	0	0	11.7	30	12.5	270	0	0	0	0	11.4	0	0	285032	
V21	7.1	5.9	6.5	0	0	0	0	0	0	-0.6	-9.23	5.9	10	110	5.9	90	6.5	40	7	230	5.9	5.9	5.9	0	0	587649	
VAT	1.6	1.4	1.5	0	0	0	0	0	0	0	0	0	0	0	0	0	0	0	0	0	0	0	1.5	0	0	199108	
VBC	19	15.6	17.3	16.1	50	16.5	100	17	50	0	0	0	0	0	18	540	18.6	150	0	0	0	0	17.3	0	0	349843	
VC1	12.7	10.5	11.6	0	0	0	0	0	0	1.1	9.48	12.7	10	10	11.6	20	12.5	140	12.7	10	12.7	12.7	12.7	0	0	557269	
VC2	14	11.6	12.8	0	0	11.7	60	11.8	30	-1.1	-8.59	11.7	10	10	13.9	40	14	110	0	0	11.7	11.7	11.7	0	0	730378	
VC3	18	14.8	16.4	16.1	820	16.2	850	16.3	280	0	0	16.4	100	15350	16.4	2080	16.5	780	16.6	920	16.5	16.3	16.33	0	0	2988763	
VC6	8.4	7	7.7	0	0	0	0	7	10	0	0	0	0	0	0	0	0	0	0	0	0	0	7.7	0	0	311542	
VC7	6.1	5.1	5.6	0	0	0	0	5.2	100	0	0	5.6	40	250	5.5	100	5.6	220	5.7	220	5.6	5.5	5.53	0	0	1117840	
VC9	12.1	9.9	11	0	0	0	0	0	0	0	0	0	0	0	12	200	0	0	0	0	0	0	11	0	0	556625	
VCC	11.4	9.4	10.4	0	0	0	0	0	0	-1	-9.62	9.4	200	200	0	10	9.6	10	10.2	100	9.4	9.4	9.4	0	0	587210	
VCG	27.6	22.6	25.1	24.8	3820	24.9	1180	25	460	0	0	25.1	120	9900	25.1	4190	25.2	200	25.3	30	25.1	24.9	24.98	0	0	21442549	
VCM	19.3	15.9	17.6	0	0	0	0	16	50	-1.5	-8.52	16.1	20	40	19	10	19.3	70	0	0	18	16.1	17.05	0	0	0	
VCS	73.7	60.3	67	66.6	780	66.7	320	66.8	460	-0.2	-0.3	66.8	100	36130	67	520	67.1	100	67.2	530	68.5	66.8	67.66	5490	0	7410950	
VDL	26.2	21.6	23.9	0	0	0	0	21.7	30	0	0	0	0	0	23.9	160	26	10	0	0	0	0	23.9	0	0	706285	
VE1	8.3	6.9	7.6	0	0	0	0	0	0	0	0	0	0	0	7.7	6900	7.8	3600	0	0	0	0	7.6	0	0	114226	
VE2	7.7	6.3	7	0	0	0	0	6.4	100	0	0	0	0	0	0	0	0	0	0	0	0	0	7	0	0	104103	
VE3	6.6	5.4	6	0	0	5.4	450	5.5	10	-0.6	-10	5.4	50	50	6.4	110	6.5	100	6.6	300	5.4	5.4	5.4	0	0	56589	
VE4	6.1	5.1	5.6	5.1	120	5.3	1380	5.6	140	0	0	5.6	10	680	6.1	340	0	0	0	0	5.6	5.1	5.54	0	500	47582	
VE8	9.9	8.1	9	0	0	0	0	0	0	0	0	0	0	0	8.1	100	9.1	200	9.2	10	0	0	9	0	0	87680	
VE9	1.3	1.1	1.2	1.2	34480	1.3	91060	0	2100	0.1	8.33	1.3	500	16830	0	0	0	0	0	0	1.3	1.2	1.28	0	7720	538617	
VGP	12.5	10.3	11.4	10.5	110	10.8	300	10.9	10	0	0	0	0	0	11.4	120	11.7	50	11.8	20	0	0	11.4	0	0	386558	
VGS	8.9	7.3	8.1	7.8	280	7.9	410	8	200	0	0	8.1	10	1660	8.1	420	8.2	340	8.3	970	8.1	7.9	8	0	0	1997545	
VHE	6.1	5.1	5.6	5.1	160	5.2	10	5.3	80	-0.3	-5.36	5.3	10	100	5.6	20	5.7	20	5.8	50	5.3	5.3	5.3	0	0	0	
VHL	30.5	25.1	27.8	27.5	20	27.6	20	27.7	90	0.1	0.36	27.9	10	970	27.9	80	28	550	28.5	20	27.9	27.7	27.81	0	0	1174192	
VIE	6.7	5.5	6.1	0	0	0	0	0	0	0	0	0	0	0	0	0	0	0	0	0	0	0	6.1	0	0	100079	
VIF	19.1	15.7	17.4	0	0	16.5	300	17	200	0	0	17.4	10	70	17.4	50	17.5	100	17.8	380	17.4	17.3	17.39	0	0	0	
VIG	0.9	0.7	0.8	0	0	0.7	103780	0.8	101870	0	0	0.8	2000	34530	0.9	44610	0	0	0	0	0.9	0.8	0.82	80	0	1632311	
VIT	15.4	12.6	14	13.9	20	14	810	14.1	300	0.3	2.14	14.3	10	10	14.3	10	14.5	680	14.6	120	14.3	14.3	14.3	0	0	944950	
VIX	5.8	4.8	5.3	4.9	430	5	3160	5.1	470	-0.2	-3.77	5.1	30	1370	5.2	1210	5.3	5510	5.4	1300	5.3	5.1	5.14	0	0	5565390	
VKC	2.9	2.5	2.7	0	0	2.5	3700	2.6	930	0	0	2.7	100	2960	2.7	2980	2.8	1110	2.9	4310	2.7	2.6	2.69	0	1990	695533	
VLA	12.7	10.5	11.6	0	0	0	0	0	0	0	0	0	0	0	0	0	0	0	0	0	0	0	11.6	0	0	46370	
VMC	10.7	8.9	9.8	9.4	1170	9.5	1020	9.6	600	0	0	9.8	300	640	9.8	20	9.9	210	10	140	9.8	9.6	9.71	0	0	920900	
VMI	0.7	0.5	0.6	0	0	0	0	0	0	0	0	0	0	0	0	0	0	0	0	0	0	0	0.6	0	0	449469	
VMS	7	5.8	6.4	0	0	0	0	0	0	0.6	9.37	7	10	10	7	300	0	0	0	0	7	7	7	10	0	436030	
VNC	33.1	27.1	30.1	30.3	20	30.4	10	32	50	2.9	9.63	33	10	10	33	50	0	0	0	0	33	33	33	10	0	375809	
VNF	34.4	28.2	31.3	0	0	0	0	0	0	0	0	0	0	0	31.3	500	0	0	0	0	0	0	31.3	0	0	377695	
VNR	20.9	17.1	19	18.5	80	18.6	900	18.8	320	0.2	1.05	19.2	10	70	19.2	90	19.5	110	19.6	10	19.2	18.9	19.01	2	0	2721187	
VNT	60.9	49.9	55.4	51	10	55.2	20	55.4	200	0	0	55.4	300	800	55.9	10	56	200	57	200	55.4	55.4	55.4	0	0	410950	
VSA	16.3	13.5	14.9	13.8	10	14.7	40	14.8	50	0.1	0.67	15	60	60	15.6	10	0	0	0	0	15	15	15	0	0	635133	
VSM	13.2	10.8	12	0	0	0	0	10.8	40	-0.1	-0.83	11.9	50	60	12	50	12.2	10	0	0	11.9	10.8	11.72	0	0	137591	
VTC	11	9	10	0	0	9	30	9.1	10	0	0	0	0	0	10	120	10.5	400	11	650	0	0	10	0	0	169192	
VTH	11.5	9.5	10.5	0	0	0	0	9.5	10	-1	-9.52	9.5	1200	1200	11.3	20	11.4	10	11.5	10	9.5	9.5	9.5	0	0	243990	
VTJ	5.8	4.8	5.3	0	0	0	0	4.8	10	0	0	0	0	0	5.3	380	5.8	230	0	0	0	0	5.3	0	0	558430	
VTL	14.6	12	13.3	12.3	20	13.3	10	13.4	10	0	0	0	0	0	0	0	0	0	0	0	0	0	13.3	0	0	243261	
VTS	31.3	25.7	28.5	0	0	0	0	0	0	0	0	0	0	0	25.7	900	28.5	10	0	0	0	0	28.5	0	0	52936	
VTV	7.7	6.3	7	0	0	6.4	40	6.8	20	-0.2	-2.86	6.8	10	30	7.3	10	7.4	100	7.5	50	6.8	6.8	6.8	0	0	1522519	
VXB	6.9	5.7	6.3	0	0	0	0	0	0	0.2	3.17	6.5	10	140	6.5	150	6.9	150	0	0	6.5	5.7	5.81	0	0	198381	
WCS	182.6	149.4	166	162	30	165	20	165.2	10	2.5	1.51	168.5	20	40	168.5	20	170	90	173	150	168.5	168.5	168.5	0	0	56467	
WSS	1.8	1.6	1.7	0	0	1.6	3160	1.7	480	0.1	5.88	1.8	10	240	1.8	410	0	0	0	0	1.8	1.7	1.8	0	0	2346880	
X20	8.8	7.2	8	0	0	0	0	0	0	-0.1	-1.25	7.9	60	60	0	0	0	0	0	0	7.9	7.9	7.9	0	0	845040	
