HNX30
221.55
-1.22	-0.55
52024100	710.97	
VGS	8.9	7.3	8.1	7.8	280	7.9	410	8	200	0	0	8.1	10	1660	8.1	420	8.2	340	8.3	970	8.1	7.9	8	0	0	1997545	0	0	
DGC	43.1	35.3	39.2	38.7	530	38.8	870	38.9	60	-0.3	-0.77	38.9	120	27200	39	280	39.1	30	39.4	280	40.6	38.6	39.52	255	20	6232255	0	0	
BVS	10.4	8.6	9.5	9.2	340	9.3	210	9.4	2410	0	0	9.5	60	14830	9.5	70	9.6	2370	9.7	2550	9.6	9.4	9.49	3000	2000	1672827	0	0	
VC3	18	14.8	16.4	16.1	820	16.2	850	16.3	280	0	0	16.4	100	15350	16.4	2080	16.5	780	16.6	920	16.5	16.3	16.33	0	0	2988763	0	0	
VCS	73.7	60.3	67	66.6	780	66.7	320	66.8	460	-0.2	-0.3	66.8	100	36130	67	520	67.1	100	67.2	530	68.5	66.8	67.66	5490	0	7410950	0	0	
VCG	27.6	22.6	25.1	24.8	3820	24.9	1180	25	460	0	0	25.1	120	9900	25.1	4190	25.2	200	25.3	30	25.1	24.9	24.98	0	0	21442549	0	0	
NRC	9.3	7.7	8.5	8.3	820	8.4	800	8.5	290	0	0	8.5	10	850	8.6	450	8.7	710	8.8	490	8.6	8	8.5	0	0	671185	0	0	
KLF	2.2	1.8	2	0	0	1.8	226210	1.9	9890	-0.1	-5	1.9	520	470710	2	68510	2.1	176850	2.2	356390	2.1	1.9	1.94	100	0	7978855	0	0	
TVC	35.2	28.8	32	29.8	2650	29.9	3110	30	1120	-2	-6.25	30	300	63860	30.6	620	31	450	31.3	450	32.3	28.8	30.08	0	0	1960658	0	0	
SHS	9.7	8.1	8.9	8.7	4910	8.8	24490	8.9	40250	0.1	1.12	9	100	321020	9	910	9.1	19260	9.2	18960	9.2	8.9	9.09	10	108145	8468458	0	0	
ACB	27.6	22.6	25.1	24.6	5860	24.7	9640	24.8	10450	-0.3	-1.2	24.8	900	1092960	24.9	2030	25	7280	25.1	9260	26.5	24.8	25.55	0	0	0	0	0	
SLS	58.3	47.7	53	52.1	20	52.6	100	52.7	10	0.5	0.94	53.5	10	270	54	90	54.9	10	55	100	53.5	53	53.06	0	0	443620	0	0	
L14	73.1	59.9	66.5	65	140	65.2	20	66	50	-0.2	-0.3	66.3	10	4060	66.4	100	66.5	380	66.6	160	67	64.5	65.41	0	0	904963	0	0	
PVI	33.8	27.8	30.8	30.1	50	30.2	220	30.3	500	-0.2	-0.65	30.6	20	3770	30.6	160	30.7	1720	30.8	660	30.8	30.3	30.43	1500	810	10692697	0	0	
PVC	5.9	4.9	5.4	5.2	4700	5.3	3800	5.4	1010	0	0	5.4	90	41510	5.5	4280	5.6	8220	5.7	1800	5.6	5.3	5.44	0	5180	1887202	0	0	
MBS	11.8	9.8	10.8	10.3	50	10.4	1760	10.5	930	-0.3	-2.78	10.5	60	23440	10.6	80	10.7	3200	10.8	2630	11	10.5	10.7	250	0	8045259	0	0	
DP3	92.8	76	84.4	82.8	510	82.9	770	83	80	-1.4	-1.66	83	10	2130	83.2	20	83.5	20	84	20	83.5	82.9	83.01	30	0	417494	0	0	
PVS	14	11.6	12.8	12.8	47750	12.9	22070	13	35870	0.3	2.34	13.1	10	1399960	13.1	11860	13.2	36900	13.3	58970	13.5	12.7	13.08	60340	125520	17321308	0	0	
DTD	13.8	11.4	12.6	11.8	190	11.9	480	12	1290	-0.6	-4.76	12	50	9130	12.1	310	12.2	420	12.4	500	12.6	12	12.26	0	0	1202579	0	0	
NDN	20.1	16.5	18.3	18.3	650	18.4	100	18.7	40	0.5	2.73	18.8	10	71920	18.8	330	18.9	4130	19	13370	19	18.3	18.67	0	0	2319157	0	0	
LHC	75.7	62.1	68.9	67.5	470	67.6	50	67.8	90	0.4	0.58	69.3	80	1970	69.2	210	69.3	50	69.5	200	69.3	67.3	68.74	0	830	94466	0	0	
VMC	10.7	8.9	9.8	9.4	1170	9.5	1020	9.6	600	0	0	9.8	300	640	9.8	20	9.9	210	10	140	9.8	9.6	9.71	0	0	920900	0	0	
SHB	15.5	12.7	14.1	13.7	16780	13.8	46350	13.9	1460	-0.1	-0.71	14	1000	477420	14	6550	14.1	29510	14.2	69080	14.3	13.8	14.06	41720	10690	34601790	0	0	
HUT	2.6	2.2	2.4	0	0	0	0	2.2	28480	-0.2	-8.33	2.2	500	839180	2.3	69880	2.4	183940	2.5	165590	2.4	2.2	2.28	0	3100	12142068	0	0	
TNG	15.1	12.5	13.8	13.6	8980	13.7	7900	13.8	4490	0	0	13.8	120	180070	13.9	1800	14	1900	14.1	4260	14.4	13.8	14.01	0	0	2770573	0	0	
PVB	15.7	12.9	14.3	14.2	200	14.3	990	14.4	1730	0.2	1.4	14.5	10	17680	14.5	10	14.6	580	14.7	2210	14.9	14.4	14.61	0	0	1057591	0	0	
DDG	30.5	25.1	27.8	27.5	240	27.6	240	27.7	10	0	0	27.8	10	9890	27.8	320	28	310	28.1	170	28	27.7	27.8	0	0	1199990	0	0	
CAP	31.9	26.1	29	28.6	230	28.7	130	28.8	50	-0.1	-0.34	28.9	20	430	28.9	130	29	270	29.1	170	29	28.7	28.95	20	0	248268	0	0	
CEO	8.4	7	7.7	7.4	19610	7.5	11290	7.6	7280	0	0	7.7	50	61740	7.7	19860	7.8	38150	7.9	41020	7.8	7.6	7.69	0	0	8578232	0	0	
DHT	49.5	40.5	45	43.9	50	44	140	44.1	80	-0.2	-0.44	44.8	10	2730	44.7	50	44.8	270	44.9	160	45.3	44.1	44.55	0	0	969355	0	0	
