HOSE
874.8
-3.87	-0.44
879.23	0.06	8255788	68.36	
874.59	-0.47	457563220	6460.31	
874.8	-0.44	484708142	6925.73	
AAA	13.5	11.8	12.65	12.4	6634	12.45	7976	12.5	14255	-0.1	-0.79	12.55	3131	145597	12.55	637	12.6	2847	12.65	10810	12.55	12.7	12.5	36563	1091	6169993	
AAM	12.6	11	11.8	11.05	320	11.25	307	11.3	20	0	0	0	0	0	11.75	20	11.8	502	12	119	0	0	0	0	0	592374	
ABS	15	13.1	14.05	13.9	41	14	136	14.05	100	0.05	0.36	14.1	1230	10024	14.1	1444	14.15	682	14.2	495	14.1	14.25	13.8	0	0	1410814	
ABT	35.8	31.2	33.5	31.3	12	31.35	2	31.4	7	-0.05	-0.15	33.45	1	2	33.5	1	34	5	35	4	0	33.45	33.45	0	0	655034	
ACC	19.8	17.3	18.55	18.35	2000	18.5	100	19	182	0.45	2.43	19	100	277	19.2	86	19.3	101	19.4	10	19	19.2	18.95	0	0	298596	
ACL	26.95	23.45	25.2	24.7	123	24.75	3	24.8	60	-0.25	-0.99	24.95	100	3858	24.95	48	25	100	25.1	300	24.95	25.3	24.8	900	909	843117	
ADS	10.6	9.25	9.94	9.65	265	9.71	10	9.8	2	-0.04	-0.4	9.9	20	78	9.89	139	9.9	52	9.91	190	0	9.91	9.9	0	0	1248247	
AGG	29.1	25.3	27.2	26.8	271	26.9	513	27	414	-0.1	-0.37	27.1	600	25217	27.1	249	27.15	400	27.2	1029	27.1	27.2	26.5	0	0	1622591	
AGM	14.8	12.9	13.85	13.4	1	13.55	100	13.6	20	0.05	0.36	13.9	5	1846	13.9	225	14	501	14.1	200	13.9	14	13.8	0	1008	744035	
AGR	3.79	3.31	3.55	3.36	2	3.4	975	3.45	53	-0.09	-2.54	3.46	90	14519	3.46	13	3.47	984	3.49	14473	3.46	3.56	3.45	1	0	9962390	
AMD	3.5	3.06	3.28	3.1	33376	3.11	9635	3.12	6783	-0.16	-4.88	3.12	8227	260874	3.13	329	3.15	10	3.18	1200	3.12	3.3	3.12	5010	8146	7733600	
ANV	19.9	17.3	18.6	18	2133	18.1	1210	18.15	75	-0.45	-2.42	18.15	1802	12370	18.2	1	18.3	1344	18.4	554	18.15	18.65	18.15	185	1175	6094060	
APC	18.8	16.4	17.6	17.1	200	17.15	203	17.4	598	-0.2	-1.14	17.4	500	2165	17.45	76	17.5	94	17.6	437	17.4	17.8	17.4	0	0	654282	
APG	9.73	8.47	9.1	8.83	1785	8.87	6	8.9	165	-0.2	-2.2	8.9	110	122556	9	10	9.05	335	9.08	1	8.9	9.15	8.9	2884	0	3160116	
ASM	6.14	5.34	5.74	5.8	9044	5.81	300	5.82	50200	0.09	1.57	5.83	14879	435717	5.83	2510	5.84	3146	5.85	6005	5.83	6.1	5.81	1871	9568	12316436	
ASP	5.86	5.1	5.48	5.42	200	5.43	205	5.44	114	0.06	1.09	5.54	11	10575	5.54	86	5.55	415	5.56	144	5.54	5.58	5.37	0	0	2	
AST	57.9	50.5	54.2	54.3	77	54.4	41	54.5	4	0.6	1.11	54.8	300	10336	54.8	445	54.9	60	55	482	54.8	55.2	53.9	400	93	262398	
ATG	0.58	0.52	0.55	0.52	5048	0.53	4520	0.54	3826	-0.01	-1.82	0.54	501	5754	0.55	2288	0.56	2885	0.57	2300	0.54	0.56	0.53	0	44	720605	
BBC	52.4	45.6	49	0	0	0	0	45.6	90	-3.4	-6.94	45.6	35	154	49.8	3	49.9	48	50	111	45.6	50	45.6	0	0	35718	
BCE	8.29	7.21	7.75	7.7	10000	7.73	19	7.75	698	0.05	0.65	7.8	1	18737	7.8	207	7.82	239	7.83	357	7.8	7.9	7.75	0	0	1356929	
BCG	7.06	6.14	6.6	6.28	2101	6.29	2002	6.3	21420	-0.3	-4.55	6.3	4927	88407	6.47	100	6.48	518	6.49	2247	6.3	6.69	6.3	2075	976	1658066	
BFC	14.8	12.9	13.85	13	5361	13.05	5883	13.1	958	-0.75	-5.42	13.1	3847	79867	13.15	1	13.3	5080	13.5	100	13.1	13.95	13	1094	2153	2585285	
BHN	59.1	51.5	55.3	54.3	21	54.4	392	54.5	227	-0.8	-1.45	54.5	645	2948	54.8	185	55	10	55.2	10	54.5	55	54.4	504	911	7292842	
BIC	23	20	21.5	20.45	90	20.5	57	20.55	110	0.5	2.33	22	950	6206	22	82	22.4	10	22.5	270	22	22	20.5	1426	1369	162348	
BID	44.35	38.55	41.45	40.45	1343	40.5	5409	40.55	1766	-0.9	-2.17	40.55	9847	149660	40.6	2465	40.65	410	40.7	824	40.55	41.9	40.5	4431	6008	49453527	
BMC	13.25	11.55	12.4	12.1	100	12.15	30	12.2	218	0	0	12.4	15	268	12.4	259	12.45	666	12.5	225	12.4	12.4	12.2	80	16	326195	
BMI	23.3	20.3	21.8	21.3	1653	21.4	647	21.45	1	-0.1	-0.46	21.7	500	18398	21.7	1411	21.75	500	21.8	1776	21.7	21.75	21.4	544	3328	1192650	
BMP	50.9	44.3	47.6	47.4	75	47.45	5	47.5	5940	-0.1	-0.21	47.5	2001	13723	47.55	969	47.6	262	47.65	500	47.5	47.9	47.5	20125	17942	1630686	
BRC	11.15	9.72	10.45	0	0	10	201	10.05	1	0	0	0	0	0	10.6	22	10.7	300	0	0	0	0	0	0	0	600909	
BSI	8.66	7.54	8.1	7.92	63	7.93	99	7.95	2	0.08	0.99	8.18	41	3045	8.18	1813	8.19	191	8.2	173	8.18	8.4	7.8	70	2000	4951612	
BTP	15.85	13.85	14.85	14.7	702	14.75	355	14.8	322	0.05	0.34	14.9	11	2038	14.9	371	14.95	1	15	80	14.9	15	14.8	0	54	2401911	
BTT	42.8	37.2	40	0	0	0	0	37.5	10	-0.1	-0.25	39.9	1	1	39.8	40	39.9	49	40	300	0	39.9	39.9	0	0	660452	
BVH	54.2	47.2	50.7	49.75	20	49.8	1129	49.85	819	-0.8	-1.58	49.9	7392	112259	49.9	445	49.95	500	50	612	49.9	51.1	49.9	11303	26107	15301812	
BWE	23.95	20.85	22.4	21.5	1125	21.6	350	21.7	842	-0.7	-3.12	21.7	838	20273	21.8	51	21.95	440	22	270	21.7	22.55	21.5	274	198	5951648	
C32	27.05	23.55	25.3	24.2	538	24.25	148	24.3	159	-1	-3.95	24.3	987	7764	24.55	29	24.6	184	24.65	169	24.3	25	24.2	730	1244	364499	
C47	12.15	10.65	11.4	11.4	1797	11.5	100	11.7	1	0.5	4.39	11.9	2	1510	11.9	457	12	561	12.15	621	11.9	12.15	11.4	0	0	829803	
CAV	71.1	61.9	66.5	66.1	220	66.5	205	66.6	17	0.1	0.15	66.6	42	168	68	494	68.5	23	69	30	66.6	68.5	66.5	10	0	2805931	
CCI	14.95	13.05	14	13.05	5	13.1	4	13.5	22	0	0	0	0	0	14	2130	14.1	50	14.3	100	0	0	0	0	0	823571	
CCL	8.13	7.07	7.6	7.09	706	7.1	1350	7.11	101	-0.49	-6.45	7.11	4999	37338	7.3	950	7.34	200	7.35	300	7.11	7.6	7.11	0	2741	2112018	
CDC	17.65	15.35	16.5	0	0	15.35	100	15.4	1	-0.4	-2.42	16.1	1	1	16	101	16.4	1	16.5	200	16.1	16.1	16.1	0	0	764368	
CEE	16.05	13.95	15	13.95	2	14	256	14.05	41	0.4	2.67	15.4	3	53	15.4	236	15.5	56	15.7	38	15.4	15.4	14	0	0	2021552	
CHP	20.3	17.7	19	18.8	35	18.9	5	19	605	0.1	0.53	19.1	15	1981	19.1	39	19.2	776	19.3	80	0	19.1	19	0	0	6311919	
CIG	1.66	1.46	1.56	1.51	154	1.53	200	1.56	74	-0.01	-0.64	1.55	126	638	1.59	50	1.65	300	1.66	300	0	1.58	1.48	0	0	1545178	
CII	20.75	18.05	19.4	19.05	123	19.1	10403	19.15	4696	-0.25	-1.29	19.15	6898	141642	19.2	713	19.25	1856	19.3	2067	19.15	19.55	19.15	1920	74612	7435819	
CKG	10.15	8.85	9.51	9.56	140	9.57	100	9.6	251	0.14	1.47	9.65	13	8907	9.65	648	9.7	140	9.77	51	9.65	9.9	9.51	0	0	2403490	
CLC	29.05	25.25	27.15	27.1	301	27.15	103	27.2	1	0.05	0.18	27.2	70	2124	27.25	50	27.4	50	27.45	6	0	27.25	27.15	1	300	1222235	
CLG	1.39	1.21	1.3	1.33	1610	1.38	5010	1.39	14680	0.09	6.92	1.39	1	6732	0	0	0	0	0	0	1.39	1.39	1.39	0	0	1029699	
CLL	29.95	26.05	28	27.05	10	27.2	8	27.5	2	0	0	28	10	16	28	91	29	1	0	0	0	28	28	0	0	1419098	
CLW	27.8	24.2	26	0	0	0	0	0	0	0	0	26	500	1000	26	3	26.1	100	26.3	400	0	26	26	0	0	573966	
CMG	29.75	25.95	27.85	27.6	180	27.7	115	27.75	159	-0.1	-0.36	27.75	111	3365	27.8	14	27.85	373	27.9	163	27.75	28	27.7	0	0	1166579	
CMV	14.9	13	13.95	0	0	0	0	13	10	0	0	13.95	100	239	14.45	99	14.5	46	14.75	20	13.95	14.9	13.95	0	0	590605	
CMX	17.75	15.45	16.6	16.2	1148	16.25	1301	16.3	2044	-0.25	-1.51	16.35	280	44878	16.35	246	16.4	1	16.5	120	16.35	16.8	16.3	2	861	1158646	
CNG	23.1	20.1	21.6	20.95	130	21	6965	21.05	80	-0.45	-2.08	21.15	1	6425	21.15	149	21.2	300	21.45	300	21.15	21.7	21	0	633	757255	
COM	45.4	39.5	42.45	0	0	39.5	77	40	6	0	0	42.45	2	2	42.45	3	45	5	45.4	3	42.45	42.45	42.45	0	0	685800	
CRC	12.25	10.65	11.45	11.2	36	11.25	27	11.3	15	0	0	11.45	130	3578	11.45	119	11.5	136	11.6	311	11.45	11.45	11.35	0	0	734797	
CRE	17.35	15.15	16.25	16.7	6241	16.75	5019	16.8	5436	0.6	3.69	16.85	6274	147223	16.85	978	16.9	950	16.95	552	16.85	17.05	16.2	6753	0	2207971	
CSM	17.1	14.9	16	15.85	19	15.9	1911	15.95	2472	-0.05	-0.31	15.95	50	10458	16	100	16.1	156	16.2	450	15.95	16.3	15.9	0	0	4862278	
CSV	25.7	22.4	24.05	23.1	1643	23.15	105	23.2	2850	-0.85	-3.53	23.2	1867	39557	23.3	1030	23.5	349	23.55	200	23.2	24.45	23.1	1970	1682	1816611	
CTD	82.7	71.9	77.3	0	0	0	0	0	0	-5.4	-6.99	71.9	12868	84425	71.9	2735	72	1021	72.1	478	71.9	77.7	71.9	1226	1040	191450	
CTF	22.7	19.8	21.25	20.5	106	20.55	3	20.6	38	0.05	0.24	21.3	2	14959	21.3	846	21.4	107	21.5	817	21.3	21.4	20.6	0	0	2231353	
CTG	25.1	21.9	23.5	23.3	3129	23.35	13169	23.4	7383	-0.05	-0.21	23.45	40328	958841	23.45	6848	23.5	2159	23.55	2136	23.45	24.3	23.4	144941	12114	1028204	
CTI	20.1	17.5	18.8	18.85	137	18.9	1432	19	6760	0.2	1.06	19	2311	140654	19.1	1196	19.15	1016	19.2	2377	19	19.5	19	975	38769	2061983	
CTS	7.32	6.38	6.85	6.66	10	6.7	8	6.8	68	0	0	6.85	1801	20063	6.85	897	6.87	2859	6.88	2339	6.85	6.95	6.7	2000	0	4057822	
CVT	19.3	16.8	18.05	17.65	1530	17.8	1152	17.85	2329	-0.2	-1.11	17.85	658	14299	17.9	917	17.95	1125	18	226	17.85	18.1	17.85	297	1000	3271612	
D2D	67.9	59.1	63.5	61.2	195	61.3	31	61.4	81	-2	-3.15	61.5	998	46247	61.5	419	61.6	122	61.7	100	61.5	64.4	61	6864	8875	888960	
DAG	5.68	4.94	5.31	5.33	50	5.34	72	5.35	1000	0.05	0.94	5.36	467	39708	5.36	533	5.37	261	5.38	200	5.36	5.4	5.31	0	0	2102395	
DAH	12.75	11.15	11.95	11.95	2053	12	1497	12.05	2881	0.1	0.84	12.05	951	40967	12.1	153	12.15	505	12.2	1562	12.05	12.2	11.9	2069	0	1633139	
DAT	7.32	6.38	6.85	6.85	100	6.9	5	7	1	0	0	0	0	0	0	0	0	0	0	0	0	0	0	0	0	2253957	
DBC	47.2	41.1	44.15	43.8	106	44	2204	44.2	100	0.75	1.7	44.9	16607	638664	44.9	6264	44.95	1000	45	2703	44.9	46.7	42	223	43382	4307591	
DBD	52.4	45.6	49	48.6	204	48.7	220	48.75	8	1	2.04	50	505	4648	50	223	51	78	51.2	100	50	50	48	33	42	5235599	
DCL	22.7	19.8	21.25	20.5	223	20.8	10	20.9	1395	0.1	0.47	21.35	340	14662	21.35	37	21.4	10	21.5	10	21.35	21.95	20.9	24	12	1679956	
DCM	9.1	7.92	8.51	8.23	150	8.24	341	8.25	945	-0.26	-3.06	8.25	6830	283006	8.3	1350	8.31	476	8.34	20	8.25	8.55	8	505	20774	24920627	
DGW	28.85	25.15	27	26.05	662	26.1	712	26.15	174	-0.85	-3.15	26.15	4320	53712	26.2	300	26.25	500	26.3	697	26.15	27.1	26.15	1010	10999	1045867	
DHA	33.9	29.5	31.7	31.1	90	31.4	5	31.45	50	-0.2	-0.63	31.5	2	641	31.5	138	31.65	100	31.7	362	0	31.7	31.5	0	0	600570	
DHC	38.8	33.8	36.3	36.5	326	36.6	2	36.7	30	0.45	1.24	36.75	363	14913	36.75	369	36.8	1227	36.9	1561	36.75	37	36.2	8594	107	674786	
DHG	99.2	86.4	92.8	92.3	11	92.4	5	92.5	43	1.2	1.29	94	1382	2058	94	539	94.3	20	94.5	277	94	94	92.5	3577	2179	5956838	
DHM	8.29	7.21	7.75	0	0	0	0	0	0	-0.54	-6.97	7.21	43	5820	7.21	57	7.25	68	7.69	5	0	7.75	7.21	0	0	1531248	
DIC	2.14	1.86	2	0	0	0	0	0	0	-0.14	-7	1.86	7216	89306	1.86	1000	1.93	250	1.94	241	1.86	2.14	1.86	6100	0	1278362	
DIG	13.05	11.35	12.2	12.25	4470	12.3	2175	12.35	1770	0.2	1.64	12.4	8868	332369	12.4	805	12.45	4101	12.5	6505	12.4	12.85	12.3	430	1179	4599676	
DLG	1.69	1.47	1.58	1.47	91424	1.48	22522	1.49	20386	-0.09	-5.7	1.49	15982	571960	1.5	1793	1.51	1123	1.52	4671	1.49	1.61	1.47	0	14982	13851723	
DMC	60.4	52.6	56.5	54.3	135	54.4	100	54.5	480	-1.6	-2.83	54.9	2450	15510	54.9	647	55	185	55.1	605	54.9	56.7	54.4	2005	434	1449669	
DPG	26.1	22.7	24.4	24.1	273	24.2	722	24.25	400	-0.1	-0.41	24.3	1088	31685	24.3	54	24.4	1123	24.45	71	24.3	25	24.2	2089	475	2186204	
DPM	16.1	14	15.05	14.3	8233	14.35	6024	14.4	14778	-0.65	-4.32	14.4	40332	431407	14.45	2550	14.5	7575	14.55	2491	14.4	15.1	14.4	13000	66657	14330700	
DPR	41.4	36	38.7	37.8	100	38	380	38.1	106	-0.6	-1.55	38.1	19	547	38.8	109	38.9	572	39	645	38.1	38.9	38.1	0	217	1501101	
DQC	19.45	16.95	18.2	18.35	510	18.7	451	19	500	1.25	6.87	19.45	3603	11397	19.45	431	0	0	0	0	19.45	19.45	18.05	2	35	1591847	
DRC	21.55	18.75	20.15	19.6	1978	19.65	1226	19.7	3587	-0.45	-2.23	19.7	2428	66871	19.75	1031	19.8	2549	19.85	1944	19.7	20.45	19.7	7893	10492	3369678	
DRH	8.26	7.18	7.72	7.35	120	7.36	5248	7.38	12500	-0.32	-4.15	7.4	11922	199657	7.4	610	7.41	968	7.44	500	7.4	8	7.32	0	7221	2879266	
DRL	54.3	47.25	50.8	50.6	18	50.7	20	50.8	16	0	0	50.8	5	5	51	1	51.5	19	51.6	17	0	50.8	50.8	0	0	459240	
DSN	50.8	44.2	47.5	47.15	4	47.2	1245	47.25	1	-0.25	-0.53	47.25	7	1555	47.3	52	47.35	69	47.4	20	47.25	47.5	47.2	0	374	372182	
DTA	4.8	4.18	4.49	4.38	1	4.39	99	4.4	140	0.01	0.22	4.5	1	634	4.5	999	4.7	355	4.72	105	4.5	4.75	4.38	0	0	881866	
DTL	10.25	8.91	9.58	0	0	0	0	0	0	0	0	9.58	1	1	9.58	45	10.2	1	10.25	10	0	9.58	9.58	0	0	3008621	
DTT	14.35	12.55	13.45	0	0	0	0	12.55	2	0	0	0	0	0	14.35	3	0	0	0	0	0	0	0	0	0	397869	
DVP	37.05	32.25	34.65	34.25	20	34.3	12	34.55	1	-0.05	-0.14	34.6	6	1434	34.6	49	34.65	138	34.7	210	34.6	34.65	34.2	6	0	1407738	
DXG	12.1	10.6	11.35	11.3	20341	11.35	34133	11.4	13974	0.05	0.44	11.4	11051	490419	11.45	605	11.5	2734	11.55	9000	11.4	11.75	11.35	31777	10848	4710571	
DXV	2.54	2.22	2.38	2.28	200	2.29	111	2.3	1400	-0.06	-2.52	2.32	1	798	2.32	49	2.35	50	2.36	40	0	2.38	2.29	0	0	482208	
E1VFVN30	14.64	12.74	13.69	13.53	5	13.55	500	13.62	1460	-0.07	-0.51	13.62	679	19368	13.7	713	13.72	1	13.73	50	13.62	13.79	13.62	14662	104800	675449	
EIB	18.65	16.25	17.45	17.5	1646	17.55	2000	17.6	1195	0.15	0.86	17.6	2110	42564	17.7	917	17.8	7	17.85	19	17.6	18	17.45	0	500	11041	
ELC	5.58	4.86	5.22	5.2	190	5.21	30	5.22	139	0	0	5.22	200	6200	5.23	277	5.24	10	5.25	500	5.22	5.23	5.18	3599	5174	1460560	
EMC	11.55	10.05	10.8	10.05	10	10.1	201	11	219	0.75	6.94	11.55	1	546	0	0	0	0	0	0	0	11.55	10.05	0	0	749034	
EVE	11	9.58	10.3	9.85	10	9.86	195	10	200	-0.1	-0.97	10.2	1	13783	10.2	9	10.25	10	10.3	170	10.2	10.55	9.7	2	1508	1471566	
EVG	3.45	3.01	3.23	3.43	4470	3.44	20100	3.45	271118	0.22	6.81	3.45	400	91320	0	0	0	0	0	0	3.45	3.45	3.45	0	0	2858719	
FCM	7.29	6.35	6.82	6.42	200	6.43	200	6.45	93	-0.37	-5.43	6.45	514	3430	6.6	40	6.71	85	6.72	150	6.45	6.88	6.45	0	0	1906940	
FCN	9.84	8.56	9.2	9.29	10400	9.3	1420	9.31	572	0.11	1.2	9.31	2530	203630	9.34	280	9.35	470	9.37	1080	9.31	9.58	9.22	4587	0	2920254	
FDC	13.95	12.15	13.05	0	0	12.15	121	12.2	102	-0.05	-0.38	13	20	333	12.95	10	13	272	13.05	162	0	13	12.15	0	0	1891253	
FIR	32.3	28.1	30.2	29.8	808	29.9	355	30	217	-0.2	-0.66	30	241	9352	30.1	116	30.2	257	30.25	104	30	30.35	29.9	9	0	1004962	
FIT	6.74	5.86	6.3	6.07	51	6.08	210	6.1	329	-0.2	-3.17	6.1	2240	55795	6.16	158	6.17	100	6.18	85	6.1	6.35	6.1	400	918	12146337	
FLC	3.3	2.88	3.09	2.99	20771	3	39534	3.01	5896	-0.08	-2.59	3.01	71436	1474147	3.02	500	3.04	10821	3.05	3358	3.01	3.25	3.01	1710	25812	32944888	
FMC	28.35	24.65	26.5	26.4	1390	26.5	316	26.6	60	0.2	0.75	26.7	166	9617	26.7	271	26.8	175	26.9	218	26.7	27	26.4	3316	583	1983077	
FPT	51.6	44.95	48.3	47.85	169	47.9	2577	47.95	1290	-0.3	-0.62	48	10826	145673	48	512	48.05	1682	48.1	2439	48	48.5	48	4689	5975	0	
FRT	28.35	24.65	26.5	25.45	233	25.5	10606	25.55	1136	-0.95	-3.58	25.55	4579	144279	25.6	210	25.65	986	25.7	3126	25.55	26.45	25.55	8800	3006	1046044	
FTM	1.63	1.43	1.53	1.56	107	1.57	1998	1.58	65	0.05	3.27	1.58	210	55149	1.59	10164	1.6	1657	1.61	149	1.58	1.63	1.53	3976	0	2431744	
FTS	11.85	10.35	11.1	11.05	100	11.1	2185	11.15	10	0.1	0.9	11.2	520	14249	11.2	115	11.25	185	11.3	414	11.2	11.3	11.1	1015	0	9456982	
FUCTVGF1	12.7	11.1	11.9	0	0	0	0	0	0	0	0	0	0	0	0	0	0	0	0	0	0	0	0	0	0	734571	
FUCTVGF2	10.95	9.54	10.25	0	0	0	0	0	0	0	0	0	0	0	10.25	1	0	0	0	0	0	0	0	0	0	808607	
FUCVREIT	8.56	7.44	8	0	0	0	0	0	0	-0.56	-7	7.44	20	20	7.5	50	8	30	8.2	199	0	7.44	7.44	0	0	239070	
FUESSV50	12.73	11.07	11.9	11.6	1200	11.7	1000	11.8	7620	-0.05	-0.42	11.85	1	9794	11.85	6	12	1089	12.1	1700	0	12	11.85	301	4794	436476	
FUESSVFL	10.25	8.91	9.58	9.52	4178	9.53	3523	9.54	4555	0.07	0.73	9.65	10	1095	9.61	10957	9.62	9434	9.63	9121	0	9.66	9.57	1	0	503359	
FUEVFVND	13.16	11.44	12.3	12.12	661	12.15	690	12.2	361	-0.1	-0.81	12.2	100	16793	12.26	200	12.3	3694	12.35	421	12.2	12.34	12.12	16146	0	0	
GAB	163.1	141.9	152.5	153.3	2671	153.4	1346	153.5	1038	1	0.66	153.5	631	5916	153.6	672	154	67	155	106	153.5	153.5	152.9	0	0	660785	
GAS	80.5	70.1	75.3	76.2	3624	76.3	1415	76.4	148	1.1	1.46	76.4	4362	145227	76.5	1030	76.6	26	76.7	343	76.4	77.8	75	27510	8419	87449784	
GDT	32.2	28	30.1	30	20	30.05	21	30.1	124	0	0	30.1	230	1682	30.2	115	30.3	9	30.45	50	30.1	30.2	29.7	0	0	487775	
GEG	22.55	19.65	21.1	20.7	1928	20.75	150	20.8	410	-0.3	-1.42	20.8	3266	50807	20.85	206	20.9	146	20.95	721	20.8	21.35	20.8	260	13	2456416	
GEX	18.75	16.35	17.55	17	23329	17.05	5069	17.1	11061	-0.45	-2.56	17.1	15885	220257	17.15	1494	17.2	2152	17.25	648	17.1	17.6	17.1	26628	66874	16503385	
GIL	21.1	18.4	19.75	19.4	1793	19.45	427	19.5	1652	-0.25	-1.27	19.5	2649	23605	19.55	250	19.6	102	19.65	839	19.5	20	19.5	0	0	1055731	
GMC	20.5	17.9	19.2	18.5	3	18.7	225	18.75	40	-0.4	-2.08	18.8	1	2675	18.8	184	19.2	320	19.3	463	0	19.3	18.7	0	1167	1034555	
GMD	21.05	18.35	19.7	19.1	330	19.15	20	19.2	7062	-0.5	-2.54	19.2	6315	47148	19.3	1	19.4	98	19.45	29	19.2	19.9	19.2	277	277	0	
GSP	11.15	9.72	10.45	9.72	50	9.8	540	9.85	25	-0.1	-0.96	10.35	1	80	10.25	1617	10.3	91	10.4	83	0	10.45	10.35	0	0	1313745	
GTA	11.25	9.82	10.55	10.3	6	10.5	9	10.6	9	0.35	3.32	10.9	1	82	10.9	1	11	26	11.1	145	10.9	11.25	10.05	0	0	506426	
GTN	18.55	16.15	17.35	17.05	1511	17.1	10851	17.15	3988	-0.2	-1.15	17.15	2317	134689	17.2	1959	17.25	2542	17.3	1540	17.15	17.5	17.15	1912	3775	24907179	
GVR	13.7	12	12.85	12.45	2115	12.5	11118	12.55	1021	-0.3	-2.33	12.55	7531	140160	12.6	12782	12.65	1549	12.7	906	12.55	12.95	12.5	600	5700	49584527	
HAG	5.21	4.53	4.87	4.78	1505	4.79	390	4.8	184043	-0.07	-1.44	4.8	123693	1899315	4.85	150000	4.86	118500	4.87	4160	4.8	5.21	4.8	225	69597	38055936	
HAH	12.6	11	11.8	11.7	1811	11.75	868	11.8	200	0.05	0.42	11.85	615	16910	11.85	364	11.9	975	11.95	555	11.85	11.85	11.6	0	0	1368702	
HAI	3.49	3.05	3.27	3.06	6611	3.07	5528	3.08	5844	-0.19	-5.81	3.08	22824	352899	3.12	880	3.13	217	3.14	5867	3.08	3.39	3.08	1613	6273	8602322	
HAP	3.4	2.96	3.18	3.08	500	3.1	416	3.11	50	-0.01	-0.31	3.17	1	5252	3.16	20	3.17	499	3.18	1272	0	3.2	3.1	0	2340	2327388	
HAR	3.5	3.06	3.28	3.25	450	3.26	1020	3.28	477	0	0	3.28	2016	113104	3.3	600	3.35	1610	3.36	543	3.28	3.5	3.28	30	100	4951139	
HAS	7.91	6.89	7.4	0	0	6.89	151	6.9	10	0.05	0.68	7.45	5	5	7.45	15	7.5	180	7.6	11	0	7.45	7.45	0	0	235559	
HAX	12.6	11	11.8	11.4	1090	11.5	2595	11.55	2140	-0.1	-0.85	11.7	9	12940	11.7	55	11.75	228	11.8	1438	11.7	11.9	11.55	6	0	1539601	
HBC	9.45	8.23	8.84	8.65	12885	8.66	7970	8.67	2419	-0.16	-1.81	8.68	44172	406155	8.68	393	8.69	3050	8.7	6334	8.68	8.94	8.67	2705	72056	6769549	
HCD	3.14	2.74	2.94	2.93	200	2.94	685	2.96	57	0.02	0.68	2.96	138	16084	2.98	105	2.99	804	3	1587	2.96	3.07	2.94	0	0	1320269	
HCM	20.85	18.15	19.5	18.95	3026	19	4682	19.05	1206	-0.45	-2.31	19.05	9038	201789	19.1	100	19.15	3000	19.25	2000	19.05	19.8	18.95	40650	50993	14255896	
HDB	26.65	23.25	24.95	26.55	4100	26.6	3251	26.65	34755	1.7	6.81	26.65	7345	224270	0	0	0	0	0	0	26.65	26.65	26.5	29549	13034	8682597	
HDC	17.1	14.9	16	15.7	2651	15.75	65	15.8	4745	-0.15	-0.94	15.85	4873	105176	15.85	2127	15.9	483	15.95	2328	15.85	16.3	15.85	0	54834	2479935	
HDG	30.7	26.7	28.7	28.15	1166	28.2	1384	28.25	49	-0.4	-1.39	28.3	1250	61375	28.3	535	28.4	796	28.45	660	28.3	29.1	28.2	200	3914	3941720	
HHS	4.4	3.84	4.12	3.95	3456	3.96	4860	3.97	2895	-0.15	-3.64	3.97	19157	283924	4	50	4.01	4105	4.02	50	3.97	4.18	3.97	0	32994	12587953	
HID	2.99	2.61	2.8	2.68	314	2.69	720	2.7	318	-0.1	-3.57	2.7	407	40182	2.71	100	2.72	222	2.73	2314	2.7	2.92	2.7	0	0	2825238	
HII	14.6	12.7	13.65	13.6	252	13.65	241	13.7	151	0.15	1.1	13.8	55	26794	13.8	65	13.9	30	13.95	200	0	14.6	13.4	1000	51	1351187	
HMC	15.6	13.6	14.6	0	0	13.6	1	13.8	442	-0.8	-5.48	13.8	100	300	14.5	7	14.75	1284	14.8	1000	13.8	14.5	13.8	0	0	1003126	
HNG	17.05	14.85	15.95	14.9	1258	14.95	16	15	5710	-0.95	-5.96	15	6236	113533	15.1	854	15.2	930	15.25	306	15	16.15	15	0	2757	53988314	
HOT	43.3	37.7	40.5	0	0	37.7	3	40	2	-0.5	-1.23	40	11	80	40.1	50	40.2	10	40.3	20	40	40.5	40	0	0	391818	
HPG	29.55	25.75	27.65	26.95	8697	27	18227	27.05	1199	-0.6	-2.17	27.05	47223	1148900	27.1	8842	27.15	3141	27.2	2159	27.05	27.8	26.95	139885	144019	34732075	
HPX	28.95	25.25	27.1	27.3	23	27.35	32	27.4	20	0.4	1.48	27.5	39	37215	27.5	2025	27.55	1	27.6	936	27.5	27.6	27.1	0	29	8084608	
HQC	1.26	1.1	1.18	1.24	44444	1.25	44444	1.26	2278701	0.08	6.78	1.26	165	235019	0	0	0	0	0	0	1.26	1.26	1.26	0	39948	21556120	
HRC	40.65	35.35	38	35.35	1	36	200	38	147	0	0	38	26	53	40	59	40.65	20	0	0	38	38	38	0	26	1456676	
HSG	10.8	9.4	10.1	9.78	32599	9.79	1253	9.8	3170	-0.3	-2.97	9.8	135646	1355284	9.81	4401	9.82	1300	9.83	1032	9.8	9.99	9.8	22327	168111	14601249	
HSL	5.71	4.97	5.34	5.23	140	5.25	423	5.26	50	-0.05	-0.94	5.29	102	7179	5.29	20	5.3	485	5.33	51	5.29	5.34	5.25	0	3998	1360151	
HT1	15.75	13.75	14.75	14.45	170	14.5	2035	14.55	1603	-0.2	-1.36	14.55	2608	34340	14.65	500	14.7	750	14.75	596	14.55	15.2	14.55	0	8	16250676	
HTI	13.2	11.5	12.35	12.3	200	12.4	102	12.5	110	0.15	1.21	12.5	505	1305	12.6	370	12.9	50	13.1	244	12.5	12.5	12.4	0	0	791429	
HTL	13.9	12.1	13	12.5	65	13	436	13.05	2	0	0	13	43	443	13.6	102	13.8	18	13.85	2	0	13	13	0	443	30711	
HTN	20.05	17.45	18.75	18.6	628	18.65	220	18.7	123	-0.05	-0.27	18.7	291	9245	18.75	1990	18.8	326	18.85	330	18.7	18.9	18.6	0	0	1428292	
HTT	0.73	0.65	0.69	0	0	0	0	0	0	0	0	0	0	0	0	0	0	0	0	0	0	0	0	0	0	956200	
HTV	14.4	12.6	13.5	12.65	30	12.7	4	12.8	4	0	0	0	0	0	13.3	10	13.5	302	13.6	5	0	0	0	0	0	455771	
HU1	6.3	5.48	5.89	5.5	10	5.51	130	5.8	10	-0.09	-1.53	5.8	30	250	6.2	328	6.29	1	6.3	60	0	5.8	5.5	0	0	453177	
HU3	7.86	6.84	7.35	7.07	10	7.2	60	7.22	20	0.05	0.68	7.4	1000	1001	7.86	215	0	0	0	0	0	7.86	7.4	500	0	433952	
HUB	18.7	16.3	17.5	16.3	10	16.35	2	16.5	3	-0.6	-3.43	16.9	14	281	17.5	1	17.85	1	17.9	26	16.9	17.5	16.9	0	0	747054	
HVG	5.77	5.03	5.4	0	0	0	0	0	0	0	0	0	0	0	0	0	0	0	0	0	0	0	0	0	0	9040458	
HVH	8.62	7.5	8.06	7.69	75	7.7	1135	7.75	56	-0.06	-0.74	8	1503	23749	8	1592	8.05	250	8.06	377	8	8.1	7.67	100	1124	962071	
HVN	29.6	25.8	27.7	27.3	1751	27.35	442	27.4	2807	-0.25	-0.9	27.45	3272	93345	27.45	2916	27.5	7151	27.55	8255	27.45	27.85	27.45	178	4031	29306814	
HVX	3.98	3.46	3.72	0	0	0	0	3.7	2	-0.02	-0.54	3.7	30	205	3.72	28	3.89	200	3.98	461	3.7	3.72	3.46	0	0	1924059	
IBC	24.6	21.4	23	22.65	120	22.7	131	22.75	120	-0.2	-0.87	22.8	236	9390	22.8	149	22.9	290	22.95	139	22.8	23	22.8	0	59	1975984	
ICT	16.85	14.65	15.75	15.5	570	15.55	117	15.6	1	-0.05	-0.32	15.7	30	3325	15.7	236	15.85	590	15.9	537	15.7	15.85	15.55	0	0	3215071	
IDI	4.76	4.14	4.45	4.33	155	4.34	890	4.35	649	-0.09	-2.02	4.36	3458	224584	4.36	3139	4.38	3359	4.4	2150	4.36	4.65	4.31	2	6435	10974048	
IJC	12.9	11.3	12.1	11.85	210	11.9	2510	11.95	690	-0.1	-0.83	12	2464	22516	12	693	12.05	350	12.1	1083	12	12.4	12	117	1307	6517766	
ILB	18.05	15.75	16.9	16.6	10	16.7	10	16.8	60	-0.1	-0.59	16.8	341	1804	16.9	348	16.95	536	17	672	16.8	17	16.8	0	0	0	
IMP	60	52.2	56.1	57	95	57.3	259	57.5	20	1.4	2.5	57.5	90	14689	57.6	33	57.7	50	57.8	160	57.5	59.5	56.8	0	10	0	
ITA	4.16	3.62	3.89	3.78	5278	3.79	5175	3.8	46791	-0.09	-2.31	3.8	152815	4890265	3.81	1000	3.82	14968	3.83	5936	3.8	4.16	3.65	92058	67621	39473167	
ITC	13.85	12.05	12.95	0	0	12.1	300	12.2	30	0	0	0	0	0	12.9	392	12.95	298	13	40	0	0	0	0	0	3518730	
ITD	9.75	8.49	9.12	8.6	725	8.61	20	8.7	1	-0.41	-4.5	8.71	1	2756	8.71	6	9.08	1300	9.1	1239	0	9.11	8.6	0	2278	682420	
JVC	3.27	2.85	3.06	3.03	679	3.04	20	3.05	55	-0.01	-0.33	3.05	1700	233207	3.06	1183	3.08	1441	3.1	200	3.05	3.19	2.95	900	0	378245	
KBC	15.6	13.6	14.6	14.05	7615	14.1	5639	14.15	6045	-0.45	-3.08	14.15	9837	423954	14.2	447	14.25	2152	14.3	1623	14.15	14.7	14.1	57328	70025	12768140	
KDC	35.5	30.9	33.2	33.4	30	33.5	500	33.55	584	0.35	1.05	33.55	6439	119295	33.6	1798	33.65	1000	33.7	1647	33.55	33.9	33	50696	1729	20913015	
KDH	23.8	20.7	22.25	22.1	1517	22.15	1360	22.2	2647	0	0	22.25	3600	80582	22.25	871	22.4	2711	22.45	1291	22.25	22.5	22.05	137	17324	2769420	
KHP	8.67	7.55	8.11	8.08	110	8.09	505	8.1	2	0	0	8.11	12	1721	8.11	1751	8.18	877	8.19	110	8.11	8.11	8.02	400	1216	1168041	
KMR	2.45	2.13	2.29	2.13	930	2.14	100	2.15	1355	-0.09	-3.93	2.2	1275	5115	2.2	590	2.23	105	2.24	890	2.2	2.34	2.2	0	0	2119687	
KOS	31.85	27.75	29.8	30	1466	30.1	2119	30.2	208	0.4	1.34	30.2	6120	49534	30.3	37	30.4	252	30.5	578	30.2	30.8	30	388	0	5043863	
KPF	19.25	16.75	18	0	0	0	0	16.75	5	-0.15	-0.83	17.85	1	111	17.9	5	18	1220	18.7	60	17.85	17.85	16.75	0	0	882579	
KSB	27.4	23.9	25.65	24.7	1556	24.75	140	24.8	212	-0.85	-3.31	24.8	9196	191780	24.85	2050	24.9	757	24.95	731	24.8	25.6	24.7	45210	3164	2053600	
L10	14.45	12.65	13.55	0	0	13.5	10	13.55	420	0	0	0	0	0	14.45	10	0	0	0	0	0	0	0	0	0	475275	
LAF	9.06	7.88	8.47	0	0	7.88	5	7.89	6	0.03	0.35	8.5	10	343	8.5	302	8.99	5	9	30	0	8.5	8.5	2	0	687617	
LBM	29.6	25.8	27.7	26.15	12	26.5	5	27	50	0	0	27.7	2	72	27.7	1	28	110	28.45	23	27.7	27.7	27.7	0	0	433816	
LCG	7.97	6.93	7.45	7.5	2746	7.51	200	7.52	42	0.15	2.01	7.6	6822	150560	7.6	2045	7.62	313	7.7	2170	7.6	7.9	7.5	0	12139	1882168	
LCM	0.7	0.62	0.66	0	0	0.62	94	0.63	779	0	0	0.66	1	103	0.66	49	0.67	82	0.68	696	0	0.66	0.63	0	0	995529	
LDG	6.61	5.75	6.18	5.93	620	5.94	7356	5.95	2703	-0.23	-3.72	5.95	20890	462635	5.97	2383	5.98	3200	5.99	100	5.95	6.28	5.94	100	12590	11468166	
LEC	16.9	14.7	15.8	14.75	100	14.85	85	16	15	0.2	1.27	16	95	210	16.8	6	0	0	0	0	16	16	14.85	0	0	1278863	
LGC	47.5	41.3	44.4	0	0	0	0	0	0	-0.5	-1.13	43.9	199	201	43.9	258	44.2	322	44.4	1	0	43.9	41.3	0	200	768186	
LGL	5.14	4.48	4.81	4.76	1	4.77	1	4.78	171	-0.01	-0.21	4.8	522	7413	4.8	243	4.81	760	4.84	299	4.8	4.89	4.75	0	4640	2261195	
LHG	20	17.4	18.7	18.1	4705	18.15	2500	18.2	2312	-0.5	-2.67	18.2	4653	35954	18.4	200	18.45	210	18.5	6666	18.2	18.95	18.2	100	2084	2107874	
LIX	57.6	50.2	53.9	53.9	360	54	124	54.1	11	0.3	0.56	54.2	32	11781	54.2	865	54.3	1050	54.5	130	54.2	54.5	53.9	128	154	1246423	
LM8	18.45	16.05	17.25	17	11	17.05	1	17.1	4	0.25	1.45	17.5	3	488	17.4	47	17.5	221	17.8	39	17.5	18.1	17.1	0	0	443472	
LMH	0.85	0.75	0.8	0	0	0.75	2283	0.76	400	0	0	0.8	16952	122181	0.78	1968	0.8	10000	0.81	852	0.8	0.85	0.8	0	0	2562923	
LSS	5.11	4.45	4.78	4.73	20	4.74	50	4.76	10	-0.01	-0.21	4.77	300	5303	4.77	20	4.78	619	4.79	705	4.77	4.8	4.71	0	0	3317341	
MBB	19.05	16.65	17.85	17.8	43494	17.85	9020	17.9	43738	0.05	0.28	17.9	19768	1401973	17.95	16516	18	21899	18.05	5628	17.9	18.3	17.9	0	0	0	
MCG	1.76	1.54	1.65	1.59	614	1.6	410	1.61	100	0.04	2.42	1.69	10	585	1.69	30	1.7	855	1.72	1079	0	1.73	1.59	0	0	2546184	
MCP	14.4	12.6	14.3	0	0	0	0	12.65	10	0	0	0	0	0	0	0	0	0	0	0	0	0	0	0	0	735596	
MDG	11.75	10.25	11	10.35	105	10.5	1	10.55	1	0	0	11	50	50	11	40	11.3	25	11.7	213	0	11	11	0	0	533562	
MHC	3.28	2.86	3.07	2.99	510	3	215	3.01	223	0.08	2.61	3.15	1	3999	3.16	964	3.17	458	3.18	20	3.15	3.17	2.99	0	0	1947194	
MSH	38.3	33.3	35.8	36	1177	36.05	10	36.1	30	0.35	0.98	36.15	53	6458	36.15	112	36.2	635	36.3	100	36.15	36.4	35.8	448	781	2237442	
MSN	67.5	58.7	63.1	63.7	468	63.8	2572	63.9	843	0.8	1.27	63.9	7457	419008	64	865	64.1	1544	64.2	459	63.9	65.8	63.4	24333	96958	11249025	
MWG	92	80	86	85.1	4232	85.2	482	85.3	2439	-0.7	-0.81	85.3	6859	111035	85.4	1050	85.5	131	85.6	531	85.3	86.8	85.3	0	0	0	
NAF	26.5	23.1	24.8	23.9	119	24	120	24.1	204	-0.7	-2.82	24.1	450	1827	24.6	20	24.65	50	24.7	100	24.1	24.8	24.1	0	0	4117225	
NAV	19.2	16.7	17.95	18.5	600	18.6	10	19.2	200	1.25	6.96	19.2	20	20	0	0	0	0	0	0	0	19.2	19.2	0	0	381738	
NBB	20.2	17.6	18.9	18.95	10	19	470	19.1	73	0.25	1.32	19.15	1	1909	19.15	149	19.2	809	19.3	53	19.15	19.2	18.55	27	0	3105629	
NCT	65.6	57.2	61.4	61.4	695	61.5	502	61.6	1	0.5	0.81	61.9	1	1417	61.9	129	62	2015	62.1	95	61.9	64	61.1	1	0	1001437	
NHH	51.7	45	48.35	47	15	47.5	10	48	5	-0.05	-0.1	48.3	220	23743	48.35	50	48.4	300	48.5	50	0	48.4	48.15	0	25	1675883	
NKG	8.5	7.4	7.95	7.83	6053	7.84	7000	7.85	6713	-0.09	-1.13	7.86	15246	278719	7.86	5538	7.87	1372	7.88	550	7.86	7.98	7.79	9274	7653	14435687	
NLG	25.15	21.95	23.55	23.4	7096	23.45	5075	23.5	222	0	0	23.55	4879	109579	23.55	493	23.6	1257	23.65	419	23.55	23.8	22.7	12851	0	373830	
NNC	50	43.55	46.8	45.5	1	45.8	50	45.9	301	-0.3	-0.64	46.5	5	154	46.5	25	46.65	1	46.7	40	46.5	46.8	46	0	0	685649	
NSC	68.1	59.3	63.7	63	111	63.2	140	63.4	31	-0.3	-0.47	63.4	69	227	63.5	45	63.6	15	63.7	194	63.4	64.4	63	11	0	681255	
NT2	22.85	19.95	21.4	21.1	1073	21.15	952	21.2	352	-0.2	-0.93	21.2	450	26952	21.3	1473	21.35	45	21.4	1319	21.2	21.7	21.2	3910	0	8955791	
NTL	19.75	17.25	18.5	17.9	2790	17.95	502	18	5039	-0.45	-2.43	18.05	1600	90429	18.05	3	18.1	1000	18.2	3020	18.05	18.8	17.95	65	8120	2831207	
NVL	58.8	51.2	55	54	3108	54.1	4901	54.2	561	-0.8	-1.45	54.2	7310	118447	54.3	1483	54.4	1804	54.5	1991	54.2	55.3	53.5	3366	8011	31410136	
NVT	5.54	4.82	5.18	5.01	10	5.02	32	5.03	1	0	0	5.18	5	978	5.18	895	5.19	345	5.2	810	0	5.2	5.02	0	0	7325534	
OGC	4.14	3.6	3.87	0	0	0	0	0	0	-0.27	-6.98	3.6	10761	483927	3.6	13425	3.61	20	3.62	2000	3.6	3.86	3.6	0	2849	14612538	
OPC	60	52.2	56.1	52.2	3	52.3	1	54	1	0	0	0	0	0	57.7	22	57.8	1	57.9	10	0	0	0	0	0	1166801	
PAC	24.25	21.15	22.7	22.4	316	22.45	404	22.5	15	-0.2	-0.88	22.5	565	11735	22.65	50	22.7	998	22.8	211	22.5	22.8	22.3	0	45	1311500	
PAN	23.4	20.4	21.9	21.5	670	21.7	500	21.9	297	0	0	21.9	70	7057	22	10	22.1	275	22.15	20	21.9	22.3	21.9	0	1000	1037327	
PC1	18.8	16.4	17.6	17.75	5	17.9	3435	18	3921	0.4	2.27	18	6694	135450	18.1	979	18.2	600	18.25	70	18	18.5	17.6	1436	2390	4624522	
PDN	70.6	61.4	66	61.4	1	62	1	66	5	0	0	66	10	14	67.5	7	67.9	53	68	162	0	67.5	66	0	0	902331	
PDR	29.1	25.3	27.2	25.45	100	25.5	209	26	40	-1.2	-4.41	26	2959	101714	26.2	510	26.4	18	26.5	110	26	27.2	25.3	1467	44152	15027397	
PET	8.96	7.8	8.38	8.31	100	8.32	520	8.33	50	-0.02	-0.24	8.36	100	30270	8.36	453	8.37	292	8.41	606	8.36	8.46	8.3	2863	7849	2797233	
PGC	16.9	14.7	15.8	16	21956	16.05	1416	16.1	378	0.3	1.9	16.1	1112	73754	16.15	808	16.2	6860	16.25	20	16.1	16.5	15.8	116	5660	2503959	
PGD	31.55	27.45	29.5	29.2	310	29.3	49	29.35	2	0	0	29.5	2	1079	29.5	283	30	280	30.4	10	0	29.6	29.4	0	1079	179112	
PGI	17.15	14.95	16.05	15.3	2	15.5	100	15.55	200	-0.5	-3.12	15.55	1	8	16.1	50	16.2	660	16.3	90	15.55	16.2	15.25	0	0	2516253	
PHC	10.9	9.49	10.2	10.4	1	10.45	1	10.5	608	0.3	2.94	10.5	1503	6375	10.6	1797	10.7	150	10.8	836	10.5	10.5	9.99	0	0	1258456	
PHR	56.7	49.3	53	50.9	3795	51	7711	51.1	1251	-1.9	-3.58	51.1	7173	200552	51.3	1	51.4	768	51.5	319	51.1	53.5	50.8	20260	4712	5284558	
PIT	4.11	3.59	3.85	0	0	3.59	5025	3.85	30	0	0	3.85	1	695	3.9	41	4	1	4.1	163	3.85	3.9	3.85	0	0	733742	
PJT	11.75	10.25	11	10.5	121	10.6	50	10.8	30	-0.1	-0.91	10.9	60	210	10.9	32	11.5	1698	11.6	10	0	11	10.9	120	0	712716	
PLP	9	7.84	8.42	8.4	400	8.42	141	8.43	2	0.01	0.12	8.43	3	6601	8.7	650	8.8	331	8.89	130	8.43	8.7	8.35	0	0	977831	
PLX	49.5	43.1	46.3	46.3	2658	46.35	330	46.4	921	0.1	0.22	46.4	1551	130618	46.45	496	46.5	1887	46.6	503	46.4	47.1	46.15	9842	16692	8661021	
PME	63.1	54.9	59	58.7	100	59	1072	59.5	18	0.5	0.85	59.5	255	2221	60	1	60.5	158	60.7	33	59.5	61	59	0	0	2843860	
PMG	13	11.3	12.15	12.1	185	12.15	98	12.2	2029	0.1	0.82	12.25	35	552	12.25	121	12.3	148	12.35	54	12.25	12.3	12.15	0	0	2018910	
PNC	9.84	8.56	9.2	0	0	0	0	8.56	5	0.16	1.74	9.36	1	1	9.5	2	9.8	89	9.84	30	0	9.36	9.36	0	0	532156	
PNJ	68.3	59.5	63.9	63	5153	63.1	2425	63.2	1318	-0.7	-1.1	63.2	3310	57023	63.3	55	63.4	427	63.5	528	63.2	64	63.2	45099	45099	0	
POM	7.38	6.42	6.9	0	0	0	0	0	0	-0.48	-6.96	6.42	200	12948	6.45	9	6.49	291	6.5	120	6.42	7.34	6.42	0	0	11501847	
POW	11.15	9.72	10.45	10.35	6129	10.4	18390	10.45	28973	0.05	0.48	10.5	10713	839921	10.5	8596	10.55	10482	10.6	18328	10.5	10.8	10.4	321510	27389	87620625	
PPC	26.2	22.8	24.5	24.1	2342	24.15	14	24.2	2619	-0.3	-1.22	24.2	2087	33439	24.4	10	24.5	326	24.55	586	24.2	24.8	24.1	7346	25154	10618611	
PTB	50.1	43.65	46.9	46.55	221	46.6	390	46.65	147	-0.25	-0.53	46.65	320	14652	46.7	690	46.8	290	47	550	46.65	47.7	46.65	0	88	1481052	
PTC	9.3	8.1	8.7	8.52	100	8.6	200	8.7	255	0	0	8.7	100	2146	8.8	200	9.2	1840	9.3	1600	0	8.7	8.5	0	0	876766	
PTL	3.37	2.93	3.15	2.93	2375	2.95	130	3	80	0	0	3.15	81	1164	3.15	3657	3.35	30	3.36	45	3.15	3.15	3	0	1043	4874916	
PVD	11.65	10.15	10.9	11.05	12795	11.1	15681	11.15	3453	0.3	2.75	11.2	28918	1278538	11.2	14562	11.25	6407	11.3	20690	11.2	11.6	10.8	5075	134882	15375279	
PVT	11.7	10.2	10.95	11.05	5816	11.1	4569	11.15	50	0.25	2.28	11.2	6437	246995	11.2	12152	11.25	1901	11.3	11099	11.2	11.55	10.85	82065	6661	6741839	
PXI	2.72	2.38	2.55	2.38	100	2.39	50	2.41	40	0	0	2.55	10	221	2.65	20	2.66	10	2.67	20	2.55	2.71	2.55	0	0	1457811	
PXS	4.49	3.91	4.2	4.18	5	4.19	50	4.2	664	0.1	2.38	4.3	103	13003	4.3	117	4.34	518	4.35	50	4.3	4.35	4.2	200	0	2291017	
PXT	1.23	1.07	1.15	1.17	352	1.22	3000	1.23	11300	0.08	6.96	1.23	7981	31082	0	0	0	0	0	0	1.23	1.23	1.15	0	0	960326	
QBS	2.82	2.46	2.64	2.48	10	2.49	10	2.51	70	-0.06	-2.27	2.58	1	49438	2.58	79	2.6	1700	2.64	300	2.58	2.82	2.46	0	0	0	
QCG	8.18	7.12	7.65	7.56	30	7.58	1410	7.59	150	-0.05	-0.65	7.6	1422	49039	7.6	1348	7.65	2602	7.69	1000	7.6	7.9	7.58	662	752	13320900	
RAL	85.1	74.1	79.6	78.6	10	78.8	111	78.9	81	-0.1	-0.13	79.5	15	1089	79.5	85	79.6	516	80.5	50	79.5	80	78.8	360	0	545592	
RDP	10.05	8.76	9.41	9	202	9.57	5	9.58	5	0.54	5.74	9.95	300	552	9.95	250	9.98	150	9.99	208	9.95	10	9.95	0	0	1812091	
REE	33.9	29.5	31.7	31.5	3921	31.55	1113	31.6	913	-0.05	-0.16	31.65	1270	43235	31.65	2871	31.7	1009	31.75	391	31.65	32	31.55	0	0	0	
RIC	4.44	3.86	4.15	4	12	4.02	1	4.03	29	0.08	1.93	4.23	1	7	4.23	9	4.24	7	4.25	20	0	4.35	4.02	0	0	473285	
ROS	3.63	3.17	3.4	3.18	580898	3.19	604546	3.2	423998	-0.2	-5.88	3.2	299931	4663948	3.21	14393	3.22	8190	3.23	3265	3.2	3.44	3.17	19917	94365	26305745	
S4A	29.3	25.5	27.4	26.5	20	26.6	31	26.65	1	-0.2	-0.73	27.2	1	11	27.25	100	27.3	2	27.4	932	27.2	27.35	27.2	0	0	2066289	
SAB	190.1	165.3	177.7	182.6	19	182.7	37	183	2720	5.3	2.98	183	535	14446	183.5	180	183.9	50	184	212	183	189	177.7	13229	11835	23495416	
SAM	9.92	8.64	9.28	9.15	600	9.2	1700	9.25	630	0	0	9.28	2503	5672	9.28	831	9.29	339	9.3	5460	9.28	9.29	9.1	0	1841	12178579	
SAV	9.85	8.57	9.21	8.6	100	8.8	50	9	102	0.21	2.28	9.42	1	220	9.43	1	9.44	100	9.45	37	9.42	9.42	9.2	0	0	0	
SBA	15.4	13.4	14.4	13.9	10	14	15	14.2	14	0	0	14.4	1	417	14.4	541	15	110	15.1	100	14.4	14.4	14.2	0	0	2961980	
SBT	16.05	13.95	15	14.8	7767	14.85	1625	14.9	445	-0.05	-0.33	14.95	13124	227814	14.95	158	15	8596	15.05	7964	14.95	15.1	14.8	12206	5474	55178953	
SBV	12.15	10.65	11.4	0	0	0	0	0	0	-0.75	-6.58	10.65	5	657	10.65	641	10.9	210	11	334	0	10.65	10.65	0	0	850673	
SC5	21.4	18.6	20	0	0	18.8	5	18.85	2	0	0	20	9	20	19.95	200	20.3	6	20.35	148	0	20	20	0	0	667533	
SCD	23.6	20.6	22.1	21.4	51	21.5	100	21.55	150	0	0	22.1	100	253	22.1	91	22.2	39	22.4	30	0	22.1	22	0	0	346832	
SCR	5.4	4.7	5.05	4.84	20	4.85	4704	4.87	7864	-0.18	-3.56	4.87	22587	233625	4.9	4350	4.93	4000	4.94	647	4.87	5.1	4.87	800	5155	17421640	
SCS	128.4	111.6	120	119.4	42	119.5	49	119.6	30	0	0	120	47	2436	120	427	120.1	234	120.2	15	120	120	119.6	1500	87	1390747	
SFC	23.2	20.2	21.7	0	0	0	0	21.2	5	0	0	0	0	0	21.9	1	22	3	22.4	81	0	0	0	0	0	544500	
SFG	6.38	5.56	5.97	5.77	40	5.8	5	5.82	85	-0.01	-0.17	5.96	100	5389	5.96	500	5.97	657	5.98	10	0	6.29	5.82	0	0	2256084	
SFI	21	18.3	19.65	18.55	6	18.6	1	18.7	101	-0.15	-0.76	19.5	100	114	19.45	2	19.5	34	19.65	5	0	19.5	18.4	1	0	585494	
SGN	75.5	65.7	70.6	70.5	706	70.6	239	70.7	7	0.1	0.14	70.7	10	321	70.8	56	70.9	46	71	132	0	70.9	70.6	74	0	928599	
SGR	16.55	14.45	15.5	0	0	14.5	5	15.1	1	0	0	0	0	0	15.9	10	16.55	155	0	0	0	0	0	0	0	2231257	
SGT	4.75	4.13	4.44	0	0	4.13	10	4.2	402	0.06	1.35	4.5	28	428	4.5	149	4.55	1	4.6	201	4.5	4.55	4.21	0	27	2599794	
SHA	4.33	3.77	4.05	3.99	10	4	11	4.01	4	0	0	4.05	1	1302	4.05	99	4.06	19	4.08	16	0	4.06	4	0	0	1456632	
SHI	9.5	8.26	8.88	8.79	90	8.8	10	8.82	10	-0.03	-0.34	8.85	10	50344	8.85	940	8.88	95	8.89	500	8.85	8.9	8.8	535	0	4198062	
SHP	26.2	22.8	24.5	23.7	100	23.8	300	24	626	0	0	24.5	1	2	24.5	140	24.9	304	25	535	0	24.5	24	0	0	4123502	
SII	18.4	16	17.2	0	0	0	0	16	2	-0.2	-1.16	17	1	1	16.9	62	16.95	50	17	280	0	17	17	0	0	2752	
SJD	18.8	16.4	17.6	17.3	210	17.35	160	17.4	490	-0.1	-0.57	17.5	948	4357	17.5	72	17.6	1194	17.7	1443	0	17.6	17.4	0	0	1566855	
SJF	2.19	1.91	2.05	1.96	3210	1.97	870	2	731	-0.05	-2.44	2	2507	95416	2.01	200	2.04	613	2.05	2063	2	2.18	1.97	0	0	3858613	
SJS	25.7	22.4	24.05	25.1	80	25.2	171	25.6	177	1.55	6.44	25.6	989	69978	25.65	1050	25.7	4060	0	0	25.6	25.7	24.5	0	849	5378202	
SKG	11	9.58	10.3	10.1	2248	10.15	1958	10.2	163	-0.1	-0.97	10.2	1172	19752	10.3	3653	10.35	2053	10.4	2010	10.2	10.35	10.2	0	0	240044	
SMA	14.35	12.55	13.45	0	0	12.55	303	12.6	110	0	0	13.45	90	281	13.45	6	14.2	10	14.35	135	0	13.45	12.55	0	0	928355	
SMB	34.2	29.8	32	30.5	55	31	95	31.4	3	-0.2	-0.62	31.8	26	1832	31.8	187	32	707	32.2	105	31.8	32.3	31	1404	1559	1068959	
SMC	11.75	10.25	11	10.5	595	10.7	5	10.75	10	0.1	0.91	11.1	17	18	11	4	11.1	17	11.15	105	0	11.15	11.1	0	0	969907	
SPM	11.3	9.86	10.6	9.9	11	9.91	10	9.95	5	0	0	10.6	1	13	10.45	10	10.6	99	10.9	3	0	10.6	9.9	0	0	642995	
SRC	17.45	15.25	16.35	16.05	160	16.1	134	16.3	520	-0.05	-0.31	16.3	155	1224	16.35	227	16.4	105	16.45	100	16.3	16.35	16.3	0	0	1372379	
SRF	14.25	12.45	13.35	12.6	30	12.65	56	12.8	20	-0.05	-0.37	13.3	6	1011	13.3	953	13.4	235	13.45	450	13.3	13.4	12.8	1	0	71001	
SSC	60.9	53.1	57	0	0	53.1	1	53.2	177	-0.1	-0.18	56.9	13	38	56.6	2	56.9	9	57	1	0	56.9	53.2	0	0	718873	
SSI	16.25	14.15	15.2	14.95	2872	15	37190	15.05	2862	-0.15	-0.99	15.05	24267	610681	15.1	7120	15.15	4809	15.2	6110	15.05	15.35	15	59359	65927	29849652	
ST8	12.8	11.2	12	11.5	5	11.6	5	11.7	6	0	0	12	100	458	12	206	12.2	500	12.3	52	0	12	11.7	0	0	0	
STB	11.5	10	10.75	10.4	49806	10.45	57841	10.5	19403	-0.25	-2.33	10.5	110925	1389653	10.55	21023	10.6	14431	10.65	24584	10.5	10.9	10.5	13442	58257	27409255	
STG	16.05	13.95	15	14	122	14.5	169	14.55	3	-0.15	-1	14.85	10	277	14.85	91	14.9	10	15	342	0	14.85	13.95	0	0	4806165	
STK	18.45	16.05	17.25	17.4	237	17.5	1720	17.55	500	0.35	2.03	17.6	841	16818	17.6	710	17.65	15	17.7	348	17.6	17.6	17.3	1079	0	3062966	
SVC	70.9	61.7	66.3	0	0	0	0	70	340	3.7	5.58	70	1	704	70.5	8	70.9	55	0	0	0	70	67	0	702	1146299	
SVI	80.1	69.7	74.9	0	0	0	0	69.7	163	5.1	6.81	80	1	240	80	4	80.1	5	0	0	80	80	69.7	0	0	623492	
SVT	13.4	11.7	12.55	11.7	100	13.3	500	13.4	301	0.85	6.77	13.4	249	306	0	0	0	0	0	0	0	13.4	13.4	0	0	515365	
SZC	23.9	20.8	22.35	20.9	3352	20.95	201	21	12371	-1.35	-6.04	21	17994	234323	21.1	200	21.15	1453	21.2	615	21	22.4	21	586	1781	4875740	
SZL	44.9	39.1	42	40.95	21	41	739	41.1	183	-0.9	-2.14	41.1	280	10428	41.15	10	41.2	387	41.3	15	41.1	42.5	41.1	1160	18	816278	
TAC	39.55	34.45	37	36.1	59	36.15	75	36.2	53	-0.1	-0.27	36.9	50	2690	36.9	157	37	882	37.3	1	36.9	37	36.1	1	29	1617462	
TBC	25.65	22.35	24	22.45	5	23.5	532	23.6	50	0	0	0	0	0	24.4	40	24.5	29	25.5	10	0	0	0	0	0	3079105	
TCB	22.75	19.85	21.3	21	12789	21.05	441	21.1	7110	-0.15	-0.7	21.15	4974	246940	21.15	3739	21.2	3570	21.25	5734	21.15	21.5	21.1	16885	16885	0	
TCD	9.63	8.37	9	8.4	56	8.41	8	8.45	10	-0.03	-0.33	8.97	1	489	8.94	299	8.97	62	8.98	14	8.97	9.01	8.4	0	0	1444541	
TCH	22.8	19.9	21.35	21.5	1147	21.55	3674	21.6	2120	0.35	1.64	21.7	2921	177771	21.7	241	21.75	1184	21.8	2263	21.7	21.9	21.1	39950	0	16174828	
TCL	27.8	24.2	26	25.2	610	25.35	3	25.4	30	-0.5	-1.92	25.5	60	1982	25.6	20	25.7	21	25.8	318	25.5	26	25.4	124	321	1059292	
TCM	19.25	16.75	18	18.5	21198	18.55	10515	18.6	608	0.7	3.89	18.7	12316	240339	18.7	838	18.75	2890	18.8	363	18.7	19.1	17.9	27851	1552	0	
TCO	10.7	9.3	10	0	0	0	0	9.3	1	0	0	0	0	0	9.9	6	10	10	10.7	10	0	0	0	0	0	873491	
TCR	2.8	2.44	2.62	0	0	0	0	2.44	50	0	0	2.62	8	19	2.62	17	2.65	1	2.8	481	2.62	2.62	2.44	0	0	0	
TCT	34.2	29.8	32	32.3	39	32.5	1	32.55	45	0.9	2.81	32.9	1	1456	32.9	253	32.95	166	33	23	32.9	33	32.1	116	111	372946	
TDC	8.62	7.5	8.06	8.02	603	8.03	3269	8.04	1062	-0.02	-0.25	8.04	700	21900	8.05	92	8.06	566	8.07	1161	8.04	8.1	8.02	0	9798	4668697	
TDG	1.95	1.71	1.83	0	0	1.71	4925	1.72	3716	-0.11	-6.01	1.72	3135	50426	1.74	10	1.78	5000	1.79	1707	1.72	1.85	1.72	0	0	781711	
TDH	9.76	8.5	9.13	8.85	520	8.88	128	8.9	3227	-0.23	-2.52	8.9	8791	105696	8.91	1000	8.96	52	8.97	600	8.9	9.19	8.9	629	3283	1725987	
TDM	23.25	20.25	21.75	21.35	40	21.4	605	21.45	361	-0.3	-1.38	21.45	110	12661	21.55	352	21.65	500	21.7	834	21.45	21.9	21.45	2053	605	3689195	
TDW	28.85	25.15	27	0	0	0	0	25.2	8	-1.8	-6.67	25.2	26	30	27.4	14	27.5	10	28.85	1	25.2	25.25	25.2	27	0	394367	
TEG	6.12	5.32	5.72	0	0	0	0	0	0	-0.4	-6.99	5.32	1	5751	5.32	14398	5.35	2320	5.4	547	0	5.32	5.32	50	0	1573485	
TGG	1.07	0.93	1	0.98	1200	0.99	15000	1	6297	0.03	3	1.03	15666	177706	1.03	2345	1.04	442	1.05	903	1.03	1.07	0.93	0	30780	1251484	
THG	53.4	46.5	49.95	48.3	20	48.55	100	48.6	45	-1.35	-2.7	48.6	80	108	50.7	75	50.8	9	50.9	4	48.6	51.5	48.6	0	0	640235	
THI	29.4	25.6	27.5	27	350	27.5	498	27.55	49	0.05	0.18	27.55	1	581	29.4	1	0	0	0	0	27.55	29.4	27.5	0	0	2388065	
TIP	24.1	21	22.55	21.7	2170	21.8	1793	21.9	1990	-0.65	-2.88	21.9	1471	49609	22	10	22.1	142	22.2	47	21.9	23.6	21.85	3192	0	1013204	
TIX	33.55	29.25	31.4	0	0	0	0	29.3	2	0	0	0	0	0	31.4	20	33.5	2	0	0	0	0	0	0	0	1467467	
TLD	6.42	5.58	6	5.95	229	5.96	2	6	293	0	0	6	100	7684	6.05	599	6.09	2890	6.1	1000	6	6.05	6	0	0	891197	
TLG	33.65	29.25	31.45	30.8	616	30.9	1292	30.95	1202	-0.5	-1.59	30.95	1466	28899	31	215	31.1	1700	31.15	15	30.95	31.8	30.95	2631	16087	5914957	
TLH	3.74	3.26	3.5	3.33	1000	3.35	740	3.4	2625	-0.05	-1.43	3.45	1001	39930	3.45	600	3.46	386	3.48	160	3.45	3.56	3.45	0	0	4905766	
TMP	37.55	32.65	35.1	34	345	35	174	35.1	358	0	0	35.1	17	358	35.8	20	36	100	36.2	1	0	35.2	35.1	207	0	3406460	
TMS	27.55	23.95	25.75	25.05	50	25.5	100	25.6	32	-0.15	-0.58	25.6	5	366	25.65	110	25.7	189	25.8	1	25.6	25.85	25.6	0	0	0	
TMT	6.09	5.31	5.7	5.5	50	5.8	281	6.09	72	0.39	6.84	6.09	2	1573	0	0	0	0	0	0	6.09	6.09	6.05	0	686	1734219	
TN1	69.3	60.3	64.8	64.7	312	64.8	198	64.9	60	0.1	0.15	64.9	41	236	65	19	65.1	50	65.2	10	0	64.9	64.8	0	0	649241	
TNA	20.3	17.7	19	18.5	7156	18.55	969	18.6	269	-0.4	-2.11	18.6	20051	78547	18.8	482	18.9	329	18.95	1926	18.6	19.2	18	0	5683	1479341	
TNC	20.45	17.85	19.15	18.3	30	18.35	218	18.4	65	-0.75	-3.92	18.4	95	156	19.95	344	20.2	150	20.3	100	0	18.4	18.3	0	0	898643	
TNI	12.1	10.6	11.35	0	0	0	0	0	0	-0.75	-6.61	10.6	4	229936	10.6	10401	10.65	291	10.7	50	10.6	11	10.6	700	2721	2514532	
TNT	1.85	1.61	1.73	0	0	1.61	10	1.63	300	-0.01	-0.58	1.72	1	15711	1.72	2227	1.73	163	1.77	69	1.72	1.85	1.61	0	0	1234141	
TPB	22.75	19.85	21.3	20.85	51	20.9	11	21	2254	-0.3	-1.41	21	403	12552	21.2	455	21.3	1313	21.35	528	21	21.5	21	0	0	0	
TPC	8.77	7.63	8.2	7.9	300	8.1	10	8.15	20	0	0	8.2	20	131	8.2	80	8.3	85	8.45	23	0	8.3	8.2	0	0	1156357	
TRA	62.5	54.5	58.5	58.1	141	58.2	21	58.4	28	0	0	58.5	1	248	58.5	99	58.9	100	59	209	58.5	58.5	58	17	100	207969	
TRC	30.25	26.35	28.3	28.05	200	28.1	100	28.2	76	-0.1	-0.35	28.2	24	764	28.3	31	28.5	200	28.9	160	28.2	28.4	28.2	0	24	1220748	
TS4	3.42	2.98	3.2	3.08	220	3.09	10	3.1	171	-0.1	-3.12	3.1	1	2027	3.12	730	3.2	23	3.26	115	3.1	3.4	3.1	0	95	762159	
TSC	2.88	2.52	2.7	0	0	0	0	0	0	-0.18	-6.67	2.52	689	197451	2.52	23611	2.53	344	2.55	1500	2.52	2.8	2.52	0	0	7176660	
TTB	5.87	5.11	5.49	5.52	213	5.55	1100	5.56	911	0.07	1.28	5.56	14592	460190	5.6	500	5.66	3120	5.67	200	5.56	5.87	5.3	406	300	2285386	
TTE	14.85	12.95	13.9	0	0	0	0	0	0	0	0	0	0	0	13.85	1	13.9	17	0	0	0	0	0	0	0	1452958	
TTF	3.32	2.9	3.11	3.02	6520	3.03	2511	3.04	7134	-0.07	-2.25	3.04	40840	812832	3.07	1003	3.09	400	3.1	3101	3.04	3.32	3.04	10	0	15187509	
TV2	85.6	74.4	80	75.8	140	76	570	76.1	333	-3.9	-4.88	76.1	445	14815	76.2	1	76.5	180	78	300	76.1	80.1	75	6	98	17684	
TVB	11.3	9.86	10.6	9.98	2204	10	7739	10.05	2653	-0.5	-4.72	10.1	3864	194164	10.1	187	10.2	1295	10.25	987	10.1	10.35	9.86	5510	11085	2329461	
TVS	11.7	10.2	10.95	10.4	204	10.45	196	10.5	500	-0.05	-0.46	10.9	300	11366	10.9	131	10.95	162	11	1067	10.9	11	10.45	0	0	2175153	
TVT	21.15	18.45	19.8	19.85	7	20	77	20.4	59	0.6	3.03	20.4	1	165	20.5	864	20.75	3	20.8	74	20.4	20.5	20	0	0	1026441	
TYA	13.65	11.95	12.8	12.5	550	12.7	35	12.75	650	0	0	12.8	129	2857	12.8	85	12.85	114	12.95	800	12.8	12.95	12.8	0	487	401884	
UDC	3.1	2.7	2.9	2.9	212	2.91	100	2.93	100	0.01	0.34	2.91	20	2399	3.07	18	3.1	1366	0	0	0	3.07	2.9	0	0	1713749	
UIC	40.3	35.1	37.7	37.2	6	37.25	713	37.3	59	-0.4	-1.06	37.3	417	1811	37.4	10	37.45	5	37.5	100	37.3	37.7	37.25	1018	0	229065	
VAF	7.81	6.79	7.3	6.8	2	6.85	10	7.81	1	0	0	0	0	0	0	0	0	0	0	0	0	0	0	0	0	1845588	
VCB	92.5	80.5	86.5	86.4	156	86.5	1570	86.6	2717	0.1	0.12	86.6	3322	100904	86.7	1325	86.8	297	86.9	1153	86.6	86.9	86.3	77779	36270	23051533	
VCF	235.4	204.6	220	215	3	217	2	218.1	1	-1	-0.45	219	1	13	219	16	221	28	222	10	0	221	219	0	0	1287817	
VCI	25.15	21.95	23.55	23.65	2150	23.7	975	23.75	182	0.25	1.06	23.8	1813	113473	23.8	830	23.85	358	23.9	1300	23.8	24.55	23.75	2134	22847	11648745	
VDP	41.55	36.15	38.85	0	0	0	0	0	0	-2.7	-6.95	36.15	13	214	36.4	90	37.1	48	37.5	190	0	36.2	36.15	0	0	622113	
VDS	6.62	5.76	6.19	5.89	10	5.9	376	5.91	130	-0.04	-0.65	6.15	1	787	6.14	176	6.15	4	6.19	169	0	6.15	5.9	0	0	4865369	
VFG	40.9	35.6	38.25	37.6	2	38.2	100	38.25	1	0	0	38.25	1	238	39.2	11	39.25	11	39.3	11	38.25	39.4	38.25	0	25	1484363	
VGC	20.1	17.5	18.8	18.7	951	18.75	2024	18.8	140	0.1	0.53	18.9	151	13823	18.9	705	18.95	2540	19	8995	18.9	18.95	18.75	2128	0	17551632	
VHC	36.3	31.6	33.95	33.8	1582	33.85	151	33.9	140	-0.05	-0.15	33.9	3770	58274	33.95	210	34	1840	34.05	50	33.9	34.2	33.75	17442	5880	12379457	
VHM	84.6	73.6	79.1	77.6	1274	77.7	245	77.8	90	-1.3	-1.64	77.8	9426	263592	77.9	1314	78	1298	78.1	945	77.8	79.2	77.7	126207	56559	117784200	
VIC	104	90.4	97.2	96.5	1637	96.6	20	96.7	542	-0.5	-0.51	96.7	9098	50170	96.8	525	96.9	201	97	782	96.7	97.2	96.5	15643	33264	76734701	
VID	5.86	5.1	5.48	5.6	5300	5.85	4700	5.86	967	0.38	6.93	5.86	20	6170	0	0	0	0	0	0	0	5.86	5.85	0	0	1354422	
VIP	5.46	4.76	5.11	4.92	120	4.95	2210	4.96	992	-0.14	-2.74	4.97	1540	10457	4.97	413	5.09	560	5.1	40	4.97	5.11	4.96	2000	9206	2930004	
VIS	20.4	17.8	19.1	0	0	0	0	17.8	19	0.9	4.71	20	60	60	20	26	20.4	5	0	0	20	20	20	0	0	1910919	
VJC	121.2	105.4	113.3	114	1079	114.1	5	114.7	29	1.4	1.24	114.7	2275	59395	114.8	2389	114.9	369	115	1567	114.7	115.5	113.2	7809	7657	6243519	
VMD	21.9	19.1	20.5	20.45	2	20.5	33	20.55	10	0.05	0.24	20.55	10	30	21.4	10	21.9	100	0	0	20.55	20.55	20.55	26	0	729217	
VND	13.9	12.1	13	12.8	10	12.85	215	12.9	81	-0.1	-0.77	12.9	6409	70738	12.95	1802	13	1160	13.05	301	12.9	13.15	12.75	6221	4034	2882647	
VNE	5.24	4.56	4.9	5.15	505	5.16	50	5.2	119	0.34	6.94	5.24	454	88679	5.24	5209	0	0	0	0	5.24	5.24	4.91	1000	0	3928906	
VNG	14.7	12.8	13.75	13.5	487	13.55	276	13.6	170	-0.1	-0.73	13.65	165	17080	13.65	618	13.7	1799	13.75	1585	13.65	13.7	13.5	0	443	4756221	
VNL	15.6	13.6	14.6	0	0	13.6	200	13.7	92	-0.9	-6.16	13.7	19	19	15.4	20	0	0	0	0	0	13.7	13.7	0	0	357640	
VNM	124.2	108	116.1	115.6	473	115.7	75	115.8	20	-0.1	-0.09	116	12380	89191	116	10898	116.1	254	116.2	151	116	117	115.7	63182	34242	71666525	
VNS	10.9	9.49	10.2	10.15	345	10.2	244	10.3	1	0.1	0.98	10.3	25	1021	10.35	115	10.4	150	10.45	92	10.3	10.35	9.95	0	0	1947013	
VOS	1.58	1.38	1.48	1.46	3060	1.47	1242	1.48	1159	0.01	0.68	1.49	557	44607	1.49	423	1.5	2500	1.51	2801	1.49	1.51	1.48	5000	0	6601356	
VPB	26.25	22.85	24.55	23.95	6864	24	4742	24.05	4672	-0.45	-1.83	24.1	24227	597701	24.1	264	24.15	340	24.2	4005	24.1	24.85	23.95	200000	225258	0	
VPD	15.9	13.9	14.9	14	36	14.2	3	14.8	111	-0.1	-0.67	14.8	40	290	14.9	900	15	283	15.2	301	0	14.8	14.8	0	0	5218547	
VPG	20.35	17.75	19.05	0	0	0	0	0	0	-1.3	-6.82	17.75	24	2447	18.85	60	19.8	26	0	0	17.75	19.05	17.75	0	245	1294659	
VPH	4.74	4.12	4.43	4.37	100	4.38	310	4.4	399	-0.03	-0.68	4.4	1191	12194	4.43	500	4.45	300	4.47	215	4.4	4.59	4.4	0	0	3417796	
VPI	45.55	39.65	42.6	40.6	500	40.7	130	40.8	109	-1.6	-3.76	41	1799	94192	41	82	41.1	766	41.35	482	41	42.6	40	1156	14117	7202244	
VPS	10.7	9.3	10	9.54	53	9.55	29	9.7	101	-0.45	-4.5	9.55	1	11	10.2	73	10.3	10	10.4	50	0	10.2	9.55	0	0	1181843	
VRC	7.14	6.22	6.68	6.93	10	6.95	1045	7	127	0.46	6.89	7.14	2610	92175	7.14	451	0	0	0	0	7.14	7.14	6.8	0	0	2390057	
VRE	29.7	25.9	27.8	27.45	1215	27.5	1917	27.55	28	-0.2	-0.72	27.6	20170	290948	27.6	392	27.65	373	27.7	3919	27.6	28	27.3	31693	4060	42206448	
VSC	30.6	26.6	28.6	28.15	1337	28.2	516	28.25	36	-0.4	-1.4	28.2	157	14201	28.3	120	28.4	858	28.45	549	28.2	28.6	28.15	3142	953	856878	
VSH	18.8	16.4	17.6	17.5	2215	17.55	145	17.6	429	0	0	17.6	726	891	18	765	18.15	2	18.2	110	17.6	17.95	17.6	0	726	7531628	
VSI	25.85	22.55	24.2	23.2	1	23.4	8	23.9	1	-0.2	-0.83	24	100	229	24	368	24.2	700	24.9	9	24	25	23	0	0	639871	
VTB	11.3	9.86	10.6	10.1	80	10.15	45	10.25	110	-0.1	-0.94	10.5	1	1615	10.5	99	10.55	10	10.8	600	0	10.8	10.2	0	0	496821	
VTO	8.23	7.17	7.7	7.52	10	7.6	509	7.61	111	-0.03	-0.39	7.67	270	6953	7.67	1511	7.68	50	7.7	307	7.67	7.71	7.6	0	5810	3717837	
YBM	5.36	4.66	5.01	5.2	240	5.26	105	5.35	113	0.34	6.79	5.35	549	10734	5.36	1424	0	0	0	0	5.35	5.36	5.01	1	1427	688730	
YEG	62.5	54.5	58.5	57.7	23	57.8	42	57.9	25	-0.6	-1.03	57.9	233	3115	58.4	17	58.5	471	58.6	31	57.9	58.7	57.9	155	570	2166754	
