HNX
114.14
4.32	3.94
86456731	937.62	
AAV	6.1	5.1	5.6	5.5	2970	5.6	2090	5.7	400	0.2	3.57	5.8	540	37320	5.8	2440	5.9	2640	6	3290	5.8	5.4	5.62	0	0	0	
ACB	25.1	20.7	22.9	25	11750	25.1	13320	0	33150	2.2	9.61	25.1	60	1385010	0	0	0	0	0	0	25.1	22.9	24.44	0	0	0	
ACM	0.7	0.5	0.6	0	0	0	0	0.5	117400	0	0	0.6	90	29980	0.6	139430	0.7	56340	0	0	0.6	0.5	0.58	0	0	2471768	
ADC	15.5	12.7	14.1	13.2	30	13.4	20	13.5	40	0	0	0	0	0	14.1	60	14.2	100	0	0	0	0	14.1	0	0	104819	
ALT	14.1	11.7	12.9	0	0	0	0	0	0	0	0	0	0	0	13	200	0	0	0	0	0	0	12.9	0	0	282665	
AMC	21.1	17.3	19.2	0	0	0	0	18	50	0	0	0	0	0	19.2	200	19.5	500	0	0	0	0	19.2	0	0	128530	
AME	7.5	6.3	6.9	6.3	30	6.4	100	6.9	40	0	0	6.9	10	10	7.2	10	7.5	210	0	0	6.9	6.9	6.9	0	0	1092630	
AMV	18.3	15.1	16.7	16.8	5750	16.9	1990	17	1090	0.4	2.4	17.1	20	46650	17.1	1660	17.2	5430	17.3	3090	17.3	16.7	16.98	700	110	1766788	
API	10.8	9	9.9	9	150	9.1	110	9.2	10	-0.9	-9.09	9	10	10	10.8	10	0	0	0	0	9	9	9	0	0	177097	
APP	4.8	4	4.4	4	220	4.1	50	4.2	50	0	0	4.4	30	300	4.4	110	4.8	110	0	0	4.8	4.4	4.43	10	0	226431	
APS	2.6	2.2	2.4	2.2	100	2.3	1030	2.4	190	0.1	4.17	2.5	10	4900	2.5	540	2.6	6120	0	0	2.5	2.4	2.43	0	0	2750605	
ARM	32.5	26.7	29.6	0	0	27.1	20	29.5	200	0	0	0	0	0	0	0	0	0	0	0	0	0	29.6	0	0	126933	
ART	2.9	2.5	2.7	2.6	41850	2.7	67700	2.8	4640	0.1	3.7	2.8	330	278380	2.9	90130	0	0	0	0	2.9	2.7	2.84	0	50	4206948	
ATS	29.3	24.1	26.7	0	0	0	0	0	0	0	0	0	0	0	0	0	0	0	0	0	0	0	26.7	0	0	171480	
BAX	47.1	38.7	42.9	40.5	50	41	130	41.5	100	0	0	42.9	100	450	45.8	40	45.9	30	46	70	42.9	42.8	42.87	0	0	387100	
BBS	12.6	10.4	11.5	0	0	0	0	0	0	0	0	0	0	0	12	10	0	0	0	0	0	0	11.5	0	0	291494	
BCC	8.4	7	7.7	7.5	3400	7.6	2720	7.7	40	0	0	7.7	30	12980	7.8	700	7.9	1050	8	4540	8	7.6	7.71	0	0	4905886	
BCF	58.3	47.7	53	0	0	0	0	0	0	0	0	0	0	0	53	170	54	60	55	90	0	0	53	0	0	0	
BDB	11.8	9.8	10.8	0	0	0	0	0	0	0	0	0	0	0	11	100	0	0	0	0	0	0	10.8	0	0	55197	
BED	36.3	29.7	33	0	0	0	0	0	0	0	0	0	0	0	33	10	0	0	0	0	0	0	33	0	0	147000	
BII	0.8	0.6	0.7	0	0	0.6	52260	0.7	13570	0.1	14.29	0.8	60	3620	0.8	61770	0	0	0	0	0.8	0.7	0.8	0	0	2470175	
BKC	6.1	5.1	5.6	5.2	100	5.5	30	5.6	10	0	0	0	0	0	0	0	0	0	0	0	0	0	5.6	0	0	573668	
BLF	3.3	2.7	3	0	0	0	0	0	0	0	0	0	0	0	0	0	0	0	0	0	0	0	3	0	0	536148	
BPC	12.7	10.5	11.6	0	0	0	0	10.5	490	-0.2	-1.72	11.4	10	20	11	50	11.5	20	11.9	100	11.4	10.5	10.95	0	0	178873	
BSC	16.7	13.7	15.2	0	0	0	0	0	0	0	0	0	0	0	0	0	0	0	0	0	0	0	15.2	0	0	139186	
BST	14.8	12.2	13.5	12.2	160	12.5	10	12.6	50	1.2	8.89	14.7	10	10	14.7	10	14.8	130	0	0	14.7	14.7	14.7	0	0	53740	
BTS	4.4	3.6	4	3.6	130	3.8	30	4	180	0.3	7.5	4.3	30	200	4.3	90	4.4	50	0	0	4.3	4	4.21	0	0	5863673	
BTW	44	36	40	0	0	0	0	0	0	-4	-10	36	20	20	39	20	40	210	0	0	36	36	36	20	0	265111	
BVS	10.3	8.5	9.4	9.2	3260	9.3	1070	9.4	2790	0.1	1.06	9.5	10	23540	9.5	2280	9.6	1100	9.7	40	9.5	9.2	9.38	2600	2500	1673827	
BXH	15.9	13.1	14.5	0	0	0	0	0	0	0	0	0	0	0	0	0	0	0	0	0	0	0	14.5	0	0	147589	
C69	6.2	5.2	5.7	5.5	3300	5.6	1220	5.7	950	0	0	5.7	50	10040	5.8	220	5.9	840	6	2610	5.8	5.6	5.72	0	0	734960	
C92	6.8	5.6	6.2	0	0	0	0	0	0	-0.6	-9.68	5.6	10	280	0	20	5.6	620	6.8	20	5.6	5.6	5.6	0	0	258285	
CAG	94.4	77.4	85.9	0	0	0	0	0	0	0	0	0	0	0	77.4	50	85.9	30	94.4	90	0	0	85.9	0	0	676200	
CAN	22.2	18.2	20.2	21.5	10	21.6	10	22	20	1.8	8.91	22	20	150	0	0	0	0	0	0	22	22	22	0	0	123068	
CAP	31.9	26.1	29	28.6	120	28.7	10	28.8	60	0	0	29	50	740	29.2	390	29.4	80	29.9	100	29.2	29	29.03	40	0	247958	
CDN	20.9	17.1	19	18.4	590	18.5	740	18.9	50	-0.1	-0.53	18.9	50	880	19	140	19.1	100	19.2	120	19.5	18.5	18.73	50	0	2739495	
CEO	8.3	6.9	7.6	7.5	6710	7.6	32890	7.7	27400	0.1	1.32	7.7	100	198780	7.8	18130	7.9	30270	8	13370	7.8	7.5	7.7	0	0	8578232	
CET	1.8	1.6	1.7	1.7	8170	1.8	2300	0	1000	0.1	5.88	1.8	90	8350	0	0	0	0	0	0	1.8	1.7	1.77	0	0	296050	
CIA	12.8	10.6	11.7	11.4	80	11.5	280	11.6	220	0	0	11.7	50	610	11.7	60	11.9	220	12	20	11.7	11.6	11.61	0	0	565434	
CJC	18.8	15.4	17.1	0	0	0	0	0	0	0	0	0	0	0	17.1	2300	17.5	260	0	0	0	0	17.1	0	0	194710	
CKV	17	14	15.5	0	0	0	0	0	0	-1.5	-9.68	14	20	20	0	20	14.6	20	14.8	30	14	14	14	0	0	145197	
CLH	18.8	15.4	17.1	16.3	300	16.5	200	16.9	20	0.4	2.34	17.5	10	10	17.5	30	17.7	100	18	10	17.5	17.5	17.5	0	0	488530	
CLM	17.6	14.4	16	0	0	14.6	50	14.7	20	0	0	0	0	0	17	50	0	0	0	0	0	0	16	0	0	0	
CMC	5.8	4.8	5.3	0	0	4.8	30	5	10	0	0	0	0	0	0	0	0	0	0	0	0	0	5.3	0	0	217430	
CMS	2.9	2.5	2.7	0	0	2.5	210	2.6	70	0	0	2.7	100	1300	2.7	3470	2.8	1850	2.9	14050	2.7	2.6	2.62	0	0	816716	
CPC	17	14	15.5	14.5	30	14.8	50	15	100	0.7	4.52	16.2	10	190	16.4	10	16.5	10	16.8	50	16.2	15.9	16.13	20	0	127897	
CSC	24.3	19.9	22.1	22.3	40	22.4	30	22.5	20	0.5	2.26	22.6	50	170	22.6	100	22.7	20	22.8	130	22.8	22.1	22.58	0	50	942189	
CTB	37.4	30.6	34	0	0	0	0	30.6	10	0	0	0	0	0	34	70	37	10	37.4	100	0	0	34	0	0	586195	
CTC	3.6	3	3.3	0	0	0	0	0	0	0	0	0	0	0	0	0	0	0	0	0	0	0	3.3	0	0	430569	
CTP	3.4	2.8	3.1	0	0	0	0	2.8	890	-0.1	-3.23	3	10	870	3	1560	3.1	270	3.3	200	3	2.9	2.92	0	0	583701	
CTT	10.5	8.7	9.6	0	0	0	0	9.6	320	0	0	9.6	180	180	0	0	0	0	0	0	9.6	9.6	9.6	0	0	228970	
CTX	10	8.2	9.1	8.8	100	8.9	130	9	200	-0.1	-1.1	9	80	320	9.3	140	9.5	50	9.6	60	9.3	9	9.07	0	0	3865356	
CVN	11.8	9.8	10.8	10.1	60	10.2	10	10.4	830	-0.4	-3.7	10.4	200	2540	10.5	170	10.6	240	10.9	100	10.5	10	10.25	0	0	404110	
CX8	9.4	7.8	8.6	0	0	0	0	0	0	0	0	0	0	0	0	0	0	0	0	0	0	0	8.6	0	0	102786	
D11	31.1	25.5	28.3	30.2	50	30.8	370	30.9	320	2.6	9.19	30.9	100	3960	31	300	31.1	150	0	0	30.9	28.4	29.54	0	0	320422	
DAD	17.6	14.4	16	14.4	30	14.8	10	14.9	20	0	0	0	0	0	15.8	40	16	160	16.5	600	0	0	16	0	0	93970	
DAE	15.5	12.7	14.1	13.4	20	13.8	50	14.1	100	0.1	0.71	14.2	200	510	14.3	120	14.4	200	14.8	30	14.3	14.1	14.14	0	500	61142	
DBT	11.7	9.7	10.7	10.2	600	10.3	20	10.4	150	0.4	3.74	11.1	100	450	11.1	80	11.4	300	11.5	500	11.1	10.9	10.99	0	0	0	
DC2	7.2	6	6.6	0	0	6	1500	6.1	500	0	0	0	0	0	6.7	740	6.8	10	6.9	450	0	0	6.6	0	0	123460	
DC4	16.2	13.4	14.8	0	0	0	0	0	0	0	0	0	0	0	13.5	300	14.2	140	14.3	80	0	0	14.8	0	0	1468583	
DDG	30.3	24.9	27.6	27.5	310	27.6	140	27.7	230	0.2	0.72	27.8	10	15620	27.8	100	27.9	330	28	270	27.8	27.2	27.45	0	0	1199990	
DGC	40.4	33.2	36.8	38.9	20	39	10	39.1	30	2.4	6.52	39.2	100	53760	39.2	200	39.3	570	39.4	1090	39.3	36.6	37.96	0	0	6228810	
DHP	11.7	9.7	10.7	0	0	0	0	0	0	0	0	0	0	0	11.3	10	11.5	800	11.6	10	0	0	10.7	0	0	414397	
DHT	49.5	40.5	45	44.3	100	44.4	100	44.5	1180	0	0	45	10	2340	45	110	45.1	70	45.2	110	45.7	44.5	44.88	0	0	969305	
DIH	16.3	13.5	14.9	0	0	0	0	0	0	0	0	0	0	0	14.6	30	14.7	50	14.9	40	0	0	14.9	0	0	293414	
DL1	14.3	11.7	13	0	0	0	0	14	30	1	7.69	14	50	80	14.1	200	0	0	0	0	14	14	14	0	0	4853751	
DNC	61.3	50.3	55.8	0	0	0	0	50.3	10	0	0	0	0	0	60	30	61.1	10	61.2	10	0	0	55.8	0	0	200562	
DNM	36.8	30.2	33.5	34	20	34.1	60	34.5	10	1	2.99	34.5	90	1080	34.7	80	34.8	120	34.9	130	34.8	33.7	34.1	0	0	196636	
DNP	18.7	15.3	17	16.2	370	16.3	700	16.6	10	0	0	17	40	680	17	680	17.2	1000	17.3	210	17	16.6	16.69	0	400	3021428	
DNY	1.9	1.7	1.8	0	0	0	0	1.7	80	-0.1	-5.56	1.7	500	1240	1.8	710	1.9	460	0	0	1.9	1.7	1.74	0	1140	1297582	
DP3	91.8	75.2	83.5	83.9	60	84	10	84.4	140	0.9	1.08	84.4	20	1560	84.5	840	84.9	60	85	710	85.8	82.5	84.22	10	10	417474	
DPC	11.3	9.3	10.3	9.6	30	10	100	10.2	110	0	0	10.3	50	70	10.4	20	10.5	80	10.6	10	10.3	10.3	10.3	0	0	106768	
DPS	0.3	0.1	0.2	0	0	0	0	0	0	0	0	0	0	0	0	0	0	0	0	0	0	0	0.2	0	0	1511121	
DS3	3.6	3	3.3	3.3	10030	3.4	3380	3.5	490	0.3	9.09	3.6	20	14290	3.6	2480	0	0	0	0	3.6	3.3	3.43	10	160	521276	
DST	5.3	4.5	4.9	0	0	0	0	0	0	-0.4	-8.16	4.5	50	59830	0	4250	4.5	23350	4.7	700	4.9	4.5	4.51	30	0	95	
DTD	13.6	11.2	12.4	12.3	890	12.4	10	12.5	10	0.2	1.61	12.6	10	7860	12.6	390	12.7	300	13	150	12.6	12.3	12.37	0	0	1202579	
DXP	11.3	9.3	10.3	9.3	30	10	540	10.1	520	-0.1	-0.97	10.2	100	660	10.2	290	10.3	980	11	60	10.2	10.2	10.2	0	0	278967	
DZM	3.9	3.3	3.6	0	0	3.3	3120	3.4	210	-0.2	-5.56	3.4	200	12050	3.7	230	3.8	670	3.9	1460	3.8	3.3	3.4	300	0	210889	
EBA	9.9	8.1	9	0	0	9	20	9.9	60	0	0	0	0	0	0	0	0	0	0	0	0	0	9	0	0	1550000	
EBS	7.7	6.3	7	6.6	100	6.7	50	6.8	20	0	0	7	10	150	7	70	7.1	120	7.7	110	7	7	7	0	0	415210	
ECI	17.6	14.4	16	0	0	0	0	0	0	0	0	0	0	0	0	0	0	0	0	0	0	0	16	0	0	81210	
EID	11.7	9.7	10.7	10.8	400	10.9	10	11	360	0.4	3.74	11.1	10	1700	11.1	100	11.2	80	11.3	20	11.1	10.8	10.94	770	910	384085	
EVS	8.8	7.2	8	0	0	0	0	7.2	90	0.7	8.75	8.7	10	10	8.5	2440	8.6	100	8.7	400	8.7	8.7	8.7	0	0	6000040	
FDT	42.6	35	38.8	0	0	0	0	0	0	0	0	0	0	0	0	0	0	0	0	0	0	0	38.8	0	0	149670	
FID	1.2	1	1.1	0	0	0	0	1	420	0.1	9.09	1.2	10	3200	1.2	6710	0	0	0	0	1.2	1	1.03	0	0	1151466	
GDW	35	28.8	31.9	0	0	0	0	0	0	0	0	0	0	0	28.8	90	29	680	0	0	0	0	31.9	0	0	415360	
GKM	19.5	16.1	17.8	17.2	10	17.3	490	17.4	170	0	0	17.8	20	23810	17.8	810	17.9	790	18	650	17.8	17.6	17.6	0	0	729301	
GLT	26.1	21.5	23.8	0	0	21.5	10	21.8	60	-0.3	-1.26	23.5	10	90	23.5	10	23.8	40	23.9	120	23.5	22.5	22.73	20	0	247752	
GMX	26.4	21.6	24	0	0	21.7	10	21.8	10	0	0	0	0	0	0	0	0	0	0	0	0	0	24	0	0	250104	
HAD	15.6	12.8	14.2	13.9	70	14	120	14.1	280	0	0	14.2	50	620	14.5	110	14.6	100	14.7	100	14.2	14.1	14.14	0	570	156539	
HAT	21.8	18	19.9	19.3	50	19.4	60	19.5	30	-0.1	-0.5	19.8	10	10	19.7	10	19.8	110	19.9	140	19.8	19.8	19.8	0	0	129692	
HBE	7.4	6.2	6.8	0	0	0	0	0	0	0	0	0	0	0	7.2	60	0	0	0	0	0	0	6.8	0	0	62866	
HBS	2	1.8	1.9	0	0	1.8	4770	1.9	500	0.1	5.26	2	10	10	2	770	0	0	0	0	2	2	2	0	0	1594525	
HCC	11.5	9.5	10.5	10.4	140	10.5	70	10.6	460	0.6	5.71	11.1	40	1260	11.1	60	11.2	480	11.4	200	11.1	10.6	10.88	0	0	221080	
HCT	11	9	10	0	0	0	0	9	40	0	0	0	0	0	9.9	70	10	150	10.3	20	0	0	10	0	0	44122	
HDA	9.7	8.1	8.9	8.6	3500	8.7	2100	8.8	330	0	0	8.9	50	27490	8.9	1350	9	1930	9.1	430	9.1	8.8	8.92	0	0	497497	
HEV	16.5	13.5	15	0	0	0	0	13.5	10	0.4	2.67	15.4	10	20	15.3	160	15.5	30	16.5	1980	15.4	15	15.2	0	0	10644	
HGM	36.1	29.7	32.9	0	0	0	0	0	0	0	0	32.9	10	660	36	10	0	0	0	0	32.9	29.7	29.75	0	0	615040	
HHC	111.1	90.9	101	0	0	0	0	0	0	0	0	0	0	0	102	10	105	30	0	0	0	0	101	0	0	799044	
HHG	1.2	1	1.1	0	0	1	4770	1.1	6220	0	0	1.1	350	3260	1.2	9220	0	0	0	0	1.2	1.1	1.12	0	0	1652928	
HHP	12.8	10.6	11.7	11.6	4320	11.7	4370	11.8	1520	0.2	1.71	11.9	10	34490	11.9	230	12	570	12.1	390	12	11.7	11.86	0	0	852393	
HJS	25.3	20.7	23	20.8	50	21.5	50	23	100	0	0	0	0	0	24.8	10	24.9	100	25.3	30	0	0	23	0	0	1027132	
HKB	0.7	0.5	0.6	0.6	71960	0.7	730	0	2000	0.1	16.67	0.7	60	29040	0	0	0	0	0	0	0.7	0.6	0.7	500	0	2462058	
HKT	4.4	3.6	4	3.9	100	4	50	4.1	30	0.1	2.5	4.1	10	260	0	0	0	0	0	0	4.4	4.1	4.38	0	0	298207	
HLC	8.4	7	7.7	0	0	0	0	0	0	0	0	0	0	0	7.7	30	7.8	20	7.9	20	0	0	7.7	0	0	1102303	
HLD	22.2	18.2	20.2	19.6	80	19.7	170	20	2070	0	0	20.2	40	1690	20.2	60	20.4	410	20.5	110	20.2	20	20.11	0	0	808944	
HLY	49	40.2	44.6	0	0	0	0	0	0	0	0	0	0	0	40.3	20	0	0	0	0	0	0	44.6	0	0	43044	
HMH	9.5	7.9	8.7	8.2	500	8.4	500	8.5	400	-0.2	-2.3	8.5	100	110	8.7	60	9.4	20	9.5	500	8.7	8.5	8.52	0	0	391802	
HNM	4.9	4.1	4.5	0	0	0	0	0	0	0	0	0	0	0	0	0	0	0	0	0	0	0	4.5	0	0	963835	
HOM	3.6	3	3.3	0	0	3	10000	3.1	1100	0	0	3.3	10	1390	3.3	4050	3.4	1320	3.5	1120	3.3	3.1	3.14	0	0	3454940	
HPM	14.1	11.7	12.9	0	0	0	0	0	0	0	0	0	0	0	11.7	90	0	0	0	0	0	0	12.9	0	0	179520	
HTC	25.8	21.2	23.5	23.1	100	23.5	50	24.5	10	2.1	8.94	25.6	10	10	0	0	0	0	0	0	25.6	25.6	25.6	0	0	524030	
HTP	8.8	7.2	8	7.3	90	7.4	30	8	180	0	0	0	0	0	8.8	10	0	0	0	0	0	0	8	0	0	88044	
HUT	2.4	2	2.2	2.1	36280	2.2	115690	2.3	95260	0.2	9.09	2.4	10	1191920	2.4	4250	0	0	0	0	2.4	2.2	2.39	1000	50	12142068	
HVT	42.9	35.1	39	0	0	35.2	10	36	50	0	0	0	0	0	39	220	42.9	1130	0	0	0	0	39	0	0	518626	
ICG	5.6	4.6	5.1	4.7	650	4.8	250	4.9	20	-0.1	-1.96	5	10	1300	5	190	5.1	200	5.2	90	5	4.8	4.89	20	0	844704	
IDC	19	15.6	17.3	18.1	680	18.2	150	18.3	480	1	5.78	18.3	140	5270	18.5	470	18.7	50	18.8	110	18.4	17.4	18.05	40	250	14608107	
IDJ	15.1	12.5	13.8	13.6	1370	13.7	1420	13.8	2920	0.1	0.72	13.9	50	25690	13.9	70	14	600	14.1	950	14.6	13.8	13.99	0	0	1449935	
IDV	42.4	34.8	38.6	38.3	100	38.4	170	38.5	130	0.1	0.26	38.7	50	300	38.7	30	38.8	10	38.9	20	38.7	38.1	38.26	0	0	634017	
INC	9.2	7.6	8.4	0	0	0	0	8	200	0.8	9.52	9.2	40	360	9.2	460	0	0	0	0	9.2	9.2	9.2	0	0	98000	
INN	27.5	22.5	25	24.6	100	24.7	100	25	20	0	0	25	10	560	25.1	50	25.2	60	25.3	50	25.4	24.7	25.02	0	0	706581	
ITQ	2.6	2.2	2.4	0	0	2.2	8010	2.3	18310	-0.1	-4.17	2.3	4040	28790	2.4	300	2.5	3450	2.6	8070	2.6	2.3	2.39	0	0	1165771	
IVS	8.1	6.7	7.4	6.8	120	6.9	340	7	450	0	0	7.4	10	1470	7.3	100	7.4	1450	7.6	210	7.4	6.9	7.04	0	0	1641883	
KDM	2	1.8	1.9	0	0	1.8	2600	1.9	280	0	0	1.9	40	1390	2	570	0	0	0	0	2	1.9	1.9	0	0	345583	
KHS	13.9	11.5	12.7	0	0	0	0	11.5	300	0	0	0	0	0	12.5	40	12.7	20	13.1	10	0	0	12.7	0	0	584856	
KKC	5.5	4.5	5	4.8	150	4.9	200	5	50	0.1	2	5.1	20	2260	5.1	360	5.2	430	5.5	740	5.2	5	5.03	0	1080	203468	
KLF	2	1.8	1.9	1.8	230220	1.9	180790	2	1650	0.1	5.26	2	200	749420	0	0	0	0	0	0	2	1.9	2	0	0	7978955	
KMT	8.2	6.8	7.5	0	0	0	0	0	0	0	0	0	0	0	8.1	100	8.2	100	0	0	0	0	7.5	0	0	482411	
KSD	7.4	6.2	6.8	0	0	0	0	6.7	20	0	0	6.8	10	40	6.8	320	6.9	40	7	70	7.2	6.8	6.9	0	0	579770	
KSQ	1.5	1.3	1.4	1.4	10320	1.5	47980	0	11250	0.1	7.14	1.5	500	1300	0	0	0	0	0	0	1.5	1.5	1.5	0	0	1457160	
KST	21.4	17.6	19.5	0	0	17.6	100	18	50	0	0	19.5	50	50	19.5	70	21.4	80	0	0	19.5	19.5	19.5	0	0	144754	
KTS	8.9	7.3	8.1	0	0	7.5	50	8	100	0	0	0	0	0	8.8	40	0	0	0	0	0	0	8.1	0	0	192493	
KTT	4.5	3.7	4.1	0	0	0	0	3.7	10	0	0	0	0	0	4.5	10	0	0	0	0	0	0	4.1	0	0	143424	
KVC	1	0.8	0.9	0	0	0.8	113090	0.9	22070	0	0	0.9	300	53020	1	66580	0	0	0	0	1	0.8	0.9	0	100	2271220	
L14	71	58.2	64.6	65.1	520	65.2	270	66.4	30	1.9	2.94	66.5	20	5810	66.5	400	66.7	180	66.8	340	67	64.1	65.04	0	0	904963	
L18	9.9	8.1	9	0	0	0	0	0	0	0	0	0	0	0	9.1	300	9.2	1270	9.9	500	0	0	9	0	0	1124694	
L35	7.3	6.1	6.7	0	0	6.2	50	6.6	60	0	0	6.7	30	30	7.2	40	7.3	40	0	0	6.7	6.7	6.7	0	0	159972	
L43	2.9	2.5	2.7	0	0	0	0	0	0	0	0	0	0	0	2.5	50	2.7	100	2.8	50	0	0	2.7	0	0	171450	
L61	14.1	11.7	12.9	0	0	0	0	0	0	0	0	0	0	0	11.7	60	12	70	13	20	0	0	12.9	0	0	0	
L62	7.7	6.3	7	0	0	0	0	0	0	0	0	0	0	0	7.7	590	0	0	0	0	0	0	7	0	0	0	
LAS	7	5.8	6.4	6.1	1120	6.2	3670	6.3	6670	0	0	6.4	80	9590	6.4	120	6.5	2230	6.6	10900	6.5	6.3	6.39	0	10	5323506	
LBE	41.4	34	37.7	0	0	0	0	0	0	0	0	0	0	0	0	0	0	0	0	0	0	0	37.7	0	0	53330	
LCD	7.4	6.2	6.8	0	0	0	0	6.2	10	0	0	0	0	0	0	0	0	0	0	0	0	0	6.8	0	0	73500	
LCS	1.9	1.7	1.8	0	0	1.7	510	1.8	850	0.1	5.56	1.9	10	320	0	0	0	0	0	0	1.9	1.8	1.82	0	250	372100	
LDP	22.8	18.8	20.8	0	0	0	0	18.8	140	-0.5	-2.4	20.3	10	10	20.3	70	20.8	30	20.9	10	20.3	20.3	20.3	0	0	0	
LHC	75.9	62.1	69	66.9	100	67	110	67.1	50	-0.1	-0.14	68.9	40	2330	68.9	10	69.5	200	70	50	68.9	66	66.9	40	0	94466	
LIG	3.4	2.8	3.1	3	10510	3.1	8690	3.2	10420	0.2	6.45	3.3	10	31830	3.3	2280	3.4	5770	0	0	3.4	3	3.18	0	0	2136093	
LM7	3.6	3	3.3	0	0	3	350	3.1	50	0.3	9.09	3.6	10	140	3.6	630	0	0	0	0	3.6	3.1	3.24	0	0	244670	
LO5	1.2	1	1.1	0	0	0	0	1	200	0	0	0	0	0	0	0	0	0	0	0	0	0	1.1	0	0	250399	
LUT	2	1.8	1.9	0	0	0	0	1.8	60	0	0	0	0	0	1.9	20	2	1020	0	0	0	0	1.9	0	0	732722	
MAC	5.1	4.3	4.7	0	0	4.4	90	4.6	60	0	0	4.7	40	1100	4.8	10	4.9	1000	5	1510	4.8	4.7	4.79	0	390	716184	
MAS	39.1	32.1	35.6	35.5	10	35.6	50	35.7	10	0.4	1.12	36	10	10	37.2	10	37.3	30	37.5	90	36	36	36	0	0	164502	
MBG	6.9	5.7	6.3	5.8	6590	5.9	5640	6	1400	-0.3	-4.76	6	10	150640	6.1	3670	6.2	8320	6.3	9590	6.3	5.8	6.02	0	0	2111227	
MBS	11.2	9.2	10.2	10.5	2810	10.6	4890	10.7	910	0.6	5.88	10.8	200	28490	10.8	7000	10.9	590	11	2990	10.9	10.1	10.42	0	0	8045509	
MCC	12.7	10.5	11.6	0	0	0	0	11.6	200	0	0	0	0	0	0	0	0	0	0	0	0	0	11.6	0	0	240366	
MCF	10.8	9	9.9	0	0	0	0	0	0	-0.9	-9.09	9	10	80	9	140	9.1	10	9.2	20	9	9	9	30	0	426317	
MCO	2.9	2.5	2.7	0	0	0	0	2.5	150	0.1	3.7	2.8	10	430	2.8	390	2.9	1020	0	0	2.8	2.5	2.52	0	0	192771	
MDC	7.1	5.9	6.5	0	0	6	20	6.6	80	0.1	1.54	6.6	10	20	6.7	120	6.8	10	7.1	10	6.6	6.6	6.6	0	0	676439	
MED	50	41	45.5	41.5	20	41.7	10	42	200	-0.6	-1.32	44.9	10	410	44.4	20	44.5	20	44.8	30	44.9	42.5	42.8	0	0	307664	
MEL	9.6	8	8.8	0	0	0	0	0	0	0	0	0	0	0	8.8	10	9	10	9.1	10	0	0	8.8	0	0	734870	
MHL	5	4.2	4.6	0	0	0	0	0	0	0	0	0	0	0	4.2	1970	0	0	0	0	0	0	4.6	0	0	260423	
MIM	13.5	11.1	12.3	0	0	0	0	0	0	0	0	0	0	0	11.1	30	0	0	0	0	0	0	12.3	0	0	165835	
MKV	11	9	10	0	0	0	0	0	0	0	0	0	0	0	11	20	0	0	0	0	0	0	10	0	0	221284	
MPT	1.4	1.2	1.3	0	0	0	0	1.2	23210	-0.1	-7.69	1.2	400	3340	1.3	20580	1.4	14430	0	0	1.3	1.2	1.23	0	0	823184	
MSC	19.3	15.9	17.6	0	0	0	0	0	0	0	0	0	0	0	0	0	0	0	0	0	0	0	17.6	0	0	1102500	
MST	3	2.6	2.8	2.9	49920	3	26250	0	15060	0.2	7.14	3	120	238220	0	0	0	0	0	0	3	2.9	2.96	0	0	1722229	
NAG	5.1	4.3	4.7	4.8	600	4.9	830	5	10	0.4	8.51	5.1	10	4510	5.1	1750	0	0	0	0	5.1	4.7	4.9	730	0	709837	
NAP	14.3	11.7	13	0	0	0	0	0	0	0	0	0	0	0	0	0	0	0	0	0	0	0	13	0	0	1054342	
NBC	6.8	5.6	6.2	5.9	2240	6	780	6.1	2250	0	0	6.2	300	8190	6.2	1640	6.3	600	6.4	340	6.2	6.1	6.19	0	0	1525350	
NBP	11.8	9.8	10.8	10.3	170	10.8	110	10.9	100	0	0	0	0	0	0	0	0	0	0	0	0	0	10.8	0	0	530279	
NBW	27.6	22.6	25.1	0	0	0	0	22.6	100	-0.9	-3.59	24.2	100	120	24.4	100	24.5	100	25.1	100	26.5	22.6	24.26	0	0	225960	
NDN	19.4	16	17.7	18	6080	18.1	2500	18.2	740	0.6	3.39	18.3	100	46860	18.3	1750	18.4	4650	18.5	2420	18.6	18	18.43	0	0	2319157	
NDX	14.4	11.8	13.1	12.9	300	13	200	13.1	100	0.1	0.76	13.2	210	510	13.2	190	13.6	200	0	0	13.2	13.1	13.14	0	0	281411	
NET	52.1	42.7	47.4	45.5	20	45.6	20	46	30	-0.1	-0.21	47.3	10	100	50	20	51	50	52	10	47.3	46	46.13	0	0	1080086	
NFC	6.2	5.2	5.7	0	0	0	0	0	0	0	0	0	0	0	0	0	0	0	0	0	0	0	5.7	0	0	770591	
NGC	2.5	2.1	2.3	0	0	0	0	2.1	100	0.2	8.7	2.5	20	540	2.4	500	2.5	1400	0	0	2.5	2.1	2.13	0	0	81496	
NHA	12.3	10.1	11.2	11.1	400	11.2	490	11.3	530	0.2	1.79	11.4	10	5060	11.4	290	11.5	1440	11.6	230	11.5	11	11.25	0	200	720054	
NHC	38.1	31.3	34.7	0	0	0	0	0	0	0	0	0	0	0	34	100	34.5	50	34.7	30	0	0	34.7	0	0	97297	
NHP	0.5	0.3	0.4	0	0	0	0	0.3	190730	0	0	0.4	1000	9000	0.4	13220	0.5	55140	0	0	0.4	0.3	0.4	0	0	1335938	
NRC	9.1	7.5	8.3	8.2	550	8.3	730	8.4	1230	0.2	2.41	8.5	10	1290	8.5	900	8.6	270	8.7	140	8.5	8.2	8.43	0	0	671185	
NSH	1.4	1.2	1.3	0	0	1.2	6490	1.3	50	0.1	7.69	1.4	10	2610	1.4	12320	0	0	0	0	1.4	1.2	1.3	0	0	1010718	
NST	18.4	15.2	16.8	0	0	0	0	0	0	0	0	0	0	0	15.2	50	17	800	18	50	0	0	16.8	0	0	448674	
NTH	30.8	25.2	28	0	0	0	0	26	50	0	0	0	0	0	28.3	200	28.6	150	28.8	100	0	0	28	0	0	529300	
NTP	39	32	35.5	35.8	130	36	70	36.1	30	0.7	1.97	36.2	100	5920	36.2	150	36.3	1060	36.4	10	36.3	35.6	36.03	0	0	2970659	
NVB	9	7.4	8.2	7.8	12540	7.9	12870	8	11110	-0.1	-1.22	8.1	100	147160	8.1	3520	8.2	11170	8.3	6210	8.2	8	8.16	0	0	10469333	
OCH	8.5	7.1	7.8	0	0	0	0	0	0	0	0	0	0	0	7.7	180	7.8	40	7.9	10	0	0	7.8	0	0	9799570	
ONE	3.6	3	3.3	3.1	700	3.2	1320	3.3	590	0.1	3.03	3.4	10	250	3.4	270	3.5	630	3.6	360	3.4	3.3	3.31	130	0	321636	
PBP	6.9	5.7	6.3	6	30	6.1	500	6.3	80	0.6	9.52	6.9	50	520	0	0	0	0	0	0	6.9	6.3	6.86	0	0	230901	
PCE	7.5	6.3	6.9	0	0	0	0	7.5	940	0.6	8.7	7.5	10	10	0	0	0	0	0	0	7.5	7.5	7.5	0	0	450880	
PCG	5.6	4.6	5.1	0	0	4.6	10	4.7	50	0	0	0	0	0	5.1	1380	0	0	0	0	0	0	5.1	0	0	29448	
PCT	5.7	4.7	5.2	0	0	0	0	4.7	60	0	0	0	0	0	5.6	50	5.7	30	0	0	0	0	5.2	0	0	1099770	
PDB	8.8	7.2	8	7.7	10	7.8	10	7.9	10	0	0	8	20	40	8	60	8.1	290	8.3	50	8	8	8	0	0	355877	
PDC	7.8	6.4	7.1	0	0	0	0	0	0	0	0	0	0	0	6.4	1160	6.8	90	7.1	580	0	0	7.1	0	0	734590	
PEN	5.5	4.5	5	0	0	4.5	50	5	30	0	0	0	0	0	0	0	0	0	0	0	0	0	5	0	0	245000	
PGN	12.1	9.9	11	0	0	0	0	10.5	80	0	0	11	30	50	10.9	50	11	10	11.1	40	11	11	11	0	0	160770	
PGS	18.1	14.9	16.5	16	100	16.1	250	16.2	500	0	0	16.5	390	740	16.5	450	16.7	240	17	700	16.6	16.5	16.53	0	160	1990457	
PGT	4.1	3.5	3.8	0	0	0	0	0	0	0.3	7.89	4.1	10	120	4.1	100	0	0	0	0	4.1	3.5	3.57	0	0	11432	
PHN	29.1	23.9	26.5	26.1	20	26.2	10	26.4	20	1	3.77	27.5	10	160	27.5	90	29	200	29.1	80	27.5	26.9	26.94	0	0	8	
PHP	10.4	8.6	9.5	9.7	190	9.8	10	9.9	10	0.5	5.26	10	40	1120	10	10	10.2	130	10.3	150	10.1	9.5	9.78	0	0	16010507	
PIA	27.6	22.6	25.1	23.9	300	24	500	25.1	100	1	3.98	26.1	10	160	26.8	10	27	110	27.4	40	26.1	25.1	25.16	0	100	158423	
PIC	9.9	8.1	9	8.2	200	8.3	380	8.4	400	-0.7	-7.78	8.3	20	90	9.9	400	0	0	0	0	8.5	8.2	8.29	0	0	1633642	
PJC	27.2	22.4	24.8	0	0	0	0	0	0	0	0	0	0	0	26	10	27.1	30	27.2	20	0	0	24.8	0	0	351308	
PLC	18.8	15.4	17.1	16.7	1100	16.8	5430	16.9	2290	-0.1	-0.58	17	40	28390	17	1530	17.1	890	17.2	2680	17.3	16.9	16.99	1000	0	3895617	
PMB	9.3	7.7	8.5	0	0	0	0	0	0	0	0	0	0	0	9	200	9.2	200	0	0	0	0	8.5	0	0	461560	
PMC	55	45	50	48.2	10	48.5	30	48.6	10	0.1	0.2	50.1	10	20	50	10	50.1	40	50.2	10	50.1	48.5	49.3	10	0	254187	
PMP	8.9	7.3	8.1	0	0	7.7	50	8	140	-0.1	-1.23	8	20	30	8.8	20	0	0	0	0	8	8	8	0	0	203380	
PMS	17.1	14.1	15.6	15.2	420	15.5	30	15.6	50	0	0	15.6	10	900	16	50	16.1	100	16.2	50	16.2	15.6	15.79	0	0	315545	
POT	15.4	12.6	14	12.6	730	12.7	20	12.8	10	0	0	0	0	0	13.5	300	13.7	10	14	20	0	0	14	0	0	950202	
PPE	5.5	4.5	5	0	0	0	0	4.6	30	0.5	10	5.5	20	40	0	0	0	0	0	0	5.5	5.4	5.47	0	0	97470	
PPP	16.9	13.9	15.4	0	0	0	0	13.9	20	0.4	2.6	15.8	10	660	15.7	20	15.8	130	16	1100	16.8	15.2	15.45	0	0	423057	
PPS	7.5	6.3	6.9	6.6	20	6.7	10	7	90	0.2	2.9	7.1	50	1480	7.1	340	7.2	540	7.4	510	7.1	7.1	7.1	1480	0	194028	
PPY	29	23.8	26.4	0	0	0	0	0	0	0	0	0	0	0	0	0	0	0	0	0	0	0	26.4	0	0	403666	
PRC	10.4	8.6	9.5	0	0	0	0	0	0	0	0	0	0	0	9.5	10	0	0	0	0	0	0	9.5	0	0	58680	
PSC	17.4	14.4	15.9	0	0	0	0	14.4	120	0	0	0	0	0	17.1	90	17.4	20	0	0	0	0	15.9	0	0	350363	
PSD	11	9	10	9.4	230	9.5	30	9.6	150	-0.4	-4	9.6	50	250	10	260	10.2	200	10.4	310	9.6	9.4	9.44	0	0	1444977	
PSE	7.9	6.5	7.2	0	0	0	0	6.5	100	0	0	0	0	0	7.3	60	7.4	10	7.5	10	0	0	7.2	0	0	556000	
PSI	2.6	2.2	2.4	0	0	0	0	0	0	0	0	2.4	170	190	2.5	30	2.6	20	0	0	2.4	2.4	2.4	0	0	2039450	
PSW	7.3	6.1	6.7	0	0	0	0	6.1	100	0	0	0	0	0	7.3	20	0	0	0	0	0	0	6.7	0	0	817960	
PTD	17.8	14.6	16.2	0	0	0	0	0	0	0	0	0	0	0	0	0	0	0	0	0	0	0	16.2	0	0	85872	
PTI	19.9	16.3	18.1	17.1	130	17.2	20	17.3	10	-0.2	-1.1	17.9	10	210	18	100	18.9	20	19	60	18	17.9	18	210	0	913335	
PTS	5.6	4.6	5.1	4.6	300	4.7	300	4.8	140	0	0	5.1	80	390	5.2	90	5.3	90	5.4	50	5.1	5.1	5.1	0	0	260283	
PV2	2.8	2.4	2.6	0	0	0	0	0	0	0	0	2.6	20	130	2.6	70	2.7	990	2.8	1000	2.6	2.6	2.6	0	0	1828500	
PVB	15.4	12.6	14	14.1	1580	14.2	880	14.3	320	0.3	2.14	14.3	30	5130	14.4	640	14.5	1130	14.6	1720	14.7	14.2	14.41	0	0	1057591	
PVC	5.8	4.8	5.3	5.1	2730	5.2	16240	5.3	150	0.1	1.89	5.4	10	11970	5.4	56490	5.5	31670	5.6	6100	5.4	5.3	5.3	0	1610	1887202	
PVG	7.5	6.3	6.9	6.7	550	6.8	1110	6.9	150	0.1	1.45	7	140	4190	7	970	7.1	280	7.2	1810	7.1	6.9	7.02	0	0	1762139	
PVI	33.8	27.8	30.8	30.4	100	30.5	1210	30.6	260	0	0	30.8	20	3490	30.8	700	30.9	540	31	1480	30.8	30.4	30.67	300	1180	10692997	
PVL	1.3	1.1	1.2	0	0	1.1	5320	1.2	5930	0.1	8.33	1.3	300	6430	1.3	10260	0	0	0	0	1.3	1.2	1.28	0	0	2396649	
PVS	13.8	11.4	12.6	12.6	49220	12.7	42720	12.8	800	0.2	1.59	12.8	10	280670	12.9	83900	13	116210	13.1	40610	12.9	12.6	12.78	23	0	17357008	
PVX	0.9	0.7	0.8	0	0	0.7	199060	0.8	203730	0.1	12.5	0.9	20	521460	0.9	78150	0	0	0	0	0.9	0.8	0.9	0	12950	19366245	
QHD	23.1	18.9	21	20.8	10	21	100	22	60	1	4.76	22	10	140	23	200	23.1	100	0	0	22	22	22	0	0	267430	
QNC	4	3.4	3.7	0	0	0	0	0	0	-0.2	-5.41	3.5	10	170	3.5	60	3.6	30	3.7	500	3.5	3.4	3.47	0	0	968113	
QST	12.7	10.5	11.6	0	0	0	0	0	0	0	0	0	0	0	0	0	0	0	0	0	0	0	11.6	0	0	79380	
QTC	19.5	16.1	17.8	17.1	10	17.2	10	17.3	10	0	0	0	0	0	17.5	120	18.4	10	18.5	50	0	0	17.8	0	0	48926	
RCL	14.6	12	13.3	12.5	30	12.6	50	13	200	1.3	9.77	14.6	10	10	14.6	100	0	0	0	0	14.6	14.6	14.6	10	0	479971	
S55	25.4	20.8	23.1	0	0	20.8	200	22.5	170	-0.1	-0.43	23	90	90	23.5	200	24.6	100	25.4	500	23	23	23	0	0	485782	
S74	4.7	3.9	4.3	0	0	3.9	10	4.3	100	0	0	4.3	90	500	0	0	0	0	0	0	4.3	4.3	4.3	0	0	308588	
S99	8.8	7.2	8	0	0	7.2	200	7.5	350	-0.4	-5	7.6	10	10	8.2	20	8.4	300	8.5	210	7.6	7.6	7.6	0	0	2535939	
SAF	50.9	41.7	46.3	43.1	20	43.2	20	43.9	10	0	0	0	0	0	49.6	10	49.7	10	49.8	10	0	0	46.3	0	0	359611	
SCI	14.9	12.3	13.6	13.2	370	13.3	550	13.5	720	0.1	0.74	13.7	500	1900	13.8	520	13.9	40	14	1240	13.7	13.5	13.67	0	0	592894	
SD2	6.8	5.6	6.2	0	0	0	0	5.6	30	0	0	6.2	10	170	6.3	1780	6.6	130	6.7	50	6.2	6	6.14	0	0	619005	
SD4	3.6	3	3.3	3.1	150	3.2	260	3.3	200	0	0	3.3	100	310	3.5	20	3.6	60	0	0	3.5	3.3	3.31	0	0	464926	
SD5	5.3	4.5	4.9	0	0	4.5	130	4.6	380	0.1	2.04	5	10	10	4.8	500	4.9	70	5	280	5	5	5	10	0	1017859	
SD6	2.6	2.2	2.4	0	0	2.2	3380	2.3	840	0	0	2.4	10	2990	2.4	2240	2.5	940	2.6	2530	2.4	2.3	2.36	10	0	1226644	
SD9	5.5	4.5	5	0	0	4.5	690	4.6	450	-0.1	-2	4.9	10	5430	4.9	1090	5	5250	5.1	40	4.9	4.6	4.77	0	0	1436671	
SDA	2.9	2.5	2.7	2.5	10	2.6	400	2.7	200	0.1	3.7	2.8	50	1350	2.8	40	2.9	880	0	0	2.9	2.8	2.8	0	0	0	
SDC	17.8	14.6	16.2	0	0	0	0	0	0	0	0	0	0	0	16.8	20	17	10	17.8	10	0	0	16.2	0	0	107978	
SDG	35.6	29.2	32.4	0	0	0	0	0	0	0	0	0	0	0	0	0	0	0	0	0	0	0	32.4	0	0	330987	
SDN	32.2	26.4	29.3	0	0	0	0	0	0	0	0	0	0	0	0	0	0	0	0	0	0	0	29.3	0	0	36143	
SDT	3.1	2.7	2.9	2.7	1140	2.8	10	2.9	430	0.1	3.45	3	10	2000	3	880	3.1	420	0	0	3	2.9	2.9	0	0	1717326	
SDU	7.4	6.2	6.8	6.2	20	6.5	50	6.6	200	0	0	0	0	0	0	0	0	0	0	0	0	0	6.8	0	0	977790	
SEB	32	26.2	29.1	28.5	20	29.1	20	29.5	30	0.4	1.37	29.5	70	970	30.5	100	30.9	80	0	0	29.5	29.5	29.5	0	0	1564244	
SED	15.4	12.6	14	13.7	40	13.8	30	13.9	30	0.1	0.71	14.1	10	30	14.1	140	14.2	10	14.3	10	14.2	12.6	13.63	10	20	336169	
SFN	28	23	25.5	0	0	23	10	25	60	0	0	0	0	0	28	10	0	0	0	0	0	0	25.5	0	0	144576	
SGC	63.8	52.2	58	53.8	20	54.1	10	54.2	10	0	0	0	0	0	58.2	10	62.1	10	62.2	10	0	0	58	0	0	343746	
SGD	10.5	8.7	9.6	8.8	10	9.2	40	9.6	100	0	0	0	0	0	10	10	10.4	10	10.5	10	0	0	9.6	0	0	196843	
SGH	41.5	34.1	37.8	0	0	0	0	34.3	40	0	0	37.8	10	70	41.5	10	0	0	0	0	37.8	37.8	37.8	0	70	600180	
SHB	15.4	12.6	14	13.8	42700	13.9	13170	14	2860	0.1	0.71	14.1	500	947040	14.1	29370	14.2	56180	14.3	47200	14.2	13.7	13.94	90770	239680	34635200	
SHE	20	16.4	18.2	17.5	100	18	100	18.1	40	-0.1	-0.55	18.1	30	30	19	300	19.5	430	19.9	200	18.1	18.1	18.1	0	0	229040	
SHN	7.2	6	6.6	6.3	50	6.4	150	6.5	70	0.2	3.03	6.8	10	470	6.8	40	6.9	110	7	110	7	6.5	6.61	0	0	6343684	
SHS	9.6	8	8.8	8.7	19080	8.8	54520	8.9	15040	0.1	1.14	8.9	600	225370	9	9050	9.1	44720	9.2	17720	9.1	8.8	8.96	0	63740	8457758	
SIC	9	7.4	8.2	7.7	100	8	100	8.1	20	-0.1	-1.22	8.1	80	280	8.4	80	8.5	10	8.6	500	8.1	8	8.06	0	0	1168848	
SJ1	27.5	22.5	25	0	0	0	0	0	0	0.5	2	25.5	10	10	22.5	200	25	20	25.4	100	25.5	25.5	25.5	0	0	1029806	
SJC	0.9	0.7	0.8	0	0	0	0	0	0	0	0	0	0	0	0	0	0	0	0	0	0	0	0.8	0	0	350709	
SJE	19.8	16.2	18	0	0	0	0	16.7	20	0	0	18	300	1300	18.4	100	18.5	320	18.9	900	18	18	18	0	0	889096	
SLS	58.5	47.9	53.2	51.2	20	52.1	20	52.6	10	-0.2	-0.38	53	20	180	53	10	54	20	54.5	100	53.2	53	53.17	0	0	443620	
SMN	9.5	7.9	8.7	0	0	7.9	70	8	10	0	0	8.7	10	10	8.7	180	8.9	120	9.4	100	8.7	8.7	8.7	0	0	211355	
SMT	13.6	11.2	12.4	0	0	0	0	0	0	-0.3	-2.42	12.1	10	10	12	500	12.1	70	12.5	100	12.1	12.1	12.1	0	10	104746	
SPI	1.1	0.9	1	0	0	0.9	44690	1	20690	0.1	10	1.1	100	50790	1.1	41100	0	0	0	0	1.1	0.9	1.01	0	0	802505	
SRA	13.2	10.8	12	11.7	1020	11.8	1350	11.9	1860	0	0	12	80	11880	12	410	12.1	350	12.2	980	12.1	11.8	11.98	0	80	837541	
SSM	7.9	6.5	7.2	0	0	0	0	0	0	0	0	0	0	0	7.2	60	7.7	60	7.8	150	0	0	7.2	0	0	248263	
STC	16.9	13.9	15.4	0	0	14	30	14.6	40	0	0	0	0	0	15.6	30	15.7	30	16	10	0	0	15.4	0	0	245841	
STP	6.9	5.7	6.3	0	0	6	10	6.2	10	-0.1	-1.59	6.2	60	160	6.3	10	6.7	600	6.9	240	6.2	6.2	6.2	0	0	388193	
SVN	1.8	1.6	1.7	0	0	1.6	2110	1.7	140	0.1	5.88	1.8	50	3270	1.8	1990	0	0	0	0	1.8	1.6	1.73	0	300	859430	
SZB	32.6	26.8	29.7	28.6	20	29	260	29.5	180	0.1	0.34	29.8	10	760	29.8	50	30	180	30.4	180	29.8	29	29.21	0	0	1470000	
TA9	10.2	8.4	9.3	0	0	0	0	8.5	80	0	0	0	0	0	9.3	10	9.7	10	10	100	0	0	9.3	0	0	579042	
TAR	25.8	21.2	23.5	22.5	560	22.6	650	22.7	490	-0.7	-2.98	22.8	180	59700	22.8	1610	22.9	280	23	890	24.5	21.4	22.5	1	0	1714179	
TBX	24.5	20.1	22.3	0	0	0	0	0	0	0	0	0	0	0	22	300	0	0	0	0	0	0	22.3	0	0	73981	
TC6	4.6	3.8	4.2	3.9	300	4	300	4.1	1210	-0.1	-2.38	4.1	10	10	4.3	1010	4.4	50	4.5	50	4.1	4.1	4.1	0	0	1494371	
TCS	9.5	7.9	8.7	7.9	100	8	650	8.1	620	-0.1	-1.15	8.6	10	1300	8.6	500	8.7	3200	8.8	1130	8.7	8.1	8.39	0	0	1178283	
TDN	6.3	5.3	5.8	5.7	300	5.8	1320	5.9	90	0.1	1.72	5.9	410	11920	6	1360	6.1	1950	6.2	3410	6.1	5.8	5.96	0	80	1439017	
TDT	11	9	10	9.8	890	9.9	20	10	110	0.1	1	10.1	20	4080	10.1	520	10.2	1050	10.3	270	10.1	9.9	9.97	0	0	568911	
TET	33.2	27.2	30.2	0	0	0	0	0	0	0	0	0	0	0	0	0	0	0	0	0	0	0	30.2	0	0	279394	
TFC	4.9	4.1	4.5	4.2	200	4.3	50	4.4	60	0	0	4.5	150	150	4.5	350	4.6	20	4.7	90	4.5	4.5	4.5	0	0	284969	
THB	9.5	7.9	8.7	8	150	8.1	10	8.2	200	-0.7	-8.05	8	50	300	8.8	60	9	60	9.3	340	8.3	8	8.12	200	0	513183	
THS	7.9	6.5	7.2	0	0	0	0	0	0	0	0	0	0	0	0	0	0	0	0	0	0	0	7.2	0	0	146790	
THT	8.5	7.1	7.8	7.5	510	7.6	280	7.8	30	0.1	1.28	7.9	10	480	7.9	290	8	50	8.3	10	7.9	7.8	7.8	0	0	726556	
TIG	7.3	6.1	6.7	6.4	11460	6.5	18390	6.6	21470	0	0	6.7	500	128590	6.7	4680	6.8	45690	6.9	17260	6.8	6.6	6.69	500	600	2883126	
TJC	7.1	5.9	6.5	0	0	6	20	6.1	50	0	0	0	0	0	0	0	0	0	0	0	0	0	6.5	0	0	419386	
TKC	3.5	2.9	3.2	3.3	1250	3.5	3910	0	1000	0.3	9.37	3.5	100	4100	0	0	0	0	0	0	3.5	3.3	3.41	0	0	556469	
TKU	14.1	11.7	12.9	0	0	0	0	0	0	0	0	0	0	0	12.8	200	13	300	13.5	70	0	0	12.9	0	0	54256	
TMB	13.3	10.9	12.1	0	0	11.9	120	12.1	10	0	0	0	0	0	13.3	160	0	0	0	0	0	0	12.1	0	0	734800	
TMC	12.9	10.7	11.8	0	0	0	0	10.7	10	0	0	0	0	0	11.7	20	11.8	200	0	0	0	0	11.8	0	0	596900	
TMX	16.8	13.8	15.3	0	0	0	0	14	490	-1.3	-8.5	14	10	10	15.3	10	16.8	30	0	0	14	14	14	0	0	244851	
TNG	14.9	12.3	13.6	13.6	21080	13.7	12560	13.8	6250	0.2	1.47	13.8	40	99040	13.9	5460	14	18320	14.1	11900	14	13.6	13.79	0	10	2770573	
TPH	9.3	7.7	8.5	0	0	0	0	0	0	0	0	0	0	0	0	0	0	0	0	0	0	0	8.5	0	0	98452	
TPP	14.6	12	13.3	0	0	0	0	0	0	0	0	0	0	0	0	0	0	0	0	0	0	0	13.3	0	0	971887	
TSB	7.7	6.3	7	0	0	0	0	0	0	0	0	0	0	0	0	0	0	0	0	0	0	0	7	0	0	330508	
TST	9.2	7.6	8.4	0	0	0	0	0	0	0	0	0	0	0	8.3	50	8.4	200	8.6	20	0	0	8.4	0	0	220670	
TTC	11.9	9.9	10.9	0	0	10	150	10.1	110	0	0	0	0	0	11.9	10	0	0	0	0	0	0	10.9	0	0	259298	
TTH	2.3	1.9	2.1	2	3470	2.1	26670	2.2	26020	0.1	4.76	2.2	200	56570	2.3	17350	0	0	0	0	2.3	2	2.14	0	0	1796410	
TTL	7.5	6.3	6.9	0	0	0	0	6.5	380	0	0	6.9	10	1000	6.9	180	7	1200	7.2	50	6.9	6.6	6.66	0	0	2053472	
TTT	45.5	37.3	41.4	0	0	37.3	10	38	40	0.6	1.45	42	10	20	43	20	44	10	44.5	10	45	42	43.5	10	0	197500	
TTZ	1.8	1.6	1.7	1.7	3530	1.8	780	0	1000	0.1	5.88	1.8	20	5030	0	0	0	0	0	0	1.8	1.8	1.8	0	0	169412	
TV3	34.5	28.3	31.4	0	0	28.4	10	28.5	10	1.1	3.5	32.5	10	10	32.5	340	33.5	10	33.8	10	32.5	32.5	32.5	0	0	405465	
TV4	12.5	10.3	11.4	10.8	50	11	400	11.2	300	0	0	11.4	20	1020	11.4	80	11.5	570	11.6	700	11.5	11.4	11.43	0	0	774742	
TVC	37.1	30.5	33.8	31.6	2050	31.7	660	31.8	1030	-1.8	-5.33	32	70	57060	32	610	32.2	430	32.3	940	34.1	30.5	31.63	0	0	1960658	
TVD	7.4	6.2	6.8	6.4	400	6.5	2490	6.6	970	-0.1	-1.47	6.7	20	14980	6.7	2180	6.8	560	6.9	190	6.9	6.6	6.7	0	0	2190380	
TXM	3.7	3.1	3.4	0	0	0	0	0	0	-0.3	-8.82	3.1	170	1760	0	30	3.1	2020	3.6	830	3.2	3.1	3.16	0	0	221297	
UNI	4.8	4	4.4	0	0	0	0	4	10	-0.3	-6.82	4.1	100	100	4.3	50	4.4	100	4.8	260	4.1	4.1	4.1	0	0	739633	
V12	12.5	10.3	11.4	0	0	0	0	0	0	0	0	0	0	0	11.7	30	12.5	280	0	0	0	0	11.4	0	0	285032	
V21	6.6	5.4	6	0	0	0	0	0	0	0.5	8.33	6.5	10	260	6.5	70	6.6	260	0	0	6.5	5.4	5.53	0	0	587649	
VAT	1.6	1.4	1.5	0	0	0	0	0	0	0	0	0	0	0	0	0	0	0	0	0	0	0	1.5	0	0	199108	
VBC	19	15.6	17.3	15.6	40	16.1	50	17.3	50	0	0	0	0	0	18.5	30	18.6	100	0	0	0	0	17.3	0	0	349843	
VC1	12.7	10.5	11.6	0	0	0	0	0	0	0	0	0	0	0	11.5	140	11.6	10	12	110	0	0	11.6	0	0	557269	
VC2	14	11.6	12.8	0	0	0	0	11.7	40	0	0	12.8	20	20	12.8	50	14	30	0	0	12.8	12.8	12.8	0	0	730378	
VC3	17.9	14.7	16.3	16.1	660	16.2	730	16.3	460	0.1	0.61	16.4	100	18120	16.4	1230	16.5	960	16.6	470	16.5	16.3	16.37	0	0	2988763	
VC6	8.3	6.9	7.6	0	0	7	80	7.6	100	0.1	1.32	7.7	10	10	8	100	0	0	0	0	7.7	7.7	7.7	0	0	311542	
VC7	5.9	4.9	5.4	0	0	4.9	600	5	200	0.2	3.7	5.6	10	390	5.5	170	5.6	190	5.8	280	5.6	5.1	5.14	0	0	1117840	
VC9	12.1	9.9	11	0	0	0	0	0	0	0	0	0	0	0	11	100	12.1	10	0	0	0	0	11	0	0	556625	
VCC	11.4	9.4	10.4	0	0	9.4	510	9.5	100	0	0	0	0	0	10	10	10.2	100	10.3	100	0	0	10.4	0	0	587210	
VCG	27.6	22.6	25.1	24.8	3840	24.9	500	25	350	0	0	25.1	70	7400	25.1	2630	25.2	1000	25.3	1050	25.1	24.8	25	0	0	21442549	
VCM	19.3	15.9	17.6	0	0	0	0	16	50	0	0	17.6	20	20	19	10	19.2	50	19.3	40	17.6	17.6	17.6	0	0	0	
VCS	73.7	60.3	67	66.7	660	66.8	1400	66.9	260	0	0	67	50	37480	67	50	67.1	70	67.2	90	67.4	66.1	66.66	450	300	7416440	
VDL	25.3	20.7	23	0	0	21.3	30	21.4	20	0.9	3.91	23.9	10	2020	23.9	110	24	1000	24.5	170	24.5	21.3	24.13	0	0	706285	
VE1	8.3	6.9	7.6	0	0	0	0	0	0	0	0	0	0	0	0	0	0	0	0	0	0	0	7.6	0	0	114226	
VE2	7.7	6.3	7	0	0	0	0	0	0	0	0	0	0	0	0	0	0	0	0	0	0	0	7	0	0	104103	
VE3	6.6	5.4	6	0	0	5.4	520	6	800	0	0	6	100	200	6.5	140	6.6	400	0	0	6	6	6	0	0	56589	
VE4	5.6	4.6	5.1	0	0	0	0	5.1	200	0.5	9.8	5.6	10	10	5.6	490	0	0	0	0	5.6	5.6	5.6	0	0	47582	
VE8	9.9	8.1	9	0	0	0	0	0	0	0	0	0	0	0	9.2	10	9.5	100	9.9	10	0	0	9	0	0	87680	
VE9	1.4	1.2	1.3	0	0	0	0	1.2	2670	-0.1	-7.69	1.2	40	3450	1.3	14540	1.4	7100	0	0	1.3	1.2	1.21	0	0	536377	
VGP	12.8	10.6	11.7	10.8	300	10.9	190	11	50	-0.3	-2.56	11.4	10	10	11.4	80	11.5	30	11.7	60	11.4	11.4	11.4	0	0	386558	
VGS	9	7.4	8.2	7.9	530	8	960	8.1	30	-0.1	-1.22	8.1	50	1800	8.2	2760	8.3	110	8.4	3170	8.2	8.1	8.16	0	0	1997545	
VHE	6.1	5.1	5.6	5.2	70	5.3	20	5.4	80	0	0	0	0	0	5.7	10	5.8	100	5.9	60	0	0	5.6	0	0	0	
VHL	30.2	24.8	27.5	27.6	50	27.7	40	27.8	90	0.3	1.09	27.8	40	760	28	300	29	110	29.2	30	28	27.7	27.74	0	0	1174192	
VIE	6.7	5.5	6.1	0	0	0	0	0	0	0	0	0	0	0	6.1	300	0	0	0	0	0	0	6.1	0	0	100079	
VIF	18.9	15.5	17.2	15.5	10	15.6	470	15.7	10	0.2	1.16	17.4	10	110	17.2	70	17.3	50	17.4	380	17.4	15.6	15.76	0	0	0	
VIG	0.9	0.7	0.8	0	0	0.7	94710	0.8	60760	0	0	0.8	500	55320	0.9	41380	0	0	0	0	0.9	0.7	0.8	220	0	1632391	
VIT	15.8	13	14.4	13.9	20	14	600	14.1	520	-0.4	-2.78	14	250	380	14.4	110	14.5	610	14.6	120	14.2	14	14.01	0	0	944950	
VIX	5.6	4.6	5.1	4.9	1870	5	1430	5.1	1840	0.2	3.92	5.3	30	35440	5.3	920	5.4	740	5.5	970	5.3	4.9	4.96	0	0	5565390	
VKC	2.7	2.3	2.5	2.4	5900	2.5	5000	2.6	2540	0.2	8	2.7	50	1660	2.7	7640	0	0	0	0	2.7	2.6	2.61	0	0	695533	
VLA	12.7	10.5	11.6	0	0	0	0	0	0	0	0	0	0	0	0	0	0	0	0	0	0	0	11.6	0	0	46370	
VMC	10.5	8.7	9.6	9.4	250	9.5	550	9.6	500	0.2	2.08	9.8	10	2020	9.8	210	9.9	330	10	120	9.8	9.5	9.59	100	0	920900	
VMI	0.7	0.5	0.6	0	0	0	0	0	0	0	0	0	0	0	0	0	0	0	0	0	0	0	0.6	0	0	449469	
VMS	7	5.8	6.4	0	0	5.9	200	6	300	0	0	0	0	0	6.4	550	7	40	0	0	0	0	6.4	0	0	436040	
VNC	35.7	29.3	32.5	29.3	10	29.5	20	32	60	-2.4	-7.38	30.1	50	100	33	60	33.2	20	33.3	20	30.5	30.1	30.18	0	0	375819	
VNF	34.4	28.2	31.3	0	0	0	0	0	0	0	0	0	0	0	33	20	0	0	0	0	0	0	31.3	0	0	377695	
VNR	20.4	16.8	18.6	18.1	110	18.2	30	18.6	20	0.4	2.15	19	10	20	19	10	19.1	20	19.6	80	19	18.1	18.55	0	0	2721189	
VNT	60.9	49.9	55.4	0	0	55.2	20	55.4	500	0	0	55.4	500	1020	56	100	57	50	57.8	1000	55.4	55.4	55.4	0	0	410950	
VSA	17	14	15.5	14	30	14.7	10	14.8	50	-0.6	-3.87	14.9	10	10	16	850	16.5	10	17	440	14.9	14.9	14.9	0	0	635133	
VSM	12.2	10	11.1	0	0	10.1	20	10.2	20	0.9	8.11	12	10	30	12	30	12.2	10	0	0	12	12	12	0	0	137591	
VTC	11	9	10	0	0	0	0	9	130	0	0	10	50	50	10.4	120	10.5	410	10.9	480	10	10	10	50	0	169192	
VTH	11.5	9.5	10.5	0	0	0	0	0	0	0	0	0	0	0	10	100	11.5	10	0	0	0	0	10.5	0	0	243990	
VTJ	5.8	4.8	5.3	0	0	0	0	0	0	0	0	0	0	0	5.7	370	5.8	150	0	0	0	0	5.3	0	0	558430	
VTL	14.6	12	13.3	0	0	12.3	30	12.4	10	0	0	0	0	0	0	0	0	0	0	0	0	0	13.3	0	0	243261	
VTS	31.3	25.7	28.5	0	0	0	0	0	0	0	0	0	0	0	25.7	520	28.5	180	0	0	0	0	28.5	0	0	52936	
VTV	7.7	6.3	7	6.3	10	6.4	50	6.7	30	0	0	7	10	620	7.1	20	7.3	100	7.5	50	7	7	7	0	0	1522519	
VXB	7.7	6.3	7	0	0	0	0	0	0	-0.7	-10	6.3	50	50	6.3	20	6.5	20	7	180	6.3	6.3	6.3	0	0	198381	
WCS	185.3	151.7	168.5	165	20	165.5	10	165.7	10	-2.5	-1.48	166	10	50	168.5	20	170	90	173	150	168.5	166	168	0	0	56467	
WSS	1.8	1.6	1.7	0	0	1.6	170	1.7	1650	0	0	1.7	50	290	1.8	80	0	0	0	0	1.8	1.7	1.73	0	0	2346880	
X20	8.8	7.2	8	0	0	0	0	0	0	0	0	0	0	0	0	0	0	0	0	0	0	0	8	0	0	845040	
