HOSE
878.67
14.2	1.62
868.97	0.52	28043666	408.39	
877.62	1.5	452207123	6919.93	
878.67	1.62	476491181	7354.05	
AAA	13.3	11.6	12.45	12.5	19402	12.55	10990	12.6	15773	0.2	1.61	12.65	4969	161882	12.65	9056	12.7	22688	12.75	11916	12.65	12.7	12.45	9608	0	6201476	
AAM	12.6	11	11.8	11.15	150	11.2	385	11.25	200	0	0	11.8	1	302	11.8	493	11.9	100	11.95	10	11.8	11.8	11.05	0	0	592374	
ABS	14.95	13.05	14	13.75	348	13.8	526	14	100	0.05	0.36	14.05	2402	23449	14.05	434	14.1	1744	14.15	1802	14.05	14.05	13.75	0	0	1410814	
ABT	35.8	31.2	33.5	31.8	1	32	12	32.05	3	0	0	33.5	2	2	34	1	35	4	35.8	5	0	33.5	33.5	0	0	655034	
ACC	19.75	17.25	18.5	17.7	20	18.3	250	18.5	410	0.05	0.27	18.55	1	61	19	3	19.2	231	19.25	1	0	18.55	18.5	0	0	298596	
ACL	26.3	22.9	24.6	25	685	25.1	472	25.15	10	0.6	2.44	25.2	344	7664	25.2	47	25.3	1680	25.35	125	25.2	25.4	24.5	700	0	843917	
ADS	10.7	9.3	10	9.65	265	9.67	10	9.71	10	-0.06	-0.6	9.94	2	103	9.93	195	9.94	59	9.95	86	0	9.94	9.9	0	0	1248247	
AGG	29.1	25.3	27.2	26.9	1030	27	875	27.1	545	0	0	27.2	1701	26112	27.2	1487	27.25	268	27.3	743	27.2	27.2	26.85	0	0	1622591	
AGM	14.85	12.95	13.9	13.75	50	13.8	179	13.85	1062	-0.05	-0.36	13.85	165	2018	13.95	31	14	930	14.1	600	13.85	14	13.8	0	1035	744035	
AGR	3.63	3.17	3.4	3.5	1415	3.51	606	3.54	2	0.15	4.41	3.55	1600	49725	3.55	427	3.56	1088	3.57	2235	3.55	3.57	3.4	3	0	9962391	
AMD	3.34	2.92	3.13	3.24	551	3.25	9714	3.26	316	0.15	4.79	3.28	26044	869421	3.28	8243	3.29	5230	3.3	6301	3.28	3.34	3.15	13458	3500	7733257	
ANV	19.4	16.9	18.15	18.45	50	18.5	262	18.6	828	0.45	2.48	18.6	822	26805	18.7	992	18.75	473	18.8	8907	18.6	18.75	18	878	425	6093290	
APC	19.2	16.7	17.95	17.4	7	17.5	553	17.6	334	-0.35	-1.95	17.6	139	1960	17.8	162	17.9	666	17.95	208	17.6	17.85	17.6	0	0	652998	
APG	9.52	8.28	8.9	8.95	2	9	460	9.05	213	0.2	2.25	9.1	101	96807	9.1	282	9.12	1	9.15	474	9.1	9.15	8.92	3537	0	3161988	
ASM	5.74	5	5.37	5.72	1118	5.73	20800	5.74	41906	0.37	6.89	5.74	727	360209	0	0	0	0	0	0	5.74	5.74	5.44	13669	0	12318307	
ASP	5.77	5.03	5.4	5.31	501	5.35	45	5.36	271	0.08	1.48	5.48	100	6421	5.48	644	5.5	1267	5.51	1205	5.48	5.5	5.26	0	6	2	
AST	57.8	50.4	54.1	54	452	54.1	509	54.2	125	0.1	0.18	54.2	494	11892	54.3	370	54.4	168	54.5	679	54.2	54.8	53.9	1	5233	261749	
ATG	0.56	0.5	0.53	0.52	12460	0.53	2974	0.54	5	0.02	3.77	0.55	1	17397	0.55	990	0.56	4401	0	0	0.55	0.56	0.53	0	0	720605	
BBC	54.5	47.45	51	48	70	48.9	1	49	98	-2	-3.92	49	5	204	50	2	50.8	129	50.9	1	49	50.8	49	9	0	35718	
BCE	8.28	7.2	7.74	7.71	271	7.72	102	7.74	350	0.01	0.13	7.75	583	24469	7.75	823	7.79	39	7.8	910	7.75	7.94	7.7	1993	0	1356929	
BCG	6.84	5.96	6.4	6.47	700	6.5	1571	6.55	20	0.2	3.12	6.6	1803	82616	6.6	1773	6.62	431	6.64	500	6.6	6.8	6.39	1175	14	1658667	
BFC	14.1	12.3	13.2	13.75	298	13.8	1236	13.85	461	0.65	4.92	13.85	1875	121863	13.9	700	13.95	237	14	4367	13.85	14.1	13.1	2191	203	2586349	
BHN	58.8	51.2	55	54.5	200	54.6	97	54.7	246	0.3	0.55	55.3	1	385	55.3	53	55.4	20	55.5	370	0	55.3	54.4	84	10	7292697	
BIC	23.25	20.25	21.75	21.35	6	21.45	73	21.5	14	-0.25	-1.15	21.5	300	1990	21.7	121	21.75	140	21.8	128	21.5	22	21.5	349	707	163374	
BID	42.9	37.3	40.1	41.25	3632	41.3	345	41.4	30	1.35	3.37	41.45	9128	110433	41.45	1889	41.5	6296	41.55	2471	41.45	41.55	40.25	446	1195	49452053	
BMC	13.15	11.45	12.3	12.1	820	12.25	200	12.3	150	0.1	0.81	12.4	74	1459	12.4	257	12.45	316	12.5	215	12.4	12.4	12.05	130	927	325560	
BMI	23.25	20.25	21.75	21.6	565	21.7	375	21.75	106	0.05	0.23	21.8	505	23360	21.8	6604	21.85	479	21.9	440	21.8	21.85	21.3	10819	2600	1191396	
BMP	51	44.4	47.7	47.4	6	47.5	11347	47.55	929	-0.1	-0.21	47.6	529	6314	47.6	9	47.7	21	47.75	300	47.6	48.3	47.5	888	2447	1631989	
BRC	11.15	9.72	10.45	10.1	150	10.15	2	10.2	150	0	0	0	0	0	10.7	300	11	16	11.1	200	0	0	0	0	0	600909	
BSI	8.59	7.47	8.03	8.04	2	8.05	153	8.06	15	0.07	0.87	8.1	55	2464	8.1	51	8.2	1186	8.25	20	8.1	8.2	8.03	82	1660	4951640	
BTP	15.85	13.85	14.85	14.75	200	14.8	270	14.85	277	0	0	14.85	150	2348	15	205	15.05	3	15.15	11	14.85	15.1	14.7	0	730	2401911	
BTT	42.65	37.15	39.9	37.5	1	38	50	38.05	10	0.1	0.25	40	2	105	40	90	40.5	20	42	354	0	40	38	3	0	660452	
BVH	53.4	46.5	49.95	50.5	2294	50.6	1444	50.7	2345	0.75	1.5	50.7	3116	71018	50.8	498	50.9	620	51	2575	50.7	51.2	50.1	4933	4820	15312340	
BWE	23.6	20.6	22.1	22.3	514	22.35	20	22.4	99	0.3	1.36	22.4	573	23892	22.45	10	22.5	1050	22.55	60	22.4	22.5	22	1038	0	5951901	
C32	27.2	23.7	25.45	24.95	601	25	320	25.05	300	-0.15	-0.59	25.3	30	5579	25.2	170	25.3	280	25.35	480	25.3	25.4	25	0	9	363969	
C47	12.1	10.6	11.35	11.1	100	11.35	102	11.4	497	0.05	0.44	11.4	5	551	11.8	20	11.85	22	12	758	11.4	11.7	11	0	0	829800	
CAV	70.6	61.4	66	66	250	66.1	9	66.5	4	0.5	0.76	66.5	2	159	66.8	3	67	50	67.5	50	66.5	66.5	65	5	0	2805741	
CCI	14.95	13.05	14	13.2	3	13.3	10	13.5	10	0	0	14	30	34	14	2130	14.2	100	14.95	1	0	14	14	0	0	823571	
CCL	7.91	6.89	7.4	7.4	417	7.42	336	7.44	200	0.2	2.7	7.6	2770	42604	7.6	3515	7.64	100	7.65	390	7.6	7.6	7.2	1268	0	2112018	
CDC	16.55	14.45	15.5	0	0	14.55	2	15	1000	1	6.45	16.5	1	1	16.5	2	0	0	0	0	0	16.5	16.5	0	0	764368	
CEE	16.05	13.95	15	14.1	50	14.2	45	15	3	0	0	0	0	0	15.1	6	15.4	170	15.65	1	0	0	0	0	0	2021552	
CHP	20.4	17.8	19.1	18.5	42	18.8	87	19	9	-0.1	-0.52	19	700	1824	19.2	196	20.2	514	20.4	160	19	19.1	19	0	0	6311919	
CIG	1.71	1.49	1.6	1.54	100	1.55	10	1.56	520	-0.04	-2.5	1.56	42	871	1.6	167	1.64	600	1.65	200	0	1.6	1.55	0	0	1545178	
CII	20.65	17.95	19.3	19.25	843	19.3	4869	19.35	1293	0.1	0.52	19.4	2440	129377	19.4	2033	19.45	2955	19.5	12885	19.4	19.65	19.3	948	25868	7410579	
CKG	10.4	9.08	9.76	9.45	24	9.5	562	9.51	25	-0.25	-2.56	9.51	40	11904	9.59	1	9.6	25	9.64	20	9.51	9.81	9.41	0	0	2403490	
CLC	29.15	25.35	27.25	27.1	21	27.15	372	27.2	5	-0.1	-0.37	27.15	9	1494	27.3	50	27.4	30	27.45	27	0	27.25	27.15	0	0	1222236	
CLG	1.3	1.14	1.22	1.26	2000	1.29	30	1.3	4746	0.08	6.56	1.3	195	7100	0	0	0	0	0	0	1.3	1.3	1.2	0	0	1029699	
CLL	29.1	25.3	27.2	27.2	10	27.6	1	28	54	0.8	2.94	28	56	178	29	67	0	0	0	0	28	28	27.6	0	0	1419098	
CLW	27.8	24.2	26	0	0	24.5	100	24.7	100	0	0	26	500	500	27	500	0	0	0	0	0	26	26	0	0	573966	
CMG	29.75	25.95	27.85	27.7	10	27.8	4	27.85	55	0	0	27.85	113	5888	27.9	94	27.95	120	28	244	27.85	27.9	27.7	831	0	1166259	
CMV	14.45	12.65	13.55	0	0	0	0	12.65	100	0.4	2.95	13.95	1	2	14	7	14.1	10	14.2	60	0	14.4	13.95	0	0	590605	
CMX	17.3	15.1	16.2	16.45	239	16.5	3590	16.6	458	0.4	2.47	16.6	3162	79752	16.65	916	16.7	902	16.75	51	16.6	16.9	16.1	500	0	1158648	
CNG	23.4	20.4	21.9	21.3	6	21.5	14	21.6	11	-0.3	-1.37	21.6	151	1951	21.85	431	21.9	408	22	252	21.6	21.9	21.5	0	0	757255	
COM	48.75	42.45	45.6	42.5	2	43	1	43.1	1	-3.15	-6.91	42.45	1	107	45.45	5	46.8	8	48.65	10	0	45.45	42.45	0	0	685800	
CRC	12.25	10.65	11.45	11.1	36	11.2	28	11.3	9	0	0	11.45	222	5244	11.45	279	11.5	210	11.55	209	11.45	11.6	11.3	0	0	734797	
CRE	17.2	15	16.1	16.15	6166	16.2	5423	16.25	4582	0.15	0.93	16.25	8800	97571	16.3	7929	16.35	9750	16.4	8586	16.25	16.3	16.1	794	0	2143288	
CSM	17.1	14.9	16	15.8	1438	15.9	400	16	497	0	0	16	430	9452	16.1	735	16.15	95	16.2	350	16	16.15	15.8	0	200	4862278	
CSV	24.05	20.95	22.5	23.95	11	24	613	24.05	3	1.55	6.89	24.05	306	85998	0	0	0	0	0	0	24.05	24.05	22.6	1719	227	1818579	
CTD	81.3	70.7	76	76.6	67	76.8	301	77	678	1.3	1.71	77.3	1648	44741	77.3	88	77.4	160	77.5	931	77.3	78	75.1	1070	1224	192232	
CTF	22.7	19.8	21.25	20.65	3	20.7	2	20.8	10	0	0	21.25	1	14266	21.2	123	21.25	111	21.3	432	21.25	21.5	20.7	0	0	2231353	
CTG	24.05	20.95	22.5	23.35	9710	23.4	15521	23.45	2550	1	4.44	23.5	54866	712040	23.5	39195	23.55	7842	23.6	12620	23.5	23.5	22.7	73026	1637	1168716	
CTI	20.1	17.5	18.8	18.6	1295	18.65	1662	18.7	3402	0	0	18.8	3082	186450	18.8	611	18.85	1907	18.9	2618	18.8	18.9	18.5	0	150212	2062958	
CTS	6.93	6.03	6.48	6.72	2	6.73	30	6.75	77	0.37	5.71	6.85	1700	37573	6.85	20	6.89	2000	6.9	5788	6.85	6.92	6.48	0	2400	4057422	
CVT	19.05	16.65	17.85	17.85	2781	17.9	2642	17.95	1137	0.2	1.12	18.05	1610	17896	18.05	1957	18.1	2645	18.15	3	18.05	18.05	17.9	552	0	3270293	
D2D	63.5	55.3	59.4	63.2	100	63.4	41	63.5	36	4.1	6.9	63.5	1589	58306	0	0	0	0	0	0	63.5	63.5	60.1	4691	0	893624	
DAG	5.73	4.99	5.36	5.29	5	5.3	1432	5.31	1144	-0.05	-0.93	5.31	8000	30467	5.4	798	5.42	384	5.43	70	5.31	5.4	5.31	2	2	2102395	
DAH	12.4	10.8	11.6	11.8	2652	11.85	2079	11.9	2007	0.35	3.02	11.95	200	35384	11.95	374	12	1069	12.05	1275	11.95	11.95	11.6	3133	63	1635208	
DAT	7.32	6.38	6.85	6.5	5	7	1	7.32	1	0	0	0	0	0	0	0	0	0	0	0	0	0	0	0	0	2253957	
DBC	44.15	38.45	41.3	44.05	4678	44.1	6420	44.15	31028	2.85	6.9	44.15	23	362333	0	0	0	0	0	0	44.15	44.15	41.9	6945	114	4306354	
DBD	53.1	46.25	49.7	48.55	6	48.6	243	48.65	186	-0.7	-1.41	49	404	3642	49	99	49.1	39	49.2	30	49	49.7	48.3	49	77	5235632	
DCL	21.8	19	20.4	20.95	10	21	158	21.1	205	0.85	4.17	21.25	1090	12005	21.25	82	21.3	112	21.35	199	21.25	21.3	20.2	231	0	1679980	
DCM	9.08	7.9	8.49	8.49	1802	8.5	6585	8.51	5399	0.02	0.24	8.51	10458	127341	8.54	1842	8.57	500	8.58	1796	8.51	8.63	8.49	7757	0	24921132	
DGW	28.85	25.15	27	26.8	1127	26.85	756	26.9	1587	0	0	27	1146	39739	27	1860	27.1	3099	27.15	110	27	27.3	26.75	0	881	1046810	
DHA	33.85	29.45	31.65	31.3	124	31.4	35	31.5	101	0.05	0.16	31.7	1	800	31.7	218	31.75	20	31.9	351	31.7	32	31.5	0	0	600570	
DHC	39.35	34.25	36.8	36.2	1188	36.25	1870	36.3	750	-0.5	-1.36	36.3	806	17674	36.35	944	36.4	499	36.5	105	36.3	36.85	36.25	1097	0	683129	
DHG	98.7	85.9	92.3	92.6	700	92.7	120	92.8	68	0.5	0.54	92.8	107	2203	93.2	8	93.7	200	93.8	2	92.8	93.9	92.4	5492	4500	5958288	
DHM	8.29	7.21	7.75	7.35	30	7.45	50	7.74	6	0	0	7.75	19	8251	7.75	3569	7.79	105	7.8	600	7.75	7.8	7.5	0	0	1531248	
DIC	2	1.74	1.87	1.98	5285	1.99	1000	2	14233	0.13	6.95	2	21	94712	0	0	0	0	0	0	2	2	1.9	2550	0	1284462	
DIG	12.9	11.3	12.1	12.05	7406	12.1	5672	12.15	500	0.1	0.83	12.2	2618	56941	12.2	455	12.25	4990	12.3	6510	12.2	12.4	12.05	0	0	4599606	
DLG	1.59	1.39	1.49	1.56	6818	1.57	29657	1.58	9425	0.09	6.04	1.58	24654	1674349	1.59	34174	0	0	0	0	1.58	1.59	1.54	11523	20348	13838728	
DMC	59	51.4	55.2	55.8	3228	55.9	475	56	340	1.3	2.36	56.5	690	19351	56.5	17	56.7	120	57	560	56.5	57.9	55.2	975	180	1451674	
DPG	25.65	22.35	24	24.3	1057	24.35	631	24.4	153	0.4	1.67	24.4	290	23503	24.45	728	24.5	1891	24.6	332	24.4	24.45	23.9	818	177	2187911	
DPM	15.8	13.8	14.8	14.95	6580	15	20073	15.05	4336	0.25	1.69	15.05	14620	331106	15.1	510	15.15	2949	15.2	3930	15.05	15.35	14.8	13187	23590	14340501	
DPR	41.7	36.3	39	38.35	1	38.65	10	38.7	213	-0.3	-0.77	38.7	19	361	38.9	249	38.95	39	39	3743	38.7	38.9	38.6	0	19	1498721	
DQC	18.85	16.45	17.65	18.2	78	18.25	100	18.6	43	0.55	3.12	18.2	195	8236	18.7	10	18.85	1775	0	0	18.2	18.85	17.55	1	35	1591814	
DRC	21.1	18.4	19.75	19.95	1424	20	400	20.1	455	0.4	2.03	20.15	1487	46368	20.15	1620	20.2	3161	20.25	1090	20.15	20.35	19.8	4921	2750	3373186	
DRH	7.72	6.72	7.22	7.7	8293	7.71	3612	7.72	6489	0.5	6.93	7.72	273	274122	0	0	0	0	0	0	7.72	7.72	7.4	12138	1	2862046	
DRL	54.5	47.45	51	50.6	18	50.7	35	50.8	26	-0.2	-0.39	50.8	50	1189	51	383	51.6	17	51.7	20	0	51	50.8	0	0	459240	
DSN	50.6	44	47.3	47.25	50	47.3	177	47.35	20	0.2	0.42	47.5	2	1093	47.5	96	47.6	46	47.7	192	47.5	48	47	0	0	372097	
DTA	4.68	4.08	4.38	4.39	230	4.41	160	4.45	95	0.11	2.51	4.49	100	905	4.49	596	4.5	1027	4.6	60	0	4.49	4.38	0	0	881866	
DTL	10.25	8.91	9.58	9	2	9.01	1	9.02	1	0	0	9.58	1	1	9.58	36	10.25	12	0	0	0	9.58	9.58	0	0	3008621	
DTT	14.35	12.55	13.45	0	0	0	0	12.55	2	0	0	0	0	0	14.3	29	14.35	11	0	0	0	0	0	0	0	397869	
DVP	37.1	32.3	34.7	34.55	90	34.6	46	34.65	96	-0.05	-0.14	34.65	4	1080	34.7	520	34.8	150	34.9	10	34.65	34.7	34.05	0	0	1407744	
DXG	12.05	10.55	11.3	11.25	12550	11.3	18229	11.35	22889	0.05	0.44	11.35	16517	400863	11.4	13764	11.45	19124	11.5	35415	11.35	11.55	11.3	21043	19620	4635434	
DXV	2.45	2.13	2.29	2.27	1	2.28	155	2.3	76	0.09	3.93	2.38	1005	2888	2.38	1600	2.39	2049	2.4	120	2.38	2.39	2.29	0	0	480908	
E1VFVN30	14.41	12.53	13.47	13.62	9035	13.65	100	13.66	2000	0.22	1.63	13.69	1	22543	13.69	1057	13.7	581	13.73	10	13.69	13.7	13.4	41968	59817	1130202	
EIB	18.5	16.1	17.3	17.35	1414	17.4	2096	17.45	463	0.15	0.87	17.45	5502	22956	17.8	1018	17.9	1360	18	1757	17.45	18.1	17.1	58	6872	11841	
ELC	5.64	4.92	5.28	5.13	15	5.14	100	5.15	71	-0.06	-1.14	5.22	28	5561	5.22	77	5.23	915	5.25	745	5.22	5.25	5	0	311	1462395	
EMC	11.55	10.05	10.8	0	0	0	0	10.05	10	0	0	0	0	0	0	0	0	0	0	0	0	0	0	0	0	749034	
EVE	10.95	9.54	10.25	10.1	6	10.25	16	10.3	58	0.05	0.49	10.3	243	5907	10.4	778	10.45	220	10.5	912	10.3	10.4	10.25	1575	0	1471568	
EVG	3.23	2.81	3.02	3.21	500	3.22	5670	3.23	294598	0.21	6.95	3.23	100	84646	0	0	0	0	0	0	0	3.23	3.23	0	0	2856019	
FCM	7.16	6.24	6.7	6.75	315	6.8	2223	6.82	250	0.12	1.79	6.82	153	11523	6.89	1395	6.99	354	7	34	6.82	6.99	6.7	0	0	1906940	
FCN	9.82	8.54	9.18	9.18	1080	9.19	1054	9.2	838	0.02	0.22	9.2	2795	72056	9.25	2021	9.26	2964	9.27	889	9.2	9.28	9.1	2935	0	2924841	
FDC	14.45	12.65	13.55	0	0	0	0	12.65	66	-0.5	-3.69	13.05	6	524	13.05	54	13.1	100	13.2	33	0	13.45	12.65	0	0	1891253	
FIR	32.2	28	30.1	30.05	474	30.1	130	30.2	190	0.1	0.33	30.2	650	10460	30.25	268	30.3	300	30.4	181	30.2	30.25	30.1	529	0	1004971	
FIT	6.7	5.84	6.27	6.27	2205	6.28	490	6.3	2048	0.03	0.48	6.3	6100	217486	6.32	116	6.33	300	6.34	100	6.3	6.5	6.28	29	304	12146455	
FLC	3.09	2.69	2.89	3.07	94833	3.08	105539	3.09	326471	0.2	6.92	3.09	138708	2483469	0	0	0	0	0	0	3.09	3.09	2.9	16404	3101	32939913	
FMC	28.55	24.85	26.7	26.25	211	26.3	131	26.4	266	-0.2	-0.75	26.5	430	8386	26.5	942	26.55	40	26.6	530	26.5	26.8	26.4	569	681	1984579	
FPT	51.3	44.6	47.95	48.15	1906	48.2	9850	48.25	6979	0.35	0.73	48.3	5040	129815	48.3	3756	48.35	4205	48.4	3449	48.3	48.35	48	32234	32555	0	
FRT	28	24.4	26.2	26.4	561	26.45	113	26.5	3406	0.3	1.15	26.5	12522	109085	26.7	100	26.75	1279	26.8	3503	26.5	27.2	26.45	3578	4917	1053183	
FTM	1.56	1.36	1.46	1.51	110	1.52	500	1.53	1236	0.07	4.79	1.53	2131	54756	1.54	249	1.55	2667	1.56	14168	1.53	1.55	1.47	0	0	2435620	
FTS	12.05	10.55	11.3	11	1133	11.05	100	11.1	4647	-0.2	-1.77	11.1	1620	8238	11.3	2815	11.4	650	11.45	170	11.1	11.4	11.1	200	0	9457719	
FUCTVGF1	12.7	11.1	11.9	0	0	0	0	0	0	0	0	0	0	0	0	0	0	0	0	0	0	0	0	0	0	734571	
FUCTVGF2	10.95	9.54	10.25	0	0	0	0	0	0	0	0	0	0	0	10.25	2	0	0	0	0	0	0	0	0	0	808607	
FUCVREIT	8.56	7.44	8	0	0	0	0	7.44	50	0	0	8	8	33	8	42	8.3	50	8.5	107	8	8	7.44	10	15	239040	
FUESSV50	12.62	10.98	11.8	11.7	1000	11.75	2000	11.8	1599	0.1	0.85	11.9	380	5410	11.9	620	12	1235	12.1	1500	11.9	11.9	11.8	99	0	436575	
FUESSVFL	9.92	8.64	9.28	9.48	3621	9.49	3984	9.5	4346	0.3	3.23	9.58	1048	10621	9.58	8061	9.59	9083	9.6	10600	9.58	9.58	9.32	500002	0	1003361	
FUEVFVND	13.1	11.4	12.25	12.16	20	12.2	810	12.22	110	0.05	0.41	12.3	300	43936	12.3	2383	12.4	100	12.5	254	12.3	12.3	12	142196	0	105485	
GAB	161.6	140.6	151.1	152.2	2750	152.3	1776	152.4	2912	1.4	0.93	152.5	3370	8650	152.5	436	153	12	154	2	152.5	152.5	151.4	0	1500	660754	
GAS	79.6	69.2	74.4	75	3911	75.1	840	75.2	1654	0.9	1.21	75.3	1717	59606	75.3	4596	75.4	237	75.5	4790	75.3	76	74.6	11047	1930	87465450	
GDT	32.2	28	30.1	29.75	35	30	23	30.05	48	0	0	30.1	6	2041	30.1	245	30.2	546	30.3	10	0	30.2	29	0	0	487775	
GEG	22.45	19.55	21	20.95	1342	21	1931	21.05	604	0.1	0.48	21.1	1574	42885	21.1	6	21.15	200	21.2	1140	21.1	21.5	20.9	63	7	2456673	
GEX	18.65	16.25	17.45	17.4	9864	17.45	8149	17.5	7967	0.1	0.57	17.55	8143	273160	17.55	1240	17.6	11394	17.65	5938	17.55	17.6	17.4	25736	0	16530013	
GIL	20.45	17.85	19.15	19.65	264	19.7	187	19.75	55	0.6	3.13	19.75	329	25278	19.8	1401	19.85	658	19.9	2948	19.75	19.85	19.15	25	0	1055731	
GMC	20.65	17.95	19.3	18.5	26	18.7	100	18.8	585	-0.1	-0.52	19.2	12	2324	19.2	532	19.3	296	19.35	450	19.2	19.2	18.8	200	0	1034555	
GMD	20.95	18.25	19.6	19.5	4836	19.55	1661	19.6	2679	0.1	0.51	19.7	4474	32068	19.7	3969	19.75	250	19.8	1185	19.7	19.85	19.55	277	277	0	
GSP	10.8	9.4	10.1	9.7	10	10	50	10.2	20	0.35	3.47	10.45	11	28	10.35	91	10.4	20	10.45	287	10.45	10.5	10	12	0	1313745	
GTA	11.65	10.15	10.9	10.35	20	10.5	2	10.55	9	-0.35	-3.21	10.55	1	66	10.85	59	10.9	45	11	26	10.55	10.85	10.2	1	0	506426	
GTN	18.25	15.95	17.1	17.2	10756	17.25	10601	17.3	2495	0.25	1.46	17.35	5265	103499	17.35	1620	17.4	4629	17.45	4419	17.35	17.4	17.05	3707	1000	24905502	
GVR	13.6	11.9	12.75	12.75	6931	12.8	11634	12.85	1414	0.1	0.78	12.85	8010	137508	12.9	7457	12.95	5979	13	11259	12.85	12.95	12.8	3667	0	49584427	
HAG	4.87	4.25	4.56	4.85	4226	4.86	157464	4.87	444938	0.31	6.8	4.87	288	352090	0	0	0	0	0	0	4.87	4.87	4.66	1504	1731	38056082	
HAH	12.75	11.15	11.95	11.65	391	11.7	1307	11.75	649	-0.15	-1.26	11.8	72	6903	11.8	15	11.85	377	11.9	337	11.8	11.95	11.7	0	0	1368698	
HAI	3.27	2.85	3.06	3.25	1502	3.26	3357	3.27	13501	0.21	6.86	3.27	18582	747948	0	0	0	0	0	0	3.27	3.27	3.06	17478	500	8603935	
HAP	3.37	2.93	3.15	3.15	889	3.16	3320	3.17	300	0.03	0.95	3.18	297	4804	3.18	273	3.2	910	3.21	10	3.18	3.18	3.15	0	0	2327244	
HAR	3.28	2.86	3.07	3.26	842	3.27	2000	3.28	14144	0.21	6.84	3.28	10	90500	0	0	0	0	0	0	3.28	3.28	3.1	63	0	4951169	
HAS	7.63	6.65	7.14	0	0	0	0	6.65	149	0.26	3.64	7.4	2	4	7.4	1	7.5	169	7.6	10	0	7.5	6.65	0	0	235559	
HAX	12.35	10.75	11.55	11.65	312	11.7	3416	11.75	1030	0.25	2.16	11.8	361	49226	11.8	2816	11.85	4542	11.9	1110	11.8	11.9	11.4	0	0	1539607	
HBC	9.49	8.25	8.87	8.82	5372	8.83	2751	8.84	192	-0.03	-0.34	8.84	19793	468748	8.85	1100	8.86	1214	8.87	6847	8.84	8.97	8.78	5922	209	6666150	
HCD	3.08	2.68	2.88	2.92	384	2.93	707	2.94	1030	0.06	2.08	2.94	3129	47027	3	1450	3.01	630	3.02	3080	2.94	3.01	2.89	0	0	1320269	
HCM	20.1	17.5	18.8	19.35	4442	19.4	121	19.5	638	0.7	3.72	19.5	20772	159561	19.55	392	19.6	1501	19.65	1131	19.5	19.5	18.9	9743	2500	14216146	
HDB	25.85	22.55	24.2	24.8	3902	24.85	456	24.9	10	0.75	3.1	24.95	12254	89079	24.95	849	25	17812	25.05	404	24.95	25	24.25	6731	5609	8689147	
HDC	17.1	14.9	16	15.9	3041	15.95	1141	16	9580	0	0	16	1437	53441	16.05	575	16.1	711	16.15	600	16	16.3	16	1253	2343	2460334	
HDG	30.45	26.55	28.5	28.55	3860	28.6	1550	28.65	10	0.2	0.7	28.7	437	44068	28.7	851	28.75	75	28.8	3068	28.7	29	28.5	100	4703	3931959	
HHS	4.36	3.8	4.08	4.1	14685	4.11	7396	4.12	3125	0.04	0.98	4.12	20210	398246	4.14	1217	4.15	3370	4.16	10560	4.12	4.19	4.1	2379	0	12585286	
HID	2.8	2.44	2.62	2.77	100	2.79	559	2.8	240	0.18	6.87	2.8	50200	105209	0	0	0	0	0	0	2.8	2.8	2.79	100	0	2825238	
HII	14.65	12.75	13.7	13.3	190	13.35	156	13.55	50	-0.05	-0.36	13.65	1000	10778	13.65	136	13.7	235	13.75	240	13.65	13.9	12.75	127	23	1352187	
HMC	15.15	13.25	14.2	14.1	40	14.15	10	14.2	400	0.4	2.82	14.6	20	20	14.5	7	14.6	10	14.7	4	0	14.6	14.6	0	0	1003126	
HNG	16.4	14.3	15.35	15.85	2214	15.9	5534	15.95	1875	0.6	3.91	15.95	8196	156849	16	865	16.05	1112	16.1	1860	15.95	16.2	15.45	2035	7030	53988314	
HOT	43.3	37.7	40.5	37.7	2	40	50	40.5	31	0	0	40.5	9	20	41	36	41.5	15	43.3	8	0	41	40.5	0	0	391818	
HPG	29.3	25.5	27.4	27.5	15361	27.55	10312	27.6	33229	0.25	0.91	27.65	45186	802289	27.65	114	27.7	20879	27.75	56850	27.65	27.8	27.45	120390	41129	34655355	
HPX	28.65	24.95	26.8	26.9	18	27	15	27.1	6	0.3	1.12	27.1	20	31220	27.15	51	27.2	125	27.3	138	27.1	27.3	26.8	2100	0	8084608	
HQC	1.18	1.04	1.11	1.16	2073	1.17	54582	1.18	1658314	0.07	6.31	1.18	1803	568004	0	0	0	0	0	0	1.18	1.18	1.18	0	0	21549355	
HRC	40.65	35.35	38	0	0	36	200	38	242	0	0	38	26	226	39	20	40	115	40.65	202	38	40	38	0	158	1456640	
HSG	10.65	9.28	9.97	9.99	17233	10	12980	10.1	2231	0.13	1.3	10.1	52190	1786168	10.15	5878	10.2	13679	10.25	22625	10.1	10.5	9.75	29268	205523	14571092	
HSL	5.66	4.92	5.29	5.3	321	5.31	20	5.34	43	0.05	0.95	5.34	50	9250	5.35	49	5.36	807	5.37	50	5.34	5.4	5.29	0	0	1360151	
HT1	15.75	13.75	14.75	14.65	1320	14.7	741	14.75	23	0	0	14.75	633	32439	14.8	2941	14.85	2011	14.9	1283	14.75	14.85	14.55	0	131	16250676	
HTI	13.45	11.75	12.6	12.25	500	12.3	490	12.35	153	-0.25	-1.98	12.35	100	368	12.5	300	12.6	471	12.9	50	0	12.5	12.1	0	50	791429	
HTL	14.75	12.85	13.8	12.85	35	13	134	13.05	6	-0.8	-5.8	13	313	544	13.75	30	13.8	59	13.85	2	0	13.6	13	1	400	30511	
HTN	20.4	17.8	19.1	18.65	100	18.7	1195	18.75	523	-0.35	-1.83	18.75	1227	10784	18.85	158	18.9	300	18.95	260	18.75	19	18.5	0	0	1428262	
HTT	0.73	0.65	0.69	0	0	0	0	0	0	0	0	0	0	0	0	0	0	0	0	0	0	0	0	0	0	956200	
HTV	14.3	12.5	13.4	0	0	12.5	4	12.8	23	0.1	0.75	13.5	3	71	13.5	295	13.6	20	13.9	100	13.5	13.9	12.8	9	0	455771	
HU1	5.89	5.13	5.51	5.4	50	5.51	20	5.89	3	0.38	6.9	5.89	397	458	0	0	0	0	0	0	0	5.89	5.8	0	0	453177	
HU3	7.97	6.93	7.45	7.07	10	7.3	50	7.35	19	-0.1	-1.34	7.35	41	131	7.59	16	7.6	59	7.96	1	0	7.4	7.35	0	0	434452	
HUB	18.15	15.85	17	16.8	100	16.9	16	17	4	0.5	2.94	17.5	1	155	17.5	50	18	290	18.1	1420	17.5	17.5	16.9	0	0	747054	
HVG	5.77	5.03	5.4	0	0	0	0	0	0	0	0	0	0	0	0	0	0	0	0	0	0	0	0	0	0	9040458	
HVH	8.7	7.58	8.14	7.97	1123	7.98	241	8	13	-0.08	-0.98	8.06	68	22595	8.06	284	8.07	505	8.08	30	8.06	8.14	7.97	120	63	961940	
HVN	29.4	25.6	27.5	27.55	1910	27.6	3730	27.65	524	0.2	0.73	27.7	3065	108859	27.7	1170	27.75	2885	27.8	4094	27.7	28.3	27.5	154	2496	29301848	
HVX	3.98	3.46	3.72	0	0	0	0	0	0	0	0	3.72	1	1	3.7	20	3.71	1	3.72	29	0	3.72	3.72	0	0	1924059	
IBC	24.9	21.7	23.3	22.85	110	22.9	115	22.95	125	-0.3	-1.29	23	3	9498	23	44	23.1	205	23.2	160	23	23.25	23	0	3	1975984	
ICT	16.55	14.45	15.5	15.65	318	15.7	50	15.75	87	0.25	1.61	15.75	30	2876	15.8	157	15.85	361	15.9	301	0	15.9	15.6	600	0	3215071	
IDI	4.45	3.87	4.16	4.42	4064	4.44	2482	4.45	46120	0.29	6.97	4.45	1526	243571	0	0	0	0	0	0	4.45	4.45	4.18	6465	0	10966739	
IJC	12.8	11.2	12	12	3626	12.05	4831	12.1	573	0.1	0.83	12.1	1004	22586	12.2	600	12.25	5223	12.3	2860	12.1	12.3	12.05	643	0	6517883	
ILB	18.15	15.85	17	16.5	20	16.8	200	16.9	20	-0.1	-0.59	16.9	500	3976	17	371	17.1	583	17.2	950	16.9	17.1	16.9	0	0	0	
IMP	57.9	50.5	54.2	55.8	253	55.9	375	56	211	1.9	3.51	56.1	251	13607	56.1	289	56.2	675	56.3	238	56.1	57	54.6	0	10	0	
ITA	3.89	3.39	3.64	3.87	21105	3.88	16166	3.89	942817	0.25	6.87	3.89	230	254717	0	0	0	0	0	0	3.89	3.89	3.89	0	938	39515054	
ITC	13.85	12.05	12.95	0	0	12.05	25	12.2	30	0	0	12.95	14	55	12.9	247	12.95	553	13	1393	0	12.95	12.95	0	0	3518730	
ITD	9.2	8	8.6	8.9	1	9	2	9.1	1	0.52	6.05	9.12	1	1323	9.12	199	9.2	139	0	0	9.12	9.2	8.6	0	0	682420	
JVC	3.06	2.66	2.86	3.04	200	3.05	4212	3.06	53490	0.2	6.99	3.06	21	252208	0	0	0	0	0	0	3.06	3.06	3.05	0	0	379145	
KBC	15	13.1	14.05	14.45	11938	14.5	12116	14.55	6797	0.55	3.91	14.6	71450	365673	14.6	2305	14.65	25736	14.7	12933	14.6	14.7	14.1	4337	7713	12798708	
KDC	34.05	29.65	31.85	32.9	54	33	2287	33.1	621	1.35	4.24	33.2	4028	92063	33.2	269	33.3	2000	33.4	819	33.2	34.05	32.3	1629	1900	20961576	
KDH	23.5	20.5	22	22.1	580	22.15	10550	22.2	12550	0.25	1.14	22.25	7112	50019	22.25	710	22.3	3910	22.4	1111	22.25	22.25	21.95	2505	3928	2768906	
KHP	8.87	7.71	8.29	8.1	114	8.11	1000	8.12	508	-0.18	-2.17	8.11	807	4608	8.33	2	8.34	2	8.35	500	8.11	8.68	8.11	2	0	1168441	
KMR	2.34	2.04	2.19	2.26	390	2.27	190	2.28	15	0.1	4.57	2.29	2001	16083	2.29	2380	2.3	1939	2.31	1900	2.29	2.34	2.18	0	0	2119687	
KOS	31	27	29	29.5	2064	29.6	1526	29.7	2393	0.8	2.76	29.8	6559	42100	29.8	1214	29.9	51	30	260	29.8	30	29.2	1577	0	5044251	
KPF	20	17.4	18.7	0	0	0	0	0	0	-0.7	-3.74	18	1	371	18	1209	18.4	110	18.5	200	0	18	17.4	0	0	882579	
KSB	25.85	22.55	24.2	25.45	985	25.5	823	25.65	237	1.45	5.99	25.65	6391	172648	25.7	3170	25.75	671	25.8	4560	25.65	25.7	24.5	8172	2338	2098270	
L10	14.55	12.65	13.6	12.65	21	13.5	10	13.55	9	-0.05	-0.37	13.55	1	1	14.55	10	0	0	0	0	13.55	13.55	13.55	0	0	475275	
LAF	9.06	7.88	8.47	7.89	1	8	100	8.01	5	0	0	8.47	100	110	8.5	645	9.04	5	9.05	30	0	8.5	8.47	0	0	687619	
LBM	29.6	25.8	27.7	26.65	3	26.7	3	26.75	2	0	0	27.7	7	71	27.7	64	28	118	28.45	60	27.7	28.45	27	10	0	433816	
LCG	7.45	6.49	6.97	7.43	37	7.44	601	7.45	34121	0.48	6.89	7.45	31	106109	0	0	0	0	0	0	7.45	7.45	7	138	0	1881205	
LCM	0.69	0.61	0.65	0.61	2542	0.62	2000	0.63	2113	0.01	1.54	0.66	500	6923	0.65	100	0.66	196	0.67	324	0	0.67	0.61	0	0	995529	
LDG	6.24	5.44	5.84	6.16	1820	6.17	5048	6.18	3097	0.34	5.82	6.18	10400	519039	6.19	1260	6.2	5128	6.21	7417	6.18	6.24	5.85	3408	400	11468118	
LEC	16.55	14.45	15.5	14.5	10	14.7	20	14.8	20	0.3	1.94	15.8	80	125	15.7	60	15.75	30	15.8	30	15.8	15.8	14.5	0	0	1278863	
LGC	47.5	41.3	44.4	0	0	0	0	0	0	0	0	0	0	0	41.3	200	44.1	259	44.4	333	0	0	0	0	0	768186	
LGL	5.12	4.46	4.79	4.74	310	4.77	21	4.8	1	0.02	0.42	4.81	1	3023	4.81	51	4.82	208	4.84	90	4.81	4.88	4.7	0	331	2261195	
LHG	19.4	16.9	18.15	18.55	2261	18.6	3799	18.65	93	0.55	3.03	18.7	1290	84367	18.7	3523	18.75	11745	18.8	3672	18.7	19	18.2	1240	0	2107746	
LIX	57.5	50.1	53.8	53.7	201	53.8	345	53.9	179	0.1	0.19	53.9	85	8267	54	894	54.3	115	54.4	50	53.9	55	53.6	652	52	1246117	
LM8	17.35	15.15	16.25	17.05	1	17.1	1	17.15	1	1	6.15	17.25	2	1347	17.25	27	17.3	53	17.35	1	17.25	17.25	16.5	0	0	443472	
LMH	0.8	0.7	0.75	0.78	1010	0.79	1125	0.8	71562	0.05	6.67	0.8	200	8347	0	0	0	0	0	0	0.8	0.8	0.8	0	0	2562923	
LSS	5.02	4.38	4.7	4.7	120	4.71	50	4.72	20	0.08	1.7	4.78	253	3830	4.78	439	4.79	274	4.8	1050	4.78	4.79	4.61	150	10	3317341	
MBB	18.4	16	17.2	17.75	7137	17.8	69648	17.85	9443	0.65	3.78	17.85	65499	1714830	17.9	44952	17.95	21550	18	89949	17.85	18.05	17.25	36256	36256	0	
MCG	1.66	1.46	1.56	1.48	500	1.49	100	1.56	60	0.09	5.77	1.65	19	749	1.65	301	1.66	1103	0	0	0	1.65	1.56	0	0	2546182	
MCP	14.4	12.6	14.3	0	0	0	0	12.65	5	0	0	0	0	0	0	0	0	0	0	0	0	0	0	0	0	735596	
MDG	11.75	10.25	11	10.3	38	10.4	50	10.45	50	0	0	11	50	100	11.7	286	11.75	451	0	0	11	11	11	0	0	533562	
MHC	3.22	2.8	3.01	3.05	100	3.06	193	3.07	204	0.06	1.99	3.07	300	2401	3.13	3	3.15	1500	3.17	50	3.07	3.18	2.94	0	0	1947119	
MSH	38.8	33.8	36.3	35.7	322	35.75	111	35.8	138	-0.5	-1.38	35.8	81	22499	35.9	50	36	113	36.15	46	35.8	36.5	35.7	9	13752	2237836	
MSN	67	58.4	62.7	62.9	2345	63	1817	63.1	718	0.4	0.64	63.1	4686	107688	63.2	1711	63.3	1511	63.4	2321	63.1	63.7	62.7	4301	32839	11270364	
MWG	90.5	78.7	84.6	85.7	2520	85.8	2006	85.9	2029	1.4	1.65	86	2393	81963	86	7127	86.1	882	86.2	983	86	86.1	84.6	0	0	0	
NAF	26.6	23.2	24.9	24.05	15	24.1	15	24.15	10	-0.1	-0.4	24.8	230	1438	24.8	280	24.9	594	25	373	24.8	24.9	24.1	0	0	4117225	
NAV	17.95	15.65	16.8	16.8	50	16.9	10	17.95	2	1.15	6.85	17.95	3	35	0	0	0	0	0	0	0	17.95	17.95	0	0	381738	
NBB	20.35	17.75	19.05	18.6	1	18.85	2	18.9	290	-0.15	-0.79	18.9	100	7616	19	1	19.1	5860	19.15	1544	18.9	19.2	18.9	0	0	3105656	
NCT	65.9	57.3	61.6	61.1	267	61.2	21	61.3	10	-0.2	-0.32	61.4	51	1646	61.4	52	61.5	215	61.6	363	61.4	61.6	61	27	20	1001438	
NHH	51.7	45.05	48.4	47.5	10	47.8	1	48	15	-0.05	-0.1	48.35	10	26118	48.35	10	48.4	110	48.5	200	0	48.95	48	0	98	1675883	
NKG	8.21	7.15	7.68	7.93	8950	7.94	16163	7.95	11016	0.27	3.52	7.95	25176	376772	7.96	3549	7.97	6940	7.98	8355	7.95	7.98	7.7	9984	300	14384961	
NLG	24.8	21.6	23.2	23.4	6842	23.45	535	23.5	4640	0.35	1.51	23.55	5428	76756	23.55	599	23.6	800	23.65	1930	23.55	23.7	23.2	2313	0	386681	
NNC	48.85	42.55	45.7	45.7	21	45.8	104	45.85	1	1.1	2.41	46.8	10	128	46.75	21	46.8	60	46.9	46	0	46.9	45.8	0	0	685649	
NSC	69	60	64.5	62.6	46	62.8	6	63	80	-0.8	-1.24	63.7	20	101	63.5	20	63.7	226	63.8	32	0	64.5	60	12	0	681266	
NT2	22.55	19.65	21.1	21.3	1100	21.35	328	21.4	591	0.3	1.42	21.4	875	33402	21.45	71	21.5	1687	21.55	101	21.4	21.45	21	5617	0	8959701	
NTL	19.25	16.75	18	18.35	140	18.4	512	18.45	20	0.5	2.78	18.5	1150	136738	18.5	1320	18.55	530	18.6	3784	18.5	18.6	18.2	1717	67	2831215	
NVL	57.4	49.95	53.7	54.7	2040	54.8	2260	54.9	2000	1.3	2.42	55	19222	118962	55	1198	55.1	1896	55.2	2230	55	55	53.4	6618	5281	31412012	
NVT	5.35	4.65	5	4.91	200	4.96	3	5	300	0.18	3.6	5.18	11	649	5.18	94	5.19	10	5.23	50	5.18	5.18	4.9	0	0	7325534	
OGC	3.96	3.46	3.71	3.84	1226	3.85	4	3.86	20	0.16	4.31	3.87	6222	552634	3.87	3670	3.88	501	3.89	3000	3.87	3.95	3.76	716	6155	14612310	
OPC	60	52.2	56.1	54.4	100	54.5	80	55	200	0	0	56.1	4	37	57.4	1	57.7	11	57.8	1	0	56.1	56.1	0	36	1166801	
PAC	24.15	21.05	22.6	22.5	1000	22.6	903	22.65	150	0.1	0.44	22.7	210	6100	22.7	391	22.75	610	22.8	554	22.7	22.8	22.45	0	145	1311065	
PAN	23.5	20.5	22	21.5	154	21.8	367	21.9	200	-0.1	-0.45	21.9	100	5277	22.35	10	22.4	100	22.45	150	21.9	22.35	21.5	0	1000	1037327	
PC1	18.5	16.1	17.3	17.45	9478	17.5	5250	17.55	730	0.3	1.73	17.6	570	51508	17.6	1734	17.65	2610	17.7	3234	17.6	17.6	17.3	1306	126	4620747	
PDN	72.7	63.3	68	63.4	6	63.5	1	66	100	-2	-2.94	66	1	126	67.9	4	68	15	68.3	82	66	68	63.4	0	47	902301	
PDR	29.4	25.6	27.5	27.05	730	27.1	690	27.2	317	-0.3	-1.09	27.2	1910	104023	27.25	200	27.3	200	27.4	770	27.2	27.7	27.2	4438	2194	15027904	
PET	8.88	7.72	8.3	8.35	2250	8.37	450	8.38	11	0.08	0.96	8.38	249	23177	8.4	58	8.41	2	8.42	3	8.38	8.5	8.3	105	49	2799997	
PGC	15.8	13.8	14.8	15.65	121	15.7	1091	15.8	49622	1	6.76	15.8	28	92098	0	0	0	0	0	0	15.8	15.8	15	0	48885	2504010	
PGD	31.55	27.45	29.5	29.15	1	29.2	5	29.3	10	0	0	29.5	23	741	29.5	172	29.9	1	30	333	29.5	30	29.4	100	737	179112	
PGI	17.1	14.9	16	15.2	2	16	117	16.05	3	0.05	0.31	16.05	2	12	16.5	660	16.75	25	16.9	703	16.05	16.9	16	0	0	2514753	
PHC	10.3	9	9.67	10	100	10.05	50	10.2	576	0.53	5.48	10.2	535	5027	10.25	300	10.3	500	0	0	10.2	10.2	9.6	0	0	1258456	
PHR	54.4	47.35	50.9	52.7	2525	52.8	5016	52.9	691	2.1	4.13	53	5477	176331	53	8406	53.1	1027	53.2	182	53	53	51	18338	2540	5304690	
PIT	4.22	3.68	3.95	3.7	2	3.8	9	3.85	7	-0.1	-2.53	3.85	1	382	3.9	22	4	49	0	0	3.85	3.9	3.85	0	0	733742	
PJT	11.65	10.15	10.9	10.6	30	10.7	20	10.9	10	0.1	0.92	11	100	110	11.3	8	11.4	20	11.5	1699	11	11.65	11	100	0	712836	
PLP	9	7.84	8.42	8.23	310	8.25	60	8.26	150	0	0	8.42	143	3965	8.42	150	8.5	15	8.8	5	0	8.42	8.2	0	0	977831	
PLX	49.35	42.95	46.15	46.15	4003	46.2	5896	46.25	573	0.15	0.33	46.3	1675	81719	46.3	24756	46.35	3808	46.4	3924	46.3	46.7	46.15	1249	18600	8668863	
PME	63.1	54.9	59	58.5	1037	58.6	98	58.7	97	0	0	59	347	839	59.3	30	59.4	80	59.5	258	59	59.5	58.5	0	0	2843860	
PMG	13.05	11.35	12.2	12.05	4	12.1	85	12.15	122	-0.05	-0.41	12.15	50	940	12.2	139	12.25	95	12.3	128	12.15	12.25	12.15	0	0	2018910	
PNC	10.45	9.12	9.8	0	0	0	0	0	0	-0.6	-6.12	9.2	4	4	9.85	50	9.9	1	10	100	0	9.2	9.2	0	0	532156	
PNJ	67.5	58.7	63.1	63.6	66	63.7	1856	63.8	2490	0.8	1.27	63.9	1496	70497	63.9	3417	64	11641	64.1	1232	63.9	64.3	63.3	2511	3343	0	
POM	6.99	6.09	6.54	6.71	358	6.75	28	6.88	3	0.36	5.5	6.9	1243	27756	6.9	427	6.98	1957	6.99	2828	6.9	6.99	6.5	0	0	11501847	
POW	10.95	9.54	10.25	10.3	17149	10.35	5432	10.4	31330	0.2	1.95	10.45	20738	589545	10.45	26186	10.5	33560	10.55	21324	10.45	10.5	10.2	148669	46631	87937911	
PPC	25.75	22.45	24.1	24.4	615	24.45	739	24.5	400	0.4	1.66	24.5	1237	12384	24.65	50	24.7	547	24.75	1908	24.5	24.75	24.25	3344	1236	10622302	
PTB	49.75	43.25	46.5	46.5	1367	46.55	5	46.85	1	0.4	0.86	46.9	342	16967	46.9	709	46.95	1079	47	1353	46.9	47	46.4	510	42	1481034	
PTC	9.1	7.92	8.51	8.61	200	8.62	200	8.7	118	0.19	2.23	8.7	2	2803	8.8	89	8.85	200	8.9	12	0	8.71	8.7	0	0	876766	
PTL	3.61	3.15	3.38	0	0	0	0	0	0	-0.23	-6.8	3.15	16	950	3.15	2264	3.16	194	3.17	400	0	3.16	3.15	0	942	4874916	
PVD	11.3	9.86	10.6	10.75	18950	10.8	38147	10.85	7778	0.3	2.83	10.9	11553	378594	10.9	22568	10.95	39190	11	71559	10.9	11	10.8	320	2762	15379522	
PVT	11.6	10.1	10.85	10.8	9872	10.85	8437	10.9	13128	0.1	0.92	10.95	2825	113903	10.95	4794	11	15855	11.05	4589	10.95	11	10.85	3963	14009	6794005	
PXI	2.63	2.29	2.46	0	0	0	0	2.4	40	0.09	3.66	2.55	60	932	2.55	40	2.59	74	2.6	10	2.55	2.59	2.55	0	0	1457811	
PXS	4.54	3.96	4.25	4.15	858	4.16	2000	4.2	840	-0.05	-1.18	4.2	3425	14388	4.3	439	4.36	1102	4.37	100	4.2	4.4	4.2	0	0	2291217	
PXT	1.25	1.09	1.17	1.1	148	1.11	401	1.12	208	-0.02	-1.71	1.15	100	1807	1.15	743	1.17	1221	1.2	13	1.15	1.22	1.09	0	0	960326	
QBS	2.64	2.3	2.47	2.5	240	2.56	15	2.64	35606	0.17	6.88	2.64	980	5033	0	0	0	0	0	0	0	2.64	2.64	0	0	0	
QCG	8.06	7.02	7.54	7.6	1537	7.61	200	7.65	5	0.11	1.46	7.65	300	47642	7.67	174	7.68	285	7.69	300	7.65	7.73	7.5	3831	0	13321092	
RAL	85.6	74.4	80	79.5	31	79.6	110	79.7	10	-0.4	-0.5	79.6	81	209	79.8	1	81.4	10	81.5	10	79.6	81.9	79.3	0	0	545802	
RDP	9.41	8.19	8.8	9.15	20	9.4	5	9.41	275	0.61	6.93	9.41	10	2872	0	0	0	0	0	0	0	9.41	8.8	0	0	1812091	
REE	33.4	29.1	31.25	31.6	50	31.65	1	31.7	3571	0.45	1.44	31.7	2277	45460	31.75	140	31.8	1539	31.85	169	31.7	31.8	31.3	0	0	0	
RIC	4.38	3.82	4.1	3.9	25	3.91	5	4	8	0.05	1.22	4.15	10	71	4.15	11	4.33	6	4.34	8	0	4.33	4.15	0	0	473285	
ROS	3.74	3.26	3.5	3.37	165000	3.38	311200	3.39	301820	-0.1	-2.86	3.4	259430	8221213	3.4	10921	3.41	7041	3.42	10797	3.4	3.64	3.26	68645	87102	26316663	
S4A	29.3	25.5	27.4	26	1	26.5	20	26.55	21	0	0	27.4	1	26	27.4	99	28.2	200	28.6	600	0	27.4	26.55	0	0	2066289	
SAB	188.7	164.1	176.4	177.6	1005	177.7	4215	177.8	949	1.3	0.74	177.7	291	8681	180	404	181	752	181.8	75	177.7	182	175.3	5523	3030	23502232	
SAM	9.94	8.64	9.29	9.25	350	9.26	5	9.28	372	-0.01	-0.11	9.28	1631	6125	9.29	3180	9.3	1272	9.31	100	9.28	9.3	9.1	0	841	12177738	
SAV	10	8.74	9.39	8.8	3	8.99	6	9	100	-0.18	-1.92	9.21	1	1164	9.21	199	9.22	300	9.39	50	0	9.21	9	0	0	0	
SBA	15.4	13.4	14.4	14.15	49	14.2	540	14.3	100	0	0	14.4	2	111	14.4	469	14.7	3	15	90	0	14.4	14	0	0	2961980	
SBT	15.9	13.9	14.9	14.85	3499	14.9	8087	14.95	1030	0.1	0.67	15	4782	228364	15	2165	15.05	3065	15.1	3277	15	15	14.8	36803	5171	55190403	
SBV	12.15	10.65	11.4	0	0	0	0	11	1	0	0	11.4	341	3977	11.4	113	11.5	1734	11.6	100	11.4	11.4	10.65	0	0	850673	
SC5	20.75	18.05	19.4	18.3	64	18.5	13	18.6	13	0.6	3.09	20	1	7	19.9	220	20.1	10	20.3	2	0	20	19.35	0	0	667333	
SCD	22.8	19.9	21.35	21.4	150	21.8	942	21.9	1	0.75	3.51	22.1	5	3749	22.2	10	22.3	83	22.5	15	0	22.3	21.2	0	2894	346623	
SCR	5.18	4.52	4.85	5.03	2251	5.04	3421	5.05	12347	0.2	4.12	5.05	13843	253400	5.06	2715	5.07	50	5.08	16303	5.05	5.1	4.89	2420	0	17421480	
SCS	127.2	110.6	118.9	119.5	35	119.6	137	119.7	10	1.1	0.93	120	451	1994	120	311	120.2	150	120.3	80	120	120.3	119	1114	10	1392247	
SFC	23	20	21.5	0	0	0	0	21.2	5	0.2	0.93	21.7	1	1	21.8	200	22.5	5	0	0	21.7	21.7	21.7	0	0	544500	
SFG	5.97	5.19	5.58	5.86	10	5.9	400	5.97	584	0.39	6.99	5.97	520	13366	0	0	0	0	0	0	5.97	5.97	5.55	0	0	2256084	
SFI	21.15	18.45	19.8	18.65	5	18.7	2	19.2	1	-0.15	-0.76	19.65	5	30	19.65	26	19.8	47	20.8	100	19.65	19.65	19.3	9	0	564166	
SGN	75.4	65.6	70.5	70.2	11	70.5	207	70.6	21	0.1	0.14	70.6	20	769	71	30	71.1	10	71.2	30	70.6	71.5	70.5	121	110	928673	
SGR	16.55	14.45	15.5	0	0	14.5	15	15.1	1	0	0	15.5	10	18	15.5	32	15.9	10	0	0	0	15.5	15.5	0	0	2231257	
SGT	4.44	3.86	4.15	4.22	360	4.23	10	4.44	49	0.29	6.99	4.44	50	3416	0	0	0	0	0	0	0	4.44	4.29	0	27	2599767	
SHA	4.23	3.69	3.96	3.99	1	4	2	4.01	4	0.09	2.27	4.05	1	898	4.05	19	4.08	38	4.09	258	4.05	4.18	3.96	0	0	1456632	
SHI	9.52	8.28	8.9	8.82	58	8.83	6	8.84	3	-0.02	-0.22	8.88	500	55214	8.88	136	8.89	1923	8.9	1500	8.88	8.9	8.8	935	0	4198597	
SHP	25.35	22.05	23.7	23.7	400	24	417	24.5	110	0.8	3.38	24.5	100	301	24.8	2	24.9	5	25	487	0	25	24.5	0	0	4123502	
SII	18.4	16	17.2	0	0	0	0	16	4	0	0	0	0	0	17	672	17.2	120	17.3	10	0	0	0	0	0	2752	
SJD	18.8	16.4	17.6	17.4	542	17.45	50	17.5	411	0	0	17.6	35	2543	17.6	618	17.65	3986	17.75	942	17.6	17.75	17.5	0	0	1566555	
SJF	2.05	1.79	1.92	2.03	451	2.04	3404	2.05	18487	0.13	6.77	2.05	1	278838	0	0	0	0	0	0	2.05	2.05	1.99	0	7000	3858613	
SJS	24.05	20.95	22.5	23.95	30	24	1156	24.05	28053	1.55	6.89	24.05	100	18382	0	0	0	0	0	0	0	24.05	24	0	419	5377668	
SKG	10.95	9.54	10.25	10.15	6290	10.2	1437	10.25	1870	0.05	0.49	10.3	1113	25103	10.3	565	10.35	1277	10.4	5152	10.3	10.35	10.2	120	0	240044	
SMA	13.45	11.75	12.6	13.2	463	13.25	270	13.45	497	0.85	6.75	13.45	3	5750	0	0	0	0	0	0	0	13.45	12.3	0	0	928355	
SMB	33.8	29.4	31.6	30.1	150	31	91	31.1	11	0.4	1.27	32	100	7686	32	514	32.3	30	32.5	112	32	32.4	31	2510	6791	1070363	
SMC	11.75	10.25	11	10.5	1395	10.55	1005	10.6	299	0	0	11	200	202	10.95	30	11	1570	11.05	500	0	11.1	10.6	0	0	969907	
SPM	11.3	9.86	10.6	9.89	1	9.9	1	10	29	0	0	10.6	1	93	10.6	98	10.75	95	10.8	1	0	10.95	10	0	30	642995	
SRC	17.5	15.3	16.4	15.9	5	16	500	16.05	47	-0.05	-0.3	16.35	10	461	16.35	200	16.4	362	16.45	20	16.35	16.4	16.05	0	0	1372379	
SRF	14.3	12.5	13.4	12.8	16	12.85	50	13	9	-0.05	-0.37	13.35	11	338	13.35	298	13.4	160	13.45	10	13.35	13.4	12.85	1	0	71002	
SSC	59.8	52	55.9	0	0	0	0	52.1	2	1.1	1.97	57	1	2	57	9	58	10	58.3	2	57	58.4	57	0	0	718873	
SSI	15.8	13.8	14.8	15.1	47303	15.15	10168	15.2	10894	0.4	2.7	15.2	29908	445546	15.25	9540	15.3	32067	15.35	25168	15.2	15.3	14.85	38381	52385	29889301	
ST8	12.4	10.8	11.6	0	0	0	0	10.8	1000	0.4	3.45	12	16	1909	12.2	588	12.4	55	0	0	0	12	12	0	0	0	
STB	11	9.58	10.3	10.6	112238	10.65	182629	10.7	7615	0.45	4.37	10.75	107339	1802009	10.75	47098	10.8	95449	10.85	16391	10.75	10.75	10.35	59928	17796	27395793	
STG	16.05	13.95	15	14.3	170	14.35	11	14.4	3	0	0	15	6	6	14.85	1	14.9	1	14.95	1	0	15	15	0	0	4806165	
STK	18.4	16	17.2	17.1	1415	17.2	1390	17.25	146	0.05	0.29	17.25	700	12070	17.3	1110	17.35	736	17.4	746	17.25	17.35	17	100223	560	3063913	
SVC	75.9	66.1	71	0	0	66.2	3	66.3	1	-4.7	-6.62	66.3	1	3	66.5	100	67	1	68	50	66.3	71	66.2	0	0	1146299	
SVI	86.1	74.9	80.5	0	0	0	0	0	0	-5.6	-6.96	74.9	10	96	74.9	226	79.9	5	80	1000	74.9	79.9	74.9	0	0	623492	
SVT	12.55	10.95	11.75	11	100	11.75	501	12.55	100	0.8	6.81	12.55	100	110	0	0	0	0	0	0	0	12.55	12.55	0	0	515365	
SZC	22.65	19.75	21.2	22.2	2068	22.25	1249	22.3	5705	1.15	5.42	22.35	3394	146957	22.35	2419	22.4	3212	22.45	302	22.35	22.5	21.7	1904	500	4875981	
SZL	43.85	38.15	41	41.75	5	41.8	407	41.9	219	1	2.44	42	1871	11813	42	951	42.1	10	42.2	15	42	42	41	56	18	817220	
TAC	39.8	34.6	37.2	36.9	9	36.95	12	37	33	-0.2	-0.54	37	167	3274	37.5	1	37.8	56	37.9	113	37	37.5	36.2	0	29	1617434	
TBC	24.9	21.7	23.3	22.35	5	23.4	65	23.5	26	0.7	3	24	150	156	24	8	24.5	20	0	0	0	24	23.9	0	0	3079105	
TCB	22.1	19.3	20.7	21.1	8337	21.15	3934	21.2	20936	0.6	2.9	21.3	33881	234110	21.3	140	21.35	10576	21.4	12543	21.3	21.3	20.8	34691	34691	0	
TCD	9.68	8.42	9.05	8.45	58	8.46	6	8.55	3	-0.05	-0.55	9	10	315	8.67	8	8.71	2	9	97	9	9.25	8.43	0	0	1444541	
TCH	22.65	19.75	21.2	21.25	2240	21.3	1204	21.35	167	0.15	0.71	21.35	6479	131433	21.4	520	21.45	785	21.5	795	21.35	21.65	21.2	6107	442	16204251	
TCL	26.75	23.25	25	25.35	20	25.4	682	25.5	283	1	4	26	1895	13173	26	2027	26.45	2	26.5	77	26	26	24.6	255	0	1059416	
TCM	18.8	16.4	17.6	17.7	671	17.75	10610	17.8	290	0.4	2.27	18	10460	69224	18	2667	18.05	165	18.1	1604	18	18	17.5	4855	0	26504	
TCO	10.8	9.4	10.1	0	0	0	0	9.4	4	-0.1	-0.99	10	3	5	10	73	10.75	1	0	0	0	10.1	10	0	0	873491	
TCR	2.67	2.33	2.5	0	0	0	0	2.33	16	0.12	4.8	2.62	32	403	2.62	8	2.67	98	0	0	0	2.67	2.6	0	0	0	
TCT	33.8	29.4	31.6	31.7	74	31.8	12	31.9	5	0.4	1.27	32	5	361	32	64	32.2	1	32.25	500	0	32	31.6	40	300	372136	
TDC	8.62	7.5	8.06	8.03	965	8.04	70	8.06	273	0	0	8.06	350	14163	8.07	16	8.08	15	8.09	500	8.06	8.1	8.01	0	0	4668697	
TDG	1.93	1.69	1.81	1.8	2341	1.81	2532	1.82	300	0.02	1.1	1.83	405	86825	1.83	96	1.84	300	1.85	500	1.83	1.89	1.78	10000	0	781710	
TDH	9.39	8.17	8.78	9.09	1	9.1	630	9.12	100	0.35	3.99	9.13	2590	201971	9.13	223	9.14	1315	9.15	1801	9.13	9.24	8.8	4538	307	1722967	
TDM	23	20	21.5	21.6	756	21.65	132	21.7	246	0.25	1.16	21.75	255	8901	21.75	20	21.8	690	21.85	10	21.75	21.9	21.5	830	0	3691248	
TDW	28.85	25.15	27	25.2	2	26.9	2	26.95	2	0	0	0	0	0	27.4	24	27.5	10	28.85	1	0	0	0	0	0	394394	
TEG	6.58	5.72	6.15	0	0	0	0	0	0	-0.43	-6.99	5.72	10	12561	5.72	4398	5.73	130	5.76	47	5.72	6	5.72	0	0	1573485	
TGG	1	0.88	0.94	0.97	84	0.99	16	1	123474	0.06	6.38	1	957	14003	0	0	0	0	0	0	1	1	1	0	0	1251484	
THG	51.4	44.75	48.1	48.6	209	49	2	49.6	2	1.85	3.85	49.95	64	756	49.95	28	50	180	51.3	1	49.95	51.4	48.55	0	0	640235	
THI	29.5	25.7	27.6	26.1	100	26.2	200	27.5	379	-0.1	-0.36	27.5	1	1	29.5	30	0	0	0	0	27.5	27.5	27.5	0	0	2388065	
TIP	22.55	19.65	21.1	22.35	210	22.5	1388	22.55	1865	1.45	6.87	22.55	1538	42495	0	0	0	0	0	0	22.55	22.55	21.5	1150	0	1016296	
TIX	31.55	27.45	29.5	0	0	27.5	2	29.5	57	1.9	6.44	31.4	1	1	31.4	21	31.5	4	31.55	5	0	31.4	31.4	0	0	1467467	
TLD	6.42	5.58	6	5.95	910	5.98	11	6	774	0	0	6	50	12730	6.05	500	6.1	359	6.15	1890	6	6.1	6	0	0	891197	
TLG	33.85	29.45	31.65	31.35	229	31.4	1244	31.45	497	-0.2	-0.63	31.45	390	14212	31.5	1017	31.55	14	31.6	41	31.45	32.2	31.4	727	4485	5915573	
TLH	3.56	3.1	3.33	3.47	1013	3.48	1473	3.5	1998	0.17	5.11	3.5	11000	88785	3.51	1600	3.52	265	3.54	500	3.5	3.56	3.31	0	0	4905766	
TMP	39.9	34.7	37.3	0	0	35	528	35.1	374	-2.2	-5.9	35.1	52	88	36	100	36.5	37	37	10	35.1	36.5	35.05	0	0	3406667	
TMS	27.25	23.75	25.5	25.3	21	25.5	2	25.6	187	0.25	0.98	25.75	170	712	25.75	110	25.8	83	25.9	1	0	25.8	25.6	0	170	0	
TMT	5.72	4.98	5.35	5.05	76	5.3	4	5.4	11	0.35	6.54	5.7	48	105	5.72	7	0	0	0	0	0	5.7	5.4	0	0	1734103	
TN1	68.6	59.8	64.2	64.2	314	64.3	22	64.7	16	0.6	0.93	64.8	50	304	64.8	91	65	28	65.1	40	0	64.8	64.2	0	0	649241	
TNA	19.9	17.3	18.6	18.8	3691	18.9	3840	18.95	3121	0.4	2.15	19	5493	69497	19	146	19.05	256	19.1	3760	19	19.1	18.4	0	2031	1478738	
TNC	21.5	18.7	20.1	19.05	500	19.1	200	19.15	1	-0.95	-4.73	19.15	19	296	20.5	65	20.55	194	20.6	49	19.15	20.6	18.7	1	0	898643	
TNI	13.05	11.35	12.2	0	0	0	0	0	0	-0.85	-6.97	11.35	42	181905	11.65	7	12	2000	12.05	155	11.35	12.75	11.35	3506	328	2514683	
TNT	1.73	1.51	1.62	1.7	130	1.72	164	1.73	61	0.11	6.79	1.73	89	44877	0	0	0	0	0	0	1.73	1.73	1.71	3000	0	1234141	
TPB	22.05	19.25	20.65	21.2	98	21.25	11	21.3	5441	0.65	3.15	21.3	2690	15044	21.4	1905	21.45	767	21.5	3965	21.3	21.4	20.8	0	0	0	
TPC	8.95	7.79	8.37	7.95	50	8	10	8.1	10	-0.17	-2.03	8.2	10	74	8.3	106	8.45	73	8.7	5	0	8.49	8.2	0	0	1156357	
TRA	62.9	54.7	58.8	58	269	58.1	99	58.3	8	-0.3	-0.51	58.5	50	670	58.5	39	58.7	20	58.8	64	0	59	58.5	0	0	207986	
TRC	29.95	26.05	28	28.1	100	28.2	200	28.3	16	0.3	1.07	28.3	49	815	28.8	100	28.9	110	28.95	45	28.3	28.9	28	0	24	1220724	
TS4	3.28	2.86	3.07	3.03	110	3.04	808	3.05	330	0.13	4.23	3.2	500	3758	3.2	650	3.21	50	3.23	130	0	3.24	3.01	0	0	762159	
TSC	2.7	2.36	2.53	2.68	2869	2.69	827	2.7	20301	0.17	6.72	2.7	12	285643	0	0	0	0	0	0	2.7	2.7	2.6	0	0	7176660	
TTB	5.49	4.79	5.14	5.47	3347	5.48	321	5.49	62270	0.35	6.81	5.49	1702	115654	0	0	0	0	0	0	5.49	5.49	5.15	0	200	2285792	
TTE	14.85	12.95	13.9	0	0	0	0	0	0	0	0	0	0	0	13.85	1	13.9	5	14.8	2	0	0	0	0	0	1452958	
TTF	3.11	2.71	2.91	3.08	1142	3.1	5664	3.11	147050	0.2	6.87	3.11	1200	187753	0	0	0	0	0	0	3.11	3.11	3.05	0	0	15187519	
TV2	84.5	73.5	79	79.1	200	79.2	200	79.4	47	1	1.27	80	100	3773	80	74	80.3	120	80.4	30	80	80.8	79	22	47	15343	
TVB	12.1	10.6	11.35	0	0	0	0	0	0	-0.75	-6.61	10.6	1761	236273	10.6	20737	10.65	614	10.7	1850	10.6	10.8	10.6	9545	587	2334971	
TVS	11.65	10.15	10.9	10.7	524	10.75	102	10.8	1100	0.05	0.46	10.95	1050	1356	10.95	149	11	2008	11.1	50	10.95	10.95	10.7	0	0	2175153	
TVT	21.9	19.1	20.5	19.7	55	19.75	57	19.8	416	-0.7	-3.41	19.8	1	91	20.3	60	20.9	10	21.1	338	0	19.8	19.4	0	0	1026441	
TYA	13.65	11.95	12.8	12.6	5160	12.7	235	12.75	575	0	0	12.8	1	1054	12.8	19	12.9	881	12.95	656	12.8	12.9	12.7	0	0	401864	
UDC	3.09	2.69	2.89	2.86	230	2.87	2600	2.89	23	0.01	0.35	2.9	1028	7045	2.9	72	2.92	500	2.95	537	2.9	2.95	2.8	0	0	1713749	
UIC	40.2	35	37.6	37.15	6	37.2	117	37.25	1062	0.1	0.27	37.7	153	2550	37.7	39	37.8	131	37.85	10	37.7	38.3	37.2	1176	0	230083	
VAF	7.3	6.36	6.83	0	0	0	0	7.3	949	0.47	6.88	7.3	1	1	0	0	0	0	0	0	0	7.3	7.3	0	0	1845588	
VCB	91.1	79.3	85.2	86.3	3342	86.4	2164	86.5	89	1.3	1.53	86.5	17458	72531	86.6	70	86.7	49	86.8	165	86.5	86.7	85.5	52062	55730	23112273	
VCF	232.1	201.9	217	214	1	217	11	217.5	3	3	1.38	220	2	9	220	3	221.9	16	222	20	0	220	217	0	6	1287817	
VCI	24.35	21.25	22.8	23.35	250	23.4	2286	23.5	150	0.75	3.29	23.55	3253	27262	23.55	105	23.6	888	23.65	2325	23.55	23.6	22.9	1636	0	11610863	
VDP	41.55	36.15	38.85	0	0	0	0	0	0	0	0	0	0	0	36.4	195	36.6	100	36.7	50	0	0	0	0	0	622113	
VDS	6.42	5.58	6	5.82	11	5.85	50	6	22	0.19	3.17	6.19	6	268	6.18	176	6.19	5	6.3	8	6.19	6.19	6	0	0	4865369	
VFG	41.7	36.3	39	37.5	100	38	6	38.2	99	-0.75	-1.92	38.25	1	26	39.3	4	39.5	257	39.6	26	38.25	39.2	38.2	0	23	1484363	
VGC	20.1	17.5	18.8	18.7	5136	18.75	646	18.8	235	0	0	18.8	945	16784	18.9	1000	18.95	1173	19	5147	18.8	19.05	18.75	1617	994	17543714	
VHC	35.95	31.25	33.6	33.8	1425	33.85	802	33.9	9	0.35	1.04	33.95	1435	51559	33.95	2876	34	6780	34.1	38	33.95	34.2	33.6	1333	3100	12393289	
VHM	81.9	71.3	76.6	78.8	4573	78.9	263	79	148	2.5	3.26	79.1	16763	325407	79.1	468	79.2	5082	79.3	5839	79.1	79.5	77.3	100823	69334	117840459	
VIC	103.7	90.3	97	96.9	587	97	221	97.2	103	0.2	0.21	97.2	11025	48149	97.3	1426	97.4	835	97.5	926	97.2	97.2	96.5	21317	35370	76742775	
VID	5.48	4.78	5.13	5.42	250	5.46	500	5.48	2783	0.35	6.82	5.48	50	5280	0	0	0	0	0	0	0	5.48	5.48	0	0	1354422	
VIP	5.4	4.7	5.05	5.07	256	5.08	70	5.1	50	0.06	1.19	5.11	506	6897	5.13	24	5.14	712	5.15	1021	5.11	5.14	5.06	2080	1053	2931951	
VIS	21.9	19.1	20.5	0	0	0	0	0	0	-1.4	-6.83	19.1	2	9	19.2	61	20.5	1	21	180	0	19.2	19.1	0	0	1910919	
VJC	120.9	105.1	113	113.1	241	113.2	347	113.3	18	0.3	0.27	113.3	2734	40651	113.5	500	113.6	245	113.7	230	113.3	114	112.9	1980	4619	6240863	
VMD	21.9	19.1	20.5	20.3	25	20.45	5	20.5	4	0	0	20.5	1	2	21.4	10	21.5	3	21.9	2	0	20.5	20.5	0	0	729243	
VND	13.6	11.9	12.75	12.85	1784	12.9	2851	12.95	1970	0.25	1.96	13	4052	56387	13	6961	13.05	1063	13.1	1230	13	13	12.8	5091	4000	2884868	
VNE	5.24	4.56	4.9	4.87	1365	4.88	395	4.89	105	0	0	4.9	103	15086	4.9	49	4.97	50	4.98	61	4.9	4.98	4.85	1	20	3929296	
VNG	14.4	12.6	13.5	13.6	688	13.65	710	13.7	500	0.25	1.85	13.75	3145	19757	13.75	1160	13.8	750	13.85	739	13.75	13.75	13.35	0	250	4755827	
VNL	15.6	13.6	14.6	0	0	13.6	300	13.7	3	0	0	0	0	0	15.5	15	15.6	2	0	0	0	0	0	0	0	357640	
VNM	123	107	115	115.9	170	116	1120	116.1	1273	1.1	0.96	116.1	7131	104702	116.3	1	116.7	11	116.8	1510	116.1	117	115.1	77464	45975	71686661	
VNS	10.8	9.4	10.1	10.05	850	10.1	670	10.15	220	0.1	0.99	10.2	613	3588	10.2	387	10.25	10	10.4	73	10.2	10.4	9.94	0	0	1947013	
VOS	1.54	1.34	1.44	1.46	1954	1.47	500	1.48	450	0.04	2.78	1.48	300	87563	1.5	1287	1.51	3018	1.52	5565	1.48	1.51	1.4	3400	3126	6606356	
VPB	24.95	21.75	23.35	24.4	1032	24.5	841	24.55	8742	1.2	5.14	24.55	99357	894876	24.6	9108	24.65	4157	24.7	3346	24.55	24.55	23.4	57287	66101	0	
VPD	15.9	13.9	14.9	14	100	14.1	556	14.2	200	0	0	14.9	700	2490	14.9	900	15	126	15.1	129	0	15	14.05	0	0	5218547	
VPG	21.05	18.35	19.7	18.85	1	18.9	1	19	5	-0.65	-3.3	19.05	3	1739	19.05	77	19.1	55	19.2	50	19.05	19.4	18.4	0	0	1294614	
VPH	4.47	3.89	4.18	4.39	500	4.4	100	4.43	106	0.25	5.98	4.43	99	14632	4.46	522	4.47	3395	0	0	4.43	4.46	4.31	0	0	3417796	
VPI	45.5	39.6	42.55	42.45	230	42.5	270	42.55	242	0.05	0.12	42.6	349	72226	42.6	2115	42.95	239	43	616	0	42.95	42.45	6132	0	7193400	
VPS	10.4	9.05	9.73	9.82	10	9.9	2	10	199	0.27	2.77	10	1	240	10.4	160	0	0	0	0	10	10.4	10	0	0	1181843	
VRC	6.8	5.92	6.36	6.65	1559	6.66	109	6.67	705	0.32	5.03	6.68	2139	45978	6.68	3089	6.69	1000	6.7	2010	6.68	6.75	6.47	0	0	2390057	
VRE	29.4	25.6	27.5	27.65	1404	27.7	1469	27.75	1664	0.3	1.09	27.8	19446	399255	27.8	12241	27.85	2808	27.9	7075	27.8	28.05	27.65	57881	175053	42214486	
VSC	30.45	26.55	28.5	28.3	285	28.35	262	28.45	43	0.1	0.35	28.6	510	9584	28.6	505	28.65	988	28.7	151	28.6	29	28.1	0	105	859816	
VSH	18.9	16.5	17.7	17.55	500	17.6	1123	17.65	139	-0.1	-0.56	17.6	726	5620	17.95	15	18	600	18.1	400	17.6	17.95	17.5	3177	4126	7529002	
VSI	25.5	22.2	23.85	22.5	1	23.5	10	23.8	51	0.35	1.47	24.2	1	475	24.2	212	24.3	707	24.5	100	24.2	25	23.9	0	0	639871	
VTB	11.35	9.91	10.65	10.3	50	10.5	30	10.6	112	-0.05	-0.47	10.6	50	326	10.7	200	10.8	81	11	908	0	11	10.6	1	180	496633	
VTO	8.23	7.17	7.7	7.66	100	7.68	101	7.7	1207	0	0	7.7	60	1796	7.75	64	7.78	150	7.8	175	7.7	7.76	7.7	0	50	3717787	
YBM	5.01	4.37	4.69	4.99	1	5	1	5.01	4087	0.32	6.82	5.01	5	1207	0	0	0	0	0	0	0	5.01	5.01	0	0	688731	
YEG	62.2	54.2	58.2	58	1014	58.2	355	58.3	3	0.3	0.52	58.5	102	2313	58.5	29	58.6	227	58.7	3	58.5	59.5	58	93	13	2166909	
