HNX
105.74
-1.21	-1.13
76403501	854.44	
AAV	5.5	4.5	5	4.8	2320	4.9	2680	5	500	0.1	2	5.1	20	35300	5.1	2620	5.2	5600	5.3	2550	5.2	4.9	5.05	0	0	0	
ACB	24.4	20	22.2	22.1	34930	22.2	32070	22.3	23250	0.2	0.9	22.4	20	462040	22.4	6110	22.5	11170	22.6	11140	22.7	21.9	22.42	0	0	0	
ACM	0.6	0.4	0.5	0	0	0.4	97170	0.5	114200	0.1	20	0.6	2570	30340	0.6	195600	0	0	0	0	0.6	0.5	0.56	0	0	2471768	
ADC	14.6	12	13.3	13	180	13.1	130	13.2	30	-0.1	-0.75	13.2	20	320	14	60	14.1	30	14.2	170	13.3	12.3	13.13	0	0	104499	
ALT	12.8	10.6	11.7	0	0	10.6	50	11.8	10	0.2	1.71	11.9	560	560	12.8	100	0	0	0	0	11.9	11.9	11.9	0	0	282665	
AMC	21.2	17.4	19.3	0	0	18	10	18.1	10	0	0	0	0	0	19.5	500	0	0	0	0	0	0	19.3	0	0	128530	
AME	7.8	6.4	7.1	6.5	10	6.6	100	6.8	10	0	0	0	0	0	7.2	10	7.3	20	7.6	10	0	0	7.1	0	0	1092620	
AMV	18.2	15	16.6	16.3	1280	16.4	11670	16.5	3800	0	0	16.6	200	26630	16.6	2970	16.7	6080	16.8	1760	16.7	16.4	16.6	400	0	1769428	
API	9.9	8.1	9	9	10	9.1	10	9.3	10	0.9	10	9.9	10	10	0	0	0	0	0	0	9.9	9.9	9.9	0	0	177107	
APP	5.6	4.6	5.1	0	0	0	0	4.6	110	-0.5	-9.8	4.6	50	70	5.1	220	5.5	220	0	0	4.6	4.6	4.6	0	0	226401	
APS	2.4	2	2.2	0	0	2	640	2.1	440	0.1	4.55	2.3	10	30	2.3	1070	2.4	2150	0	0	2.3	2.1	2.17	0	0	2750605	
ARM	32.5	26.7	29.6	26.8	20	29.6	300	29.7	100	0	0	0	0	0	0	0	0	0	0	0	0	0	29.6	0	0	126933	
ART	3	2.6	2.8	0	0	2.6	110770	2.7	80940	0	0	2.8	200	130040	2.8	920	2.9	34910	3	189500	3	2.7	2.86	0	0	4199168	
ATS	29.3	24.1	26.7	0	0	0	0	0	0	0	0	0	0	0	0	0	0	0	0	0	0	0	26.7	0	0	171480	
BAX	43.1	35.3	39.2	38.5	130	38.6	50	38.7	80	-0.5	-1.28	38.7	20	30	39.4	40	39.5	40	39.6	20	39.2	38.7	38.87	0	0	387920	
BBS	12.6	10.4	11.5	0	0	0	0	0	0	0	0	0	0	0	12	10	0	0	0	0	0	0	11.5	0	0	291494	
BCC	8	6.6	7.3	7.1	8810	7.2	6040	7.3	2260	0.1	1.37	7.4	40	10590	7.4	7570	7.5	4110	7.6	3500	7.4	7.3	7.32	0	0	4905886	
BCF	59.4	48.6	54	0	0	0	0	0	0	0	0	0	0	0	54	230	59	10	0	0	0	0	54	0	0	0	
BDB	11.8	9.8	10.8	0	0	0	0	0	0	0	0	0	0	0	11	100	0	0	0	0	0	0	10.8	0	0	55197	
BED	36.3	29.7	33	0	0	0	0	0	0	0	0	0	0	0	33	10	34	10	0	0	0	0	33	0	0	147000	
BII	0.8	0.6	0.7	0	0	0	0	0.6	121960	0	0	0.7	60	9880	0.7	80	0.8	42370	0	0	0.8	0.6	0.7	0	0	2470175	
BKC	6.4	5.4	5.9	0	0	5.4	120	5.5	30	0	0	0	0	0	0	0	0	0	0	0	0	0	5.9	0	0	573668	
BLF	2.8	2.4	2.6	0	0	0	0	0	0	0	0	0	0	0	0	0	0	0	0	0	0	0	2.6	0	0	536148	
BPC	13	10.8	11.9	0	0	0	0	0	0	0	0	0	0	0	12	10	12.2	10	13	120	0	0	11.9	0	0	178873	
BSC	16.7	13.7	15.2	0	0	0	0	0	0	0	0	0	0	0	15.1	60	0	0	0	0	0	0	15.2	0	0	139186	
BST	15.9	13.1	14.5	0	0	13.1	10	14.2	500	0	0	14.5	30	30	15	50	15.1	30	15.2	110	14.5	14.5	14.5	0	0	53740	
BTS	4.5	3.7	4.1	3.7	60	3.8	10	3.9	10	0	0	0	0	0	4.1	1000	4.2	10	4.3	20	0	0	4.1	0	0	5863673	
BTW	53.9	44.1	49	0	0	0	0	0	0	0	0	0	0	0	45.5	20	48	30	49	210	0	0	49	0	0	265131	
BVS	9.9	8.1	9	8.6	4210	8.7	5160	8.8	1400	-0.1	-1.11	8.9	290	16800	8.9	1270	9	4310	9.1	1590	9	8.8	8.88	1000	8800	1654847	
BXH	15.9	13.1	14.5	0	0	0	0	0	0	0	0	0	0	0	0	0	0	0	0	0	0	0	14.5	0	0	147589	
C69	6.6	5.4	6	5.8	430	5.9	1130	6	4080	0.1	1.67	6.1	140	16610	6.1	1270	6.2	1430	6.3	2230	6.2	6	6.06	0	0	734960	
C92	10.1	8.3	9.2	0	0	0	0	0	0	0	0	0	0	0	8.3	500	10	50	10.1	90	0	0	9.2	0	0	258285	
CAG	94.4	77.4	85.9	0	0	0	0	0	0	0	0	0	0	0	0	10	77.4	50	85.9	30	0	0	85.9	0	0	676200	
CAN	26.6	21.8	24.2	0	0	22	30	22.2	50	2	8.26	26.2	10	10	26.1	10	26.3	40	26.4	40	26.2	26.2	26.2	0	0	123068	
CAP	37.1	30.5	33.8	33.2	10	33.5	20	33.6	10	-0.2	-0.59	33.6	90	540	33.7	60	33.8	570	33.9	440	33.9	33.4	33.7	0	0	247998	
CDN	20.2	16.6	18.4	18.1	30	18.2	80	18.3	170	0	0	18.4	50	430	18.5	150	18.9	10	19	300	18.5	18	18.32	10	0	2738705	
CEO	8.2	6.8	7.5	7.4	8500	7.5	12880	7.6	800	0.2	2.67	7.7	7780	271980	7.7	28050	7.8	32000	7.9	17370	7.7	7.5	7.59	0	1000	8574242	
CET	2	1.8	1.9	0	0	0	0	0	0	-0.1	-5.26	1.8	50	8420	1.8	2820	1.9	830	2	4940	1.9	1.8	1.8	0	160	295750	
CIA	12.8	10.6	11.7	11.6	510	11.7	290	11.8	10	0.1	0.85	11.8	30	970	11.9	50	12	710	12.3	10	11.8	11.6	11.77	0	0	565434	
CJC	18.8	15.4	17.1	0	0	0	0	0	0	0	0	0	0	0	17.1	250	17.5	310	0	0	0	0	17.1	0	0	194710	
CKV	15.4	12.6	14	12.7	40	13.6	100	13.8	20	0	0	0	0	0	14	210	15.4	60	0	0	0	0	14	0	0	145057	
CLH	18.4	15.2	16.8	15.8	30	15.9	10	16.2	90	1.4	8.33	18.2	50	50	18.2	70	18.3	280	18.4	20	18.2	18.2	18.2	0	0	488530	
CLM	17.6	14.4	16	0	0	14.6	50	14.7	20	0	0	0	0	0	17.2	100	0	0	0	0	0	0	16	0	0	0	
CMC	6.8	5.6	6.2	0	0	0	0	6.2	200	0.6	9.68	6.8	10	560	6.8	30	0	0	0	0	6.8	6.8	6.8	500	480	216940	
CMS	2.7	2.3	2.5	0	0	2.3	510	2.4	1770	0	0	2.5	270	2770	2.5	270	2.6	950	2.7	310	2.5	2.4	2.43	0	0	816716	
CPC	17.1	14.1	15.6	0	0	0	0	14.6	50	0	0	0	0	0	15.6	30	15.7	30	16	20	0	0	15.6	0	0	127977	
CSC	25.1	20.7	22.9	21.3	790	21.4	10	21.5	120	-0.6	-2.62	22.3	10	560	22.5	30	22.9	100	23.2	40	22.8	21.1	21.69	0	0	941989	
CTB	34.6	28.4	31.5	0	0	29	20	29.5	200	0	0	0	0	0	34	100	34.6	310	0	0	0	0	31.5	0	0	586225	
CTC	3.3	2.7	3	0	0	0	0	0	0	0	0	0	0	0	0	0	0	0	0	0	0	0	3	0	0	430569	
CTP	3.1	2.7	2.9	0	0	2.7	620	2.8	100	0.1	3.45	3	10	80	3	1150	3.1	200	0	0	3	2.9	2.91	0	0	583701	
CTT	10.5	8.7	9.6	0	0	0	0	0	0	0	0	0	0	0	0	0	0	0	0	0	0	0	9.6	0	0	228970	
CTX	11	9	10	0	0	9	310	9.1	20	-0.6	-6	9.4	10	90	9.5	10	9.6	140	9.7	120	9.6	9.3	9.47	0	0	3865356	
CVN	8.6	7.2	7.9	8.5	380	8.6	3020	0	20	0.7	8.86	8.6	20	7470	0	0	0	0	0	0	8.6	8	8.19	0	0	404110	
CX8	9.4	7.8	8.6	0	0	0	0	0	0	0	0	0	0	0	0	0	0	0	0	0	0	0	8.6	0	0	102786	
D11	20.9	17.1	19	17.5	100	17.6	200	18	20	-1	-5.26	18	10	10	18.1	20	18.5	100	18.8	100	18	18	18	0	0	320442	
DAD	17.4	14.4	15.9	0	0	14.5	20	14.6	10	-1.4	-8.81	14.5	10	10	15.8	10	15.9	510	16.1	10	14.5	14.5	14.5	0	10	94040	
DAE	15.8	13	14.4	13.4	20	13.6	20	13.8	20	-0.4	-2.78	14	50	50	14.3	50	14.4	20	14.5	50	14	14	14	0	50	61012	
DBT	11.8	9.8	10.8	0	0	10.3	20	10.4	100	0	0	0	0	0	10.8	20	11	20	0	0	0	0	10.8	0	0	0	
DC2	6.8	5.6	6.2	0	0	6	1500	6.2	790	0	0	6.2	300	310	6.4	10	6.6	1500	0	0	6.2	6.2	6.2	0	0	123460	
DC4	14.8	12.2	13.5	0	0	0	0	0	0	0.4	2.96	13.9	10	40	13.9	80	14	320	14.4	20	14	12.3	13.43	0	0	1468583	
DDG	29.2	24	26.6	26.3	440	26.4	430	26.5	120	0	0	26.6	10	9370	26.6	40	26.7	150	26.8	220	26.9	26.1	26.49	0	0	1199990	
DGC	35.5	29.1	32.3	32.1	310	32.2	360	32.3	190	0	0	32.3	160	18540	32.5	140	32.6	900	32.7	330	32.5	31.9	32.2	0	0	6227290	
DHP	11.8	9.8	10.8	0	0	0	0	9.8	10	-1	-9.26	9.8	10	10	10.9	10	11	180	11.8	390	9.8	9.8	9.8	0	0	414407	
DHT	50.6	41.4	46	45.1	100	45.2	500	45.3	230	-0.2	-0.43	45.8	10	1780	45.8	400	45.9	150	46	330	46	45.3	45.52	50	0	969325	
DID	5.5	4.5	5	0	0	0	0	0	0	0	0	0	0	0	4.5	2650	5.5	200	0	0	0	0	5	0	0	389730	
DIH	15.1	12.5	13.8	0	0	12.5	20	12.7	1000	1.3	9.42	15.1	10	10	15.1	90	0	0	0	0	15.1	15.1	15.1	0	0	293414	
DL1	12.4	10.2	11.3	0	0	0	0	0	0	0	0	0	0	0	11.3	30	12	90	12.3	10	0	0	11.3	0	0	4853751	
DNC	64.9	53.1	59	0	0	0	0	0	0	0	0	0	0	0	64	20	64.9	20	0	0	0	0	59	0	0	200562	
DNM	39	32	35.5	34.5	90	34.6	10	35	220	0.5	1.41	36	10	2100	36	40	36.5	210	36.9	100	37	34	35.23	0	2	196634	
DNP	19.1	15.7	17.4	16.1	230	16.2	260	16.3	10	-0.4	-2.3	17	10	2060	17	2140	17.4	320	17.5	1000	17.4	16.5	16.53	20	0	3019808	
DNY	1.9	1.7	1.8	0	0	1.8	300	1.9	20	0.1	5.56	1.9	500	610	0	0	0	0	0	0	1.9	1.8	1.9	0	0	1294172	
DP3	82.5	67.5	75	81	120	82	100	82.4	90	7.4	9.87	82.4	10	6330	82.5	240	0	0	0	0	82.5	75.2	81.99	310	0	417204	
DPC	11.5	9.5	10.5	9.8	50	10.2	30	10.3	10	-0.3	-2.86	10.2	100	100	10.6	30	10.8	100	10.9	100	10.2	10.2	10.2	0	0	106768	
DPS	0.4	0.2	0.3	0	0	0	0	0	0	0	0	0	0	0	0	0	0	0	0	0	0	0	0.3	0	0	1511101	
DS3	3.4	2.8	3.1	3	1200	3.1	3640	3.2	10	0.2	6.45	3.3	10	3120	3.3	690	3.4	3570	0	0	3.3	3.2	3.23	30	0	516816	
DST	3	2.6	2.8	2.9	9830	3	121220	0	59250	0.2	7.14	3	10	13000	0	0	0	0	0	0	3	2.6	2.97	0	0	155	
DTD	13.5	11.1	12.3	12	2300	12.1	670	12.2	1240	-0.1	-0.81	12.2	40	4730	12.3	290	12.4	1450	12.5	2010	12.4	12.2	12.31	0	0	1202579	
DXP	11.5	9.5	10.5	9.7	140	9.8	30	10	290	-0.1	-0.95	10.4	10	220	10.4	10	10.5	90	10.8	530	11	10.4	10.44	20	0	277977	
DZM	2.3	1.9	2.1	2.2	5500	2.3	3300	0	520	0.2	9.52	2.3	720	51270	0	0	0	0	0	0	2.3	2.2	2.27	0	0	209329	
EBA	9.9	8.1	9	8.1	10	9	30	9.9	70	0	0	0	0	0	0	0	0	0	0	0	0	0	9	0	0	1550000	
EBS	7.7	6.3	7	6.3	60	6.5	80	6.8	10	0	0	7	80	90	7.1	80	7.2	120	7.7	130	7	7	7	0	0	415310	
ECI	17.6	14.4	16	0	0	0	0	0	0	0	0	0	0	0	0	0	0	0	0	0	0	0	16	0	0	81210	
EID	11.6	9.6	10.6	10.3	20	10.4	220	10.5	300	0	0	10.6	10	350	10.7	700	10.8	500	10.9	10	10.6	10.6	10.6	100	0	391645	
EVS	9.5	7.9	8.7	0	0	0	0	0	0	-0.4	-4.6	8.3	10	30	8.1	50	8.2	50	8.3	450	8.3	8.2	8.23	0	0	6000040	
FDT	42.6	35	38.8	0	0	0	0	0	0	0	0	0	0	0	0	0	0	0	0	0	0	0	38.8	0	0	149670	
FID	1.1	0.9	1	0	0	0	0	0.9	520	0	0	1	10	10	1	1410	1.1	1830	0	0	1	1	1	0	0	1153266	
GDW	43.2	35.4	39.3	0	0	0	0	0	0	0	0	0	0	0	0	10	35.4	960	39.3	10	0	0	39.3	0	0	415360	
GKM	19.4	16	17.7	16.9	10	17	180	17.2	390	-0.1	-0.56	17.6	10	15110	17.6	290	17.7	840	17.8	960	17.6	17.2	17.48	0	0	729301	
GLT	27.5	22.5	25	0	0	22.5	10	22.6	10	1.9	7.6	26.9	10	10	25	130	26	400	26.8	50	26.9	26.9	26.9	10	0	247282	
GMX	26.6	21.8	24.2	0	0	0	0	22	10	0	0	0	0	0	24.2	200	24.5	350	0	0	0	0	24.2	0	0	250304	
HAD	15.9	13.1	14.5	14.1	60	14.3	10	14.4	30	0.1	0.69	14.6	10	500	14.6	60	14.7	80	14.8	200	14.7	14.4	14.45	0	0	156559	
HAT	21.4	17.6	19.5	19.1	90	19.2	160	19.3	60	-0.2	-1.03	19.3	10	590	19.7	150	19.8	60	19.9	30	19.8	19.2	19.39	0	280	128412	
HBE	8.6	7.2	7.9	0	0	0	0	0	0	0	0	0	0	0	7.9	140	0	0	0	0	0	0	7.9	0	0	62866	
HBS	2.2	1.8	2	0	0	0	0	1.8	2650	-0.1	-5	1.9	60	200	1.9	90	2	1190	2.1	200	1.9	1.9	1.9	0	0	1594625	
HCC	11.6	9.6	10.6	9.6	10	9.7	10	10.4	70	0	0	10.6	10	30	10.6	50	10.7	110	10.8	200	10.6	10.6	10.6	0	0	221080	
HCT	11.9	9.9	10.9	0	0	0	0	0	0	0	0	10.9	10	280	10.9	30	11.8	70	11.9	150	10.9	9.9	9.94	0	270	42362	
HDA	9	7.4	8.2	7.9	1240	8	1940	8.1	510	-0.1	-1.22	8.1	90	29800	8.2	200	8.3	960	8.4	670	8.2	8.1	8.12	0	0	498057	
HEV	18.7	15.3	17	0	0	0	0	0	0	-1.7	-10	15.3	10	30	15.3	160	16.5	360	18.7	1900	15.3	15.3	15.3	0	0	10644	
HGM	39.7	32.5	36.1	0	0	0	0	32.5	10	0	0	0	0	0	39.7	100	0	0	0	0	0	0	36.1	0	0	615040	
HHC	111.1	90.9	101	0	0	0	0	0	0	0	0	0	0	0	102	10	0	0	0	0	0	0	101	0	0	799044	
HHG	1.2	1	1.1	0	0	1	20090	1.1	3670	0	0	1.1	250	1160	1.2	7980	0	0	0	0	1.1	1.1	1.1	0	0	1652328	
HHP	13.7	11.3	12.5	11.6	690	11.7	1390	11.8	890	-0.7	-5.6	11.8	50	16740	12	200	12.1	280	12.2	1670	12.5	11.8	12.28	0	0	851793	
HJS	26.4	21.6	24	21.6	30	22.1	50	23.5	100	0	0	0	0	0	24	10	25	110	26.4	50	0	0	24	0	0	1027132	
HKB	0.9	0.7	0.8	0	0	0	0	0.7	21510	0	0	0.8	300	5940	0.8	36830	0.9	73170	0	0	0.8	0.7	0.76	0	0	2462558	
HKT	4.2	3.6	3.9	3.8	30	3.9	30	4	80	0.1	2.56	4	10	170	0	0	0	0	0	0	4.2	4	4.19	0	0	298207	
HLC	8	6.6	7.3	0	0	0	0	0	0	0	0	0	0	0	7.5	20	7.7	10	7.8	20	0	0	7.3	0	0	1102303	
HLD	19.8	16.2	18	17.9	200	18	660	18.1	20	0.1	0.56	18.1	10	580	18.3	20	18.4	340	18.5	10	18.4	17.9	18.17	0	110	808534	
HLY	49	40.2	44.6	0	0	0	0	0	0	0	0	0	0	0	0	0	0	0	0	0	0	0	44.6	0	0	43044	
HMH	8.9	7.3	8.1	7.6	500	8	540	8.1	310	0.6	7.41	8.7	90	1240	8.7	200	8.9	90	0	0	8.7	8.2	8.24	0	90	391932	
HNM	4.9	4.1	4.5	0	0	0	0	0	0	0	0	0	0	0	0	0	0	0	0	0	0	0	4.5	0	0	963835	
HOM	3.4	2.8	3.1	0	0	2.8	6100	2.9	5000	0	0	3.1	10	1790	3.1	2550	3.2	3500	3.3	2000	3.1	3	3.01	0	0	3454940	
HPM	14.1	11.7	12.9	0	0	0	0	0	0	0	0	0	0	0	11.7	90	0	0	0	0	0	0	12.9	0	0	179520	
HTC	25.8	21.2	23.5	0	0	0	0	23	50	0	0	0	0	0	25.6	10	0	0	0	0	0	0	23.5	0	0	524030	
HTP	8.8	7.2	8	7.3	90	7.4	60	8	190	0	0	0	0	0	8.8	10	0	0	0	0	0	0	8	0	0	88044	
HUT	2.2	1.8	2	0	0	1.8	144020	1.9	263320	0	0	2	300	669940	2	9940	2.1	201400	2.2	264430	2.1	1.9	2	0	1540	12144527	
HVT	39.6	32.4	36	0	0	0	0	0	0	1	2.78	37	10	10	37	90	0	0	0	0	37	37	37	0	0	518626	
ICG	6	5	5.5	5	1530	5.1	1000	5.2	550	-0.2	-3.64	5.3	10	960	5.3	550	5.4	140	5.6	60	5.4	5.2	5.25	0	0	845024	
IDC	18.9	15.5	17.2	16.9	900	17	860	17.1	470	-0.1	-0.58	17.1	100	670	17.3	130	17.4	110	17.5	630	17.3	17	17.2	0	0	14608167	
IDJ	14.8	12.2	13.5	13.1	1120	13.2	1060	13.3	140	-0.2	-1.48	13.3	200	13760	13.4	1180	13.5	2820	13.6	3640	13.6	13.3	13.4	0	20	1449955	
IDV	43.4	35.6	39.5	39	5000	39.1	120	39.2	50	0	0	39.5	70	360	39.5	420	39.6	350	39.7	300	39.5	39.5	39.5	0	0	637527	
INC	8.4	7	7.7	0	0	0	0	7	10	0	0	0	0	0	0	0	0	0	0	0	0	0	7.7	0	0	98000	
INN	27.9	22.9	25.4	24.7	1680	24.8	30	25	370	-0.1	-0.39	25.3	10	1400	25.3	90	25.4	10	25.5	50	25.3	25	25.01	10	310	706251	
ITQ	2.7	2.3	2.5	0	0	2.3	20020	2.4	5090	0	0	2.5	10	4120	2.5	15220	2.6	23810	2.7	13840	2.5	2.4	2.43	0	0	1165771	
IVS	7.8	6.4	7.1	6.7	160	6.9	240	7	250	-0.1	-1.41	7	50	350	7.5	40	7.6	10	7.7	1730	7.1	7	7.07	0	230	1641253	
KDM	2	1.8	1.9	0	0	1.8	430	1.9	1890	0	0	1.9	300	7820	2	610	0	0	0	0	2	1.8	1.9	0	30	345553	
KHS	12.7	10.5	11.6	0	0	0	0	11	100	0	0	0	0	0	12.7	500	0	0	0	0	0	0	11.6	0	0	584856	
KKC	5.6	4.6	5.1	4.9	50	5	100	5.1	50	0.3	5.88	5.4	10	10	5.4	10	5.5	220	5.6	50	5.4	5.4	5.4	0	0	203178	
KLF	2.2	1.8	2	0	0	1.8	596680	1.9	900	-0.1	-5	1.9	30	282940	2	212190	2.1	201460	2.2	369730	2	1.8	1.9	0	0	7979725	
KMT	8.2	6.8	7.5	0	0	0	0	0	0	0	0	0	0	0	8	480	8.2	160	0	0	0	0	7.5	0	0	482411	
KSD	6.9	5.7	6.3	0	0	0	0	0	0	0	0	0	0	0	6.3	220	6.5	30	6.7	20	0	0	6.3	0	0	579770	
KSK	0.3	0.1	0.2	0	0	0	0	0	0	0	0	0	0	0	0	0	0	0	0	0	0	0	0.2	0	0	1167342	
KSQ	1.2	1	1.1	0	0	1	6800	1.1	7290	0	0	1.1	120	3750	1.2	11600	0	0	0	0	1.2	1.1	1.1	0	0	1457160	
KST	21.1	17.3	19.2	0	0	0	0	0	0	0	0	0	0	0	21	30	0	0	0	0	0	0	19.2	0	0	144754	
KTS	9.3	7.7	8.5	0	0	7.7	20	8	210	0	0	0	0	0	9	140	0	0	0	0	0	0	8.5	0	0	192493	
KTT	4.5	3.7	4.1	0	0	0	0	0	0	0	0	0	0	0	0	0	0	0	0	0	0	0	4.1	0	0	143424	
KVC	1	0.8	0.9	0	0	0	0	0.8	123800	0	0	0.9	50	22120	0.9	24810	1	62760	0	0	0.9	0.8	0.85	80	0	2272780	
L14	73.7	60.3	67	66.1	110	66.2	10	66.4	220	-0.5	-0.75	66.5	10	2990	66.9	20	67	190	67.6	100	68.5	66.3	67.32	0	0	904803	
L18	9.9	8.1	9	0	0	0	0	8.1	10	0	0	0	0	0	9.1	20	9.2	150	9.3	290	0	0	9	0	0	1124694	
L35	7.9	6.5	7.2	0	0	0	0	6.6	80	0	0	0	0	0	7.5	40	7.9	80	0	0	0	0	7.2	0	0	159972	
L43	2.9	2.5	2.7	0	0	0	0	0	0	0	0	0	0	0	2.8	50	2.9	50	0	0	0	0	2.7	0	0	171450	
L61	14.1	11.7	12.9	0	0	0	0	0	0	0	0	0	0	0	11.7	50	12.5	70	13	20	0	0	12.9	0	0	0	
L62	7.7	6.3	7	0	0	0	0	0	0	0	0	0	0	0	0	0	0	0	0	0	0	0	7	0	0	0	
LAS	7.3	6.1	6.7	6.2	6130	6.3	4740	6.4	2210	-0.3	-4.48	6.4	90	23650	6.5	2280	6.6	1930	6.7	940	6.7	6.3	6.5	0	0	5323506	
LBE	41.4	34	37.7	0	0	0	0	0	0	0	0	0	0	0	0	0	0	0	0	0	0	0	37.7	0	0	53330	
LCD	7.4	6.2	6.8	0	0	0	0	6.2	10	0	0	0	0	0	0	0	0	0	0	0	0	0	6.8	0	0	73500	
LCS	2.3	1.9	2.1	0	0	0	0	1.9	110	0	0	0	0	0	2.1	620	2.2	500	2.3	2500	0	0	2.1	0	0	371890	
LDP	22	18	20	0	0	0	0	0	0	0	0	0	0	0	20	20	20.9	10	21	500	0	0	20	0	0	0	
LHC	77.4	63.4	70.4	63.7	100	64	100	69	50	-0.2	-0.28	70.2	60	980	69.9	20	70	340	70.2	50	70.3	69.5	70.01	0	0	94456	
LIG	3.5	2.9	3.2	0	0	2.9	5370	3	8260	0	0	3.2	10	5100	3.2	3900	3.3	660	3.4	1960	3.2	3	3.09	0	0	2136093	
LM7	4.8	4	4.4	0	0	0	0	0	0	-0.1	-2.27	4.3	10	550	4.1	30	4.2	700	4.3	20	4.3	4	4.01	0	0	244660	
LO5	1.3	1.1	1.2	0	0	0	0	1.1	120	-0.1	-8.33	1.1	10	400	1.3	330	0	0	0	0	1.2	1.1	1.2	0	0	250399	
LUT	1.9	1.7	1.8	0	0	0	0	0	0	0	0	1.8	10	70	1.8	60	1.9	60	0	0	1.8	1.7	1.71	50	0	732722	
MAC	5.1	4.3	4.7	4.4	50	4.5	30	4.6	10	-0.1	-2.13	4.6	10	10	4.9	490	5	510	5.1	1030	4.6	4.6	4.6	0	0	712774	
MAS	38.7	31.7	35.2	35	20	35.1	150	35.2	100	0	0	0	0	0	38	60	38.6	10	38.7	40	0	0	35.2	0	0	163626	
MBG	8.8	7.2	8	7.9	380	8	360	8.1	9350	0.1	1.25	8.1	10	82300	8.2	8490	8.3	9110	8.4	7020	8.3	7.7	8.08	0	0	2111227	
MBS	10.5	8.7	9.6	9.3	260	9.4	2020	9.5	5470	-0.1	-1.04	9.5	10	14380	9.6	1150	9.7	980	9.8	1010	9.6	9.5	9.58	0	0	8045509	
MCC	12.6	10.4	11.5	0	0	0	0	0	0	0	0	0	0	0	0	0	0	0	0	0	0	0	11.5	0	0	240366	
MCF	9.6	8	8.8	8.2	50	8.3	40	8.8	10	0.5	5.68	9.3	10	10	9.2	70	9.3	40	9.5	60	9.3	9.3	9.3	10	0	426337	
MCO	1.9	1.7	1.8	0	0	1.7	13130	1.8	7190	0	0	1.8	10	220	0	0	0	0	0	0	1.9	1.8	1.8	0	0	192771	
MDC	7.4	6.2	6.8	0	0	0	0	0	0	0	0	0	0	0	7.4	120	0	0	0	0	0	0	6.8	0	0	676439	
MEC	0.7	0.5	0.6	0	0	0	0	0.5	5420	0	0	0.6	10	820	0.6	3300	0.7	8680	0	0	0.6	0.5	0.5	0	0	340608	
MED	48.2	39.6	43.9	0	0	41	210	41.5	60	-0.9	-2.05	43	100	400	43.5	100	44	30	44.4	20	43	43	43	0	0	307664	
MEL	9.6	8	8.8	0	0	0	0	0	0	0	0	0	0	0	9.4	10	0	0	0	0	0	0	8.8	0	0	734870	
MHL	5.6	4.6	5.1	0	0	0	0	0	0	0	0	0	0	0	5.6	40	0	0	0	0	0	0	5.1	0	0	260420	
MIM	13.5	11.1	12.3	0	0	0	0	0	0	0	0	0	0	0	0	0	0	0	0	0	0	0	12.3	0	0	165835	
MKV	11	9	10	0	0	0	0	0	0	0	0	0	0	0	10	540	0	0	0	0	0	0	10	0	0	221284	
MPT	1.4	1.2	1.3	0	0	1.2	27560	1.3	330	0	0	1.3	10	6100	1.4	23700	0	0	0	0	1.4	1.2	1.3	0	0	823184	
MSC	19.3	15.9	17.6	0	0	0	0	0	0	0	0	0	0	0	0	0	0	0	0	0	0	0	17.6	0	0	1102500	
MST	3	2.6	2.8	2.6	25990	2.7	49040	2.8	49480	0	0	2.8	130	69730	2.9	50250	3	78430	0	0	2.9	2.7	2.83	0	0	1724909	
NAG	4.7	3.9	4.3	4	340	4.1	870	4.2	150	0	0	4.3	10	530	4.3	540	4.4	1060	4.5	340	4.4	4.2	4.27	0	0	710567	
NAP	14.3	11.7	13	0	0	0	0	0	0	0	0	0	0	0	0	0	0	0	0	0	0	0	13	0	0	1054342	
NBC	6.8	5.6	6.2	5.9	10	6	350	6.1	2080	0	0	6.2	270	6300	6.2	1630	6.3	2640	6.4	3010	6.3	6.2	6.22	0	0	1525740	
NBP	13.2	10.8	12	0	0	10.8	200	11.2	100	0	0	0	0	0	12.4	150	12.5	100	13	200	0	0	12	0	0	530279	
NBW	30.9	25.3	28.1	0	0	0	0	25.4	20	1.8	6.41	29.9	10	240	29	50	29.8	50	29.9	50	30.7	25.3	26.84	0	0	225960	
NDN	18.7	15.3	17	16.7	2350	16.8	2820	16.9	1230	0	0	17	140	17090	17	1310	17.1	4690	17.2	3810	17.1	16.8	16.96	0	0	2318237	
NDX	13.2	10.8	12	11.5	300	12	100	12.1	50	0.1	0.83	12.1	350	850	12.2	200	12.4	100	12.5	200	12.1	12	12.05	0	0	281411	
NET	54.7	44.9	49.8	47	100	47.2	10	47.5	10	-1.8	-3.61	48	10	20	49.7	140	49.8	40	50	120	49.8	48	48.9	0	0	1080076	
NFC	6.2	5.2	5.7	0	0	0	0	0	0	0	0	0	0	0	0	0	0	0	0	0	0	0	5.7	0	0	770591	
NGC	3.3	2.7	3	0	0	0	0	0	0	0	0	0	0	0	3	3100	3.3	180	0	0	0	0	3	0	0	81496	
NHA	11.3	9.3	10.3	9.8	190	10	250	10.1	410	-0.2	-1.94	10.1	50	2390	10.2	100	10.3	300	10.4	100	10.3	10	10.11	0	0	720094	
NHC	38.1	31.3	34.7	0	0	0	0	0	0	0	0	0	0	0	34	150	34.6	50	35	480	0	0	34.7	0	0	97297	
NHP	0.5	0.3	0.4	0	0	0	0	0.3	122660	-0.1	-25	0.3	790	7740	0.4	58930	0.5	35730	0	0	0.4	0.3	0.3	0	0	1335938	
NRC	9.2	7.6	8.4	8.4	1710	8.5	870	8.6	830	0.2	2.38	8.6	10	6430	8.9	80	9	250	9.1	950	9	8.4	8.96	10	0	669325	
NSH	1.5	1.3	1.4	0	0	0	0	1.3	1610	0	0	1.4	10	640	1.4	10930	1.5	3930	0	0	1.4	1.3	1.4	0	0	1010628	
NST	18.4	15.2	16.8	0	0	0	0	0	0	0	0	0	0	0	15.2	50	16.8	70	0	0	0	0	16.8	0	0	448674	
NTH	31.6	26	28.8	0	0	0	0	26.2	30	0	0	0	0	0	29	100	30	190	31	300	0	0	28.8	0	0	529300	
NTP	39.2	32.2	35.7	35	560	35.1	340	35.2	240	-0.5	-1.4	35.2	70	3210	35.4	120	35.5	290	35.6	200	35.8	35.2	35.38	0	0	2988039	
NVB	8.8	7.2	8	7.6	16170	7.7	3250	7.8	3560	0	0	8	10	349530	8	10560	8.1	6210	8.2	2730	8	7.6	7.78	0	0	10469333	
OCH	8.1	6.7	7.4	6.7	300	7	200	7.2	150	-0.2	-2.7	7.2	50	50	7.9	100	8	290	0	0	7.2	7.2	7.2	0	0	9799570	
ONE	3.5	2.9	3.2	3	700	3.1	210	3.2	950	0	0	3.2	50	70	3.3	40	3.4	300	3.5	300	3.2	3.2	3.2	50	0	321976	
PBP	7.1	5.9	6.5	6	1000	6.1	100	6.2	10	0	0	6.5	10	20	6.5	30	6.7	300	7	100	6.5	5.9	6.2	0	0	231111	
PCE	6.9	5.7	6.3	6.3	100	6.9	50	0	30	0	0	0	0	0	0	0	0	0	0	0	0	0	6.3	0	0	450880	
PCG	5.6	4.6	5.1	0	0	0	0	4.6	30	0	0	5.1	10	10	5.1	1380	0	0	0	0	5.1	5.1	5.1	0	10	28328	
PCT	5.7	4.7	5.2	0	0	4.8	50	5.1	90	-0.1	-1.92	5.1	100	120	5.7	40	0	0	0	0	5.1	5.1	5.1	0	0	1099770	
PDB	9.1	7.5	8.3	7.8	10	7.9	30	8	10	-0.3	-3.61	8	10	990	8.2	10	8.3	10	8.4	440	8.3	8	8.29	0	0	355877	
PDC	7.8	6.4	7.1	0	0	0	0	0	0	0	0	0	0	0	6.4	960	6.8	90	7.1	660	0	0	7.1	0	0	734590	
PEN	5.6	4.6	5.1	0	0	4.6	70	5.6	50	-0.5	-9.8	4.6	540	540	0	0	0	0	0	0	4.6	4.6	4.6	0	0	245000	
PGN	12.2	10	11.1	0	0	0	0	10.1	20	-0.2	-1.8	10.9	20	60	11	100	11.8	60	12.2	10	10.9	10.8	10.87	0	0	161270	
PGS	17.9	14.7	16.3	14.7	10	14.9	50	15	870	-1.3	-7.98	15	10	2560	15.8	10	16	150	16.2	570	16.3	15	16.12	0	1290	1976227	
PGT	5.6	4.6	5.1	0	0	0	0	0	0	0	0	0	0	0	5	10	5.1	100	5.5	6200	0	0	5.1	0	0	11432	
PHN	29.7	24.3	27	0	0	24.6	630	26.5	10	0	0	27	80	180	27	150	27.2	150	28	150	27	27	27	0	0	8	
PHP	10.1	8.3	9.2	8.8	100	8.9	140	9	260	0	0	9.2	20	80	9.2	50	9.3	310	9.4	150	9.2	9	9.18	0	0	16010457	
PIA	28.1	23.1	25.6	23.2	70	24.5	20	24.6	10	1.3	5.08	26.9	10	20	27	20	28	100	28.1	100	26.9	23.2	25.05	0	10	158393	
PIC	9.4	7.8	8.6	7.8	40	8	30	8.2	20	0.3	3.49	8.9	10	10	8.9	40	9.2	80	0	0	8.9	8.9	8.9	0	0	1633642	
PJC	27.2	22.4	24.8	0	0	0	0	0	0	0	0	24.8	20	50	27	10	27.2	20	0	0	24.8	24.8	24.8	30	0	351308	
PLC	19.4	16	17.7	17	3120	17.1	2290	17.2	690	-0.5	-2.82	17.2	300	36230	17.3	250	17.4	1380	17.5	960	17.8	17.2	17.46	0	510	3898257	
PMB	9.7	8.1	8.9	0	0	0	0	0	0	0	0	0	0	0	8.5	100	9	200	9.1	300	0	0	8.9	0	0	461560	
PMC	55.5	45.5	50.5	48.5	10	48.8	10	49.1	60	-0.5	-0.99	50	10	110	50	240	50.4	50	50.5	60	50.4	50	50.07	60	0	254067	
PMP	8.4	7	7.7	0	0	7.1	60	7.7	10	0	0	0	0	0	8.4	10	0	0	0	0	0	0	7.7	0	0	203380	
PMS	14	11.6	12.8	13.1	110	13.2	110	13.3	40	1.2	9.37	14	100	400	14	250	0	0	0	0	14	13.9	13.96	0	0	315545	
POT	15.8	13	14.4	0	0	0	0	13	10	-0.1	-0.69	14.3	10	210	14.3	10	14.4	10	14.5	10	14.3	13.5	13.54	0	0	950192	
PPE	6.1	5.1	5.6	0	0	5.1	40	5.6	500	0	0	0	0	0	0	0	0	0	0	0	0	0	5.6	0	0	97470	
PPP	16.3	13.5	14.9	0	0	13.5	30	14	100	1.2	8.05	16.1	20	20	15	1240	16	700	16.1	500	16.1	16.1	16.1	0	0	423057	
PPS	7.1	5.9	6.5	6.3	770	6.4	110	6.5	40	0	0	6.5	10	110	7	40	7.1	2790	0	0	6.5	6.5	6.5	0	0	199738	
PPY	29	23.8	26.4	0	0	0	0	0	0	0	0	0	0	0	0	0	0	0	0	0	0	0	26.4	0	0	403666	
PRC	10.4	8.6	9.5	0	0	0	0	0	0	0	0	0	0	0	0	0	0	0	0	0	0	0	9.5	0	0	58680	
PSC	16.5	13.5	15	0	0	13.6	20	14	20	0	0	0	0	0	16	110	0	0	0	0	0	0	15	0	0	350363	
PSD	11	9	10	9.1	20	9.6	400	9.7	200	0	0	10	200	410	10	200	10.2	10	10.7	100	10	10	10	200	0	1444977	
PSE	8.1	6.7	7.4	0	0	0	0	0	0	0.5	6.76	7.9	10	10	7.9	340	8	90	8.1	50	7.9	7.9	7.9	0	0	556000	
PSI	2.5	2.1	2.3	0	0	2.1	10	2.2	10	0	0	0	0	0	2.4	10	2.5	20	0	0	0	0	2.3	0	0	2039450	
PSW	7.3	6.1	6.7	0	0	0	0	0	0	0	0	0	0	0	7.3	60	0	0	0	0	0	0	6.7	0	0	817960	
PTD	17.8	14.6	16.2	0	0	0	0	0	0	0	0	0	0	0	0	0	0	0	0	0	0	0	16.2	0	0	85872	
PTI	20.6	17	18.8	0	0	17	640	18	10	-0.4	-2.13	18.4	10	20	18.4	210	19	60	0	0	18.4	18	18.2	0	10	913505	
PTS	5.6	4.6	5.1	0	0	4.6	600	4.7	60	0	0	0	0	0	5.1	190	5.2	90	5.3	150	0	0	5.1	0	0	260283	
PV2	2.8	2.4	2.6	0	0	2.4	100	2.5	30	-0.1	-3.85	2.5	20	20	2.6	640	2.7	1000	2.8	1000	2.5	2.5	2.5	0	0	1828500	
PVB	15.9	13.1	14.5	14	1790	14.1	540	14.2	260	-0.3	-2.07	14.2	10	10250	14.3	600	14.4	310	14.5	710	14.7	14.1	14.27	0	0	1057591	
PVC	5.9	4.9	5.4	5.1	1960	5.2	8280	5.3	6200	0	0	5.4	20	14640	5.4	230	5.5	80390	5.6	4200	5.4	5.3	5.39	0	0	1889874	
PVE	2.8	2.4	2.6	0	0	0	0	0	0	0	0	0	0	0	0	0	0	0	0	0	0	0	2.6	0	0	925951	
PVG	7.5	6.3	6.9	6.6	600	6.7	910	6.8	2090	0	0	6.9	20	3440	6.9	2980	7	7290	7.1	10	6.9	6.8	6.87	0	0	1762139	
PVI	34.1	27.9	31	30.2	30	30.3	260	30.4	160	0	0	31	160	2470	31	130	31.1	300	31.2	200	31	30.4	30.68	1000	0	10699397	
PVL	1.3	1.1	1.2	0	0	0	0	1.1	7120	-0.1	-8.33	1.1	10	20	1.2	7100	1.3	3430	0	0	1.1	1.1	1.1	0	0	2376859	
PVS	14.1	11.7	12.9	12.6	5250	12.7	26590	12.8	77330	0	0	12.9	290	492840	12.9	12090	13	27820	13.1	58990	13.1	12.8	12.95	0	3000	17368104	
PVX	0.9	0.7	0.8	0	0	0.7	436170	0.8	22190	0	0	0.8	50	230680	0.9	362750	0	0	0	0	0.9	0.7	0.8	20080	560	19344193	
QHD	22.9	18.9	20.9	0	0	19	300	19.8	200	-1.1	-5.26	19.8	10	10	21.3	100	21.4	50	21.5	20	19.8	19.8	19.8	0	0	267430	
QNC	3.5	2.9	3.2	0	0	0	0	0	0	-0.3	-9.37	2.9	500	500	3.4	100	3.5	1400	0	0	2.9	2.9	2.9	0	0	968113	
QST	12.7	10.5	11.6	0	0	0	0	0	0	0	0	0	0	0	0	0	0	0	0	0	0	0	11.6	0	0	79380	
QTC	19.5	16.1	17.8	16.3	260	16.6	10	16.7	10	0.6	3.37	18.4	10	10	18.4	50	18.5	60	18.9	20	18.4	18.4	18.4	0	0	48926	
RCL	14.7	12.1	13.4	12.5	30	12.6	110	12.8	150	-0.4	-2.99	13	60	690	13.4	2000	0	0	0	0	13.2	13	13.12	0	0	475591	
S55	25.3	20.7	23	20.7	100	22	910	22.5	170	0	0	0	0	0	23	200	23.5	140	24.5	1150	0	0	23	0	0	485782	
S74	4.7	3.9	4.3	0	0	0	0	0	0	0	0	0	0	0	0	0	0	0	0	0	0	0	4.3	0	0	308588	
S99	8.6	7.2	7.9	0	0	7.2	90	7.5	800	0	0	7.9	200	1200	8	1100	8.3	510	8.4	30	7.9	7.8	7.82	0	0	2535939	
SAF	58.8	48.2	53.5	48.7	60	48.8	60	49	60	-3.5	-6.54	50	40	60	53.3	10	53.5	60	54.8	10	50	50	50	0	0	359611	
SCI	14.8	12.2	13.5	13.6	480	13.7	790	13.8	810	0.5	3.7	14	80	20850	14	540	14.1	670	14.2	1030	14.5	13.6	13.99	0	0	592894	
SD2	6.3	5.3	5.8	0	0	0	0	5.4	10	0	0	0	0	0	6	90	6.2	3320	6.3	300	0	0	5.8	0	0	619005	
SD4	4.1	3.5	3.8	0	0	0	0	3.5	10	0	0	0	0	0	3.9	730	4.1	600	0	0	0	0	3.8	0	0	464786	
SD5	5.2	4.4	4.8	4.4	450	4.5	50	4.6	180	0.3	6.25	5.1	10	10	4.8	210	4.9	200	5	310	5.1	5.1	5.1	10	0	1017779	
SD6	2.7	2.3	2.5	0	0	0	0	2.3	1150	-0.1	-4	2.4	50	750	2.4	160	2.5	540	2.6	2240	2.4	2.3	2.39	0	0	1226674	
SD9	5.7	4.7	5.2	4.7	20	4.8	500	4.9	20	0	0	5.2	50	90	5.1	30	5.2	2150	5.3	20	5.2	5	5.13	0	0	1436671	
SDA	2.5	2.1	2.3	0	0	0	0	2.1	10	0	0	0	0	0	2.2	50	2.3	1120	2.4	80	0	0	2.3	0	0	0	
SDC	17.8	14.6	16.2	0	0	0	0	0	0	0	0	0	0	0	14.6	30	16.8	20	17	10	0	0	16.2	0	0	107988	
SDG	35.6	29.2	32.4	0	0	0	0	0	0	0	0	0	0	0	0	10	0	0	0	0	0	0	32.4	0	0	330987	
SDN	32.2	26.4	29.3	0	0	0	0	0	0	0	0	0	0	0	29.3	10	0	0	0	0	0	0	29.3	0	0	36143	
SDT	3.1	2.7	2.9	0	0	2.7	440	2.8	1220	0	0	2.9	10	10900	2.9	3090	3	1470	3.1	7680	3	2.8	2.9	0	0	1717326	
SDU	7.4	6.2	6.8	0	0	6.2	70	6.8	90	0	0	6.8	10	20	0	0	0	0	0	0	7.4	6.8	7.1	0	0	977790	
SEB	31.3	25.7	28.5	28.6	110	28.7	150	28.8	10	0	0	0	0	0	30.8	10	30.9	20	31	210	0	0	28.5	0	0	1563244	
SED	16	13.2	14.6	13.7	10	13.8	30	13.9	10	-0.6	-4.11	14	10	360	14	490	14.6	10	14.7	40	14.7	14	14.03	140	360	335809	
SFN	28	23	25.5	0	0	0	0	23	10	0	0	0	0	0	28	10	0	0	0	0	0	0	25.5	0	0	144576	
SGC	63.3	51.9	57.6	52.6	100	52.7	100	57.6	1000	0	0	0	0	0	0	0	0	0	0	0	0	0	57.6	0	0	343746	
SGD	11.1	9.1	10.1	9.1	20	9.2	40	9.4	10	-1	-9.9	9.1	10	10	10	10	10.1	10	10.6	10	9.1	9.1	9.1	0	0	196843	
SGH	45.5	37.3	41.4	0	0	0	0	37.7	50	0	0	0	0	0	45.5	80	0	0	0	0	0	0	41.4	0	0	600180	
SHB	14.4	11.8	13.1	11.8	234590	11.9	93990	12	40040	-1.1	-8.4	12	20	2626730	12.2	200	12.3	10130	12.4	11230	12.5	11.8	11.86	1638	19743	34380963	
SHE	19.8	16.2	18	17	120	17.4	150	18	30	0	0	18	10	110	18.6	10	18.7	70	19	100	18	18	18	0	0	229040	
SHN	7.7	6.3	7	6.8	620	6.9	120	7	70	0	0	7	100	2750	7.2	10	7.5	250	7.7	1170	7.2	7	7.01	0	0	6343684	
SHS	9.6	8	8.8	8.4	24420	8.5	20380	8.6	8730	-0.1	-1.14	8.7	40	260190	8.7	9050	8.8	22660	8.9	15730	8.9	8.5	8.66	80	5400	8393673	
SIC	9.7	8.1	8.9	0	0	8.1	10	8.2	10	0	0	0	0	0	8.8	210	8.9	250	9	800	0	0	8.9	0	0	1168848	
SJ1	27.5	22.5	25	0	0	0	0	0	0	0	0	0	0	0	22.5	2050	25	100	27.5	10	0	0	25	0	0	1029806	
SJC	0.7	0.5	0.6	0	0	0	0	0	0	0	0	0	0	0	0	0	0	0	0	0	0	0	0.6	0	0	350709	
SJE	19.8	16.2	18	0	0	16.8	200	17	300	0	0	0	0	0	18	300	18.5	200	19	100	0	0	18	0	0	889096	
SLS	57.6	47.2	52.4	52.7	10	52.8	50	52.9	10	2.2	4.2	54.6	10	2690	54.6	10	54.8	50	54.9	20	54.9	52	53.08	110	0	443620	
SMN	9.5	7.9	8.7	7.9	70	8	390	8.1	110	0	0	0	0	0	8.7	190	8.9	320	9.3	50	0	0	8.7	0	0	211355	
SMT	13.8	11.4	12.6	0	0	0	0	0	0	0	0	0	0	0	12.4	80	12.5	100	0	0	0	0	12.6	0	0	104756	
SPI	1.2	1	1.1	0	0	1	20860	1.1	1330	0	0	1.1	170	27550	1.2	29720	0	0	0	0	1.2	1	1.15	0	0	802505	
SPP	0.5	0.3	0.4	0	0	0.3	36280	0.4	30	0	0	0.4	90	11870	0.5	94250	0	0	0	0	0.5	0.3	0.39	0	0	2477714	
SRA	13.2	10.8	12	11.7	190	11.8	720	11.9	10	-0.1	-0.83	11.9	40	3790	12	410	12.1	640	12.2	200	12.3	11.9	11.99	0	0	835911	
SSM	7.9	6.5	7.2	0	0	0	0	0	0	0	0	0	0	0	7.8	150	7.9	270	0	0	0	0	7.2	0	0	248263	
STC	17.4	14.4	15.9	14.5	10	14.6	60	14.8	10	-0.4	-2.52	15.5	10	10	15.5	20	16.2	40	17.4	460	15.5	15.5	15.5	0	0	245841	
STP	7.1	5.9	6.5	0	0	6	10	6.2	60	0	0	0	0	0	6.4	100	6.9	1000	0	0	0	0	6.5	0	0	388253	
SVN	1.5	1.3	1.4	1.4	440	1.5	4320	0	1500	0.1	7.14	1.5	250	2310	0	0	0	0	0	0	1.5	1.4	1.5	2200	0	858930	
SZB	35.2	28.8	32	31.5	560	31.6	80	31.7	50	0	0	32	10	5420	32	230	32.4	40	32.5	1000	32.4	31.7	32	0	0	1470000	
TA9	9.3	7.7	8.5	8	100	8.1	570	8.2	430	0.2	2.35	8.7	60	250	8.7	30	9.1	10	9.3	80	8.7	8.7	8.7	0	0	579042	
TAR	32.1	26.3	29.2	28.5	3440	28.6	3130	28.7	1750	-0.2	-0.68	29	50	67440	29	400	29.1	530	29.2	2130	29.4	28.1	28.91	0	0	1714180	
TBX	24.5	20.1	22.3	0	0	0	0	0	0	0	0	0	0	0	20.1	40	0	0	0	0	0	0	22.3	0	0	73981	
TC6	4.6	3.8	4.2	3.9	350	4	550	4.1	700	0	0	4.2	60	3320	4.2	440	4.3	950	4.4	750	4.2	4.2	4.2	0	0	1494371	
TCS	9.6	8	8.8	8.3	1070	8.4	820	8.5	360	-0.1	-1.14	8.7	10	5460	8.7	680	8.8	1080	8.9	20	8.8	8.5	8.61	0	0	1178283	
TDN	8	6.6	7.3	6.9	1100	7	1410	7.1	2300	-0.1	-1.37	7.2	10	17770	7.2	600	7.3	2460	7.4	3050	7.3	7.1	7.19	20	0	1439157	
TDT	11	9	10	9.8	450	9.9	1760	10	730	0.1	1	10.1	50	3190	10.1	150	10.2	4910	10.3	660	10.1	9.9	10.01	0	0	569411	
TET	33.2	27.2	30.2	0	0	0	0	0	0	0	0	0	0	0	0	0	0	0	0	0	0	0	30.2	0	0	279394	
TFC	4.8	4	4.4	4	310	4.1	50	4.2	50	0.1	2.27	4.5	10	10	4.5	530	4.6	30	4.7	50	4.5	4.5	4.5	10	0	285079	
THB	9.9	8.1	9	8.1	50	8.2	50	8.3	100	-0.7	-7.78	8.3	100	100	8.9	10	9	160	9.9	150	8.3	8.3	8.3	0	0	513483	
THS	7.9	6.5	7.2	0	0	0	0	0	0	0	0	0	0	0	0	0	0	0	0	0	0	0	7.2	0	0	146790	
THT	8.8	7.2	8	7.7	510	7.8	700	7.9	210	-0.1	-1.25	7.9	90	2490	8	700	8.1	1300	8.2	1020	8.5	7.9	8.18	0	0	726556	
TIG	7.2	6	6.6	6.3	11040	6.4	9930	6.5	22310	0	0	6.6	430	126980	6.6	2510	6.7	22740	6.8	25390	6.7	6.5	6.58	140	0	2828286	
TJC	6.7	5.5	6.1	5.6	50	6	80	6.1	10	0.4	6.56	6.5	10	100	0	0	0	0	0	0	6.7	6.5	6.56	0	0	419386	
TKC	3.6	3	3.3	0	0	3	780	3.1	60	-0.1	-3.03	3.2	310	1000	3.2	190	3.3	730	3.4	1450	3.3	3.1	3.16	0	0	556469	
TKU	13.3	10.9	12.1	0	0	0	0	0	0	0.7	5.79	12.8	20	60	12.8	430	12.9	500	13	80	13.3	12.8	12.95	10	50	53736	
TMB	14.1	11.7	12.9	0	0	11.7	500	11.8	500	0	0	12.9	20	30	12.9	40	14.1	100	0	0	12.9	12.9	12.9	0	0	735000	
TMC	13.2	10.8	12	0	0	0	0	10.8	50	0	0	0	0	0	12	50	12.4	20	12.5	200	0	0	12	0	0	596900	
TMX	16.8	13.8	15.3	0	0	0	0	0	0	0	0	0	0	0	15.3	20	16.3	100	16.8	30	0	0	15.3	0	0	244851	
TNG	14.8	12.2	13.5	13.5	20560	13.6	8540	13.7	200	0.3	2.22	13.8	100	148210	13.8	3460	13.9	8780	14	13840	14.1	13.5	13.77	300	0	2767667	
TPH	9.2	7.6	8.4	0	0	0	0	0	0	0.1	1.19	8.5	20	570	0	0	0	0	0	0	9.2	8.5	8.99	0	0	98452	
TPP	13.3	10.9	12.1	0	0	0	0	0	0	0	0	0	0	0	0	0	0	0	0	0	0	0	12.1	0	0	971887	
TSB	7.7	6.3	7	0	0	0	0	0	0	0	0	0	0	0	0	0	0	0	0	0	0	0	7	0	0	330508	
TST	9	7.4	8.2	0	0	0	0	0	0	-0.8	-9.76	7.4	200	700	8.6	10	8.8	110	8.9	200	7.4	7.4	7.4	0	700	219970	
TTC	12.1	9.9	11	10	70	10.1	10	10.2	20	1	9.09	12	200	250	12	200	0	0	0	0	12	11.5	11.9	0	0	259298	
TTH	2.2	1.8	2	0	0	1.8	27640	1.9	14210	-0.1	-5	1.9	80	21030	2	2050	2.1	12560	2.2	19930	2.1	1.9	1.97	0	0	1796410	
TTL	7.2	6	6.6	0	0	6.5	600	6.7	100	0.1	1.52	6.7	100	640	6.9	60	7	250	7.1	640	6.9	6.7	6.79	0	0	2053472	
TTT	41.5	34.1	37.8	0	0	34.4	10	34.6	40	0	0	37.8	30	30	37.8	240	39	10	41.4	10	37.8	37.8	37.8	0	0	197210	
TTZ	1.9	1.7	1.8	0	0	0	0	1.7	2800	-0.1	-5.56	1.7	60	2530	1.8	6740	1.9	3420	0	0	1.8	1.7	1.7	0	0	169112	
TV3	34.9	28.7	31.8	0	0	0	0	28.7	10	-3.1	-9.75	28.7	90	90	31.8	70	31.9	10	32	200	28.7	28.7	28.7	0	0	405465	
TV4	12.2	10	11.1	10.8	200	11	260	11.1	40	0	0	11.1	10	1760	11.2	700	11.3	200	11.4	520	11.2	11.1	11.19	0	0	774742	
TVC	31.5	25.9	28.7	31.4	4410	31.5	6410	0	1780	2.8	9.76	31.5	290	45700	0	0	0	0	0	0	31.5	28.6	29.97	0	0	1960658	
TVD	7.4	6.2	6.8	6.5	20	6.6	540	6.7	10	0	0	6.8	30	1030	6.8	1000	6.9	10	7	10	6.8	6.8	6.8	0	0	2190390	
TXM	2.8	2.4	2.6	0	0	2.4	700	2.5	510	0.1	3.85	2.7	10	80	2.7	80	2.8	550	0	0	2.7	2.6	2.61	0	0	218727	
UNI	4.5	3.7	4.1	0	0	3.7	150	3.8	500	0	0	0	0	0	4.1	200	4.2	150	4.5	160	0	0	4.1	0	0	739633	
V12	11.4	9.4	10.4	0	0	0	0	0	0	0	0	0	0	0	10.8	30	11.4	1930	0	0	0	0	10.4	0	0	285032	
V21	8.9	7.3	8.1	0	0	0	0	0	0	0	0	0	0	0	7.3	320	8	50	0	0	0	0	8.1	0	0	587649	
VAT	1.7	1.5	1.6	0	0	0	0	0	0	0	0	0	0	0	0	0	0	0	0	0	0	0	1.6	0	0	199108	
VBC	20.4	16.8	18.6	0	0	0	0	0	0	0	0	0	0	0	18.5	10	18.6	100	19	50	0	0	18.6	0	0	349843	
VC1	12.7	10.5	11.6	0	0	0	0	0	0	0	0	0	0	0	11.6	110	12.7	50	0	0	0	0	11.6	0	0	557269	
VC2	15	12.4	13.7	12.5	20	12.6	20	13.7	30	0	0	13.7	10	50	15	50	0	0	0	0	13.7	13.6	13.64	0	0	730378	
VC3	18	14.8	16.4	16.1	810	16.2	680	16.3	580	0	0	16.4	190	15080	16.4	200	16.5	1230	16.6	1140	16.5	16.3	16.43	0	0	2988123	
VC6	7.9	6.5	7.2	6.5	30	6.6	20	7.2	300	0	0	0	0	0	7.5	20	0	0	0	0	0	0	7.2	0	0	311542	
VC7	6.6	5.4	6	0	0	0	0	5.4	800	0.4	6.67	6.4	180	1820	6.4	400	6.5	2200	6.6	590	6.5	5.6	6.31	1700	0	1118640	
VC9	12.1	9.9	11	0	0	0	0	0	0	-1	-9.09	10	10	30	10	80	12.1	2620	0	0	12.1	10	10.7	0	0	556625	
VCC	10.6	8.8	9.7	0	0	9	1000	9.5	400	-0.2	-2.06	9.5	100	100	9.7	50	10.6	10	0	0	9.5	9.5	9.5	0	0	587210	
VCG	27.6	22.6	25.1	24.8	3310	24.9	640	25	450	0	0	25.1	60	6540	25.1	550	25.2	1090	25.3	210	25.1	24.8	24.97	0	720	21437939	
VCM	17.6	14.4	16	15.1	50	15.5	20	16	100	0	0	0	0	0	0	0	0	0	0	0	0	0	16	0	0	0	
VCS	72	59	65.5	65.4	40	65.5	1540	65.6	240	0.1	0.15	65.6	40	36920	65.7	30	65.8	100	66	200	67.5	65	66.45	180	20	7418551	
VDL	25.8	21.2	23.5	0	0	21.2	30	21.3	20	2	8.51	25.5	10	60	24	10	24.9	10	25	160	25.5	21.3	23.58	0	10	706295	
VE1	8.2	6.8	7.5	0	0	0	0	0	0	0.1	1.33	7.6	60	60	0	0	0	0	0	0	7.6	7.6	7.6	0	0	114226	
VE2	7.7	6.3	7	0	0	0	0	6.4	100	0	0	0	0	0	0	0	0	0	0	0	0	0	7	0	0	104103	
VE3	6.7	5.5	6.1	0	0	0	0	0	0	0	0	0	0	0	6	100	6.4	90	6.5	100	0	0	6.1	0	0	56589	
VE4	5.9	4.9	5.4	0	0	0	0	0	0	-0.5	-9.26	4.9	20	110	5.8	10	5.9	90	0	0	5	4.9	4.94	0	0	47592	
VE8	9.9	8.1	9	0	0	0	0	0	0	0	0	0	0	0	9.2	10	9.5	100	0	0	0	0	9	0	0	87680	
VE9	1.4	1.2	1.3	0	0	0	0	1.2	3180	0	0	1.3	10	10610	1.3	2460	1.4	8900	0	0	1.3	1.2	1.2	0	0	525027	
VGP	12.1	9.9	11	10.4	100	10.5	300	10.6	230	-0.2	-1.82	10.8	200	280	11	10	11.8	30	11.9	30	11	10.8	10.86	0	0	386555	
VGS	8.6	7.2	7.9	7.7	30	7.8	100	7.9	520	0.1	1.27	8	10	1080	8	3040	8.1	620	8.2	3400	8	7.6	7.92	0	0	1997555	
VHE	6.8	5.6	6.2	5.8	250	5.9	100	6	100	0	0	6.2	100	200	6.2	330	6.3	100	6.4	70	6.2	6.1	6.2	0	0	0	
VHL	26.2	21.6	23.9	22.8	10	22.9	20	23.8	20	0	0	0	0	0	24.5	50	26	630	26.2	240	0	0	23.9	0	0	1174192	
VIE	6.7	5.5	6.1	0	0	0	0	0	0	0	0	0	0	0	0	0	0	0	0	0	0	0	6.1	0	0	100079	
VIF	18.1	14.9	16.5	16	200	16.1	120	16.2	50	-0.5	-3.03	16	50	100	17	50	17.5	300	18	80	17.4	16	16.7	0	0	0	
VIG	1	0.8	0.9	0	0	0	0	0.8	80320	0	0	0.9	2720	21650	0.9	2280	1	10360	0	0	1	0.8	0.9	0	0	1634971	
VIT	15.8	13	14.4	14.1	10	14.2	20	14.4	310	0.1	0.69	14.5	20	1790	14.6	160	14.7	120	14.8	110	14.5	14.4	14.5	0	0	944950	
VIX	5.6	4.6	5.1	4.7	2000	4.8	850	4.9	790	-0.2	-3.92	4.9	210	4550	5	110	5.1	1620	5.2	1140	5	4.9	4.95	0	0	5565390	
VKC	2.9	2.5	2.7	0	0	0	0	2.5	1860	-0.1	-3.7	2.6	30	1020	2.6	170	2.7	6250	2.8	1290	2.6	2.6	2.6	0	0	695533	
VLA	12.7	10.5	11.6	0	0	0	0	0	0	0	0	0	0	0	0	0	0	0	0	0	0	0	11.6	0	0	46370	
VMC	10.6	8.8	9.7	9.6	290	9.7	760	9.8	10	0.3	3.09	10	10	2700	10	260	10.2	20	10.4	270	10	9.6	9.66	0	0	921000	
VMI	0.7	0.5	0.6	0	0	0	0	0	0	0	0	0	0	0	0	0	0	0	0	0	0	0	0.6	0	0	449469	
VMS	6.3	5.3	5.8	5.5	310	5.6	210	5.7	140	0	0	0	0	0	0	0	0	0	0	0	0	0	5.8	0	0	435370	
VNC	35.3	28.9	32.1	30.5	30	32.2	20	32.3	10	1.1	3.43	33.2	10	80	35.1	20	35.2	20	0	0	33.2	32.2	32.33	0	0	375839	
VNF	31.4	25.8	28.6	0	0	0	0	0	0	0	0	0	0	0	27.6	450	28	360	28.6	250	0	0	28.6	0	0	377695	
VNR	20	16.4	18.2	18	20	18.1	40	18.2	10	0.8	4.4	19	10	30	19	10	19.5	80	19.8	20	19	18.1	18.4	10	0	2722179	
VNT	61.1	50.1	55.6	0	0	53.1	20	55.6	500	0.1	0.18	55.7	10	12720	58	100	61	100	0	0	55.8	53.1	55.8	0	0	410950	
VSA	19.6	16.2	17.9	0	0	0	0	16.2	10	-0.9	-5.03	17	50	200	17.5	50	17.9	150	19	100	17	17	17	0	0	635133	
VSM	13.2	10.8	12	0	0	0	0	11	100	0	0	0	0	0	12	50	13	100	0	0	0	0	12	0	0	137591	
VTC	11	9	10	0	0	9	70	10	80	0	0	0	0	0	10.4	270	11	80	0	0	0	0	10	0	0	169242	
VTH	11.5	9.5	10.5	0	0	0	0	0	0	0	0	0	0	0	11.5	10	0	0	0	0	0	0	10.5	0	0	243990	
VTJ	5.9	4.9	5.4	0	0	0	0	4.9	10	0	0	0	0	0	5.4	100	5.8	130	5.9	500	0	0	5.4	0	0	558430	
VTL	17.9	14.7	16.3	0	0	0	0	14.7	10	0	0	0	0	0	17.9	10	0	0	0	0	0	0	16.3	0	0	243261	
VTS	34.7	28.5	31.6	0	0	0	0	0	0	0	0	0	0	0	28.5	890	31.6	10	0	0	0	0	31.6	0	0	52936	
VTV	7.7	6.3	7	0	0	0	0	6.3	50	-0.7	-10	6.3	10	250	7.1	200	7.2	100	7.3	30	7	6.3	6.96	0	0	1522519	
VXB	7	5.8	6.4	0	0	0	0	0	0	-0.6	-9.37	5.8	40	40	5.8	10	6.3	60	6.4	1000	5.8	5.8	5.8	0	0	198381	
WCS	189.2	154.8	172	160	10	163	10	165	30	0	0	0	0	0	168.5	30	171	10	172	20	0	0	172	0	0	56547	
WSS	1.9	1.7	1.8	0	0	0	0	1.7	1890	0	0	0	0	0	1.8	210	1.9	190	0	0	0	0	1.8	0	0	2346830	
X20	8.9	7.3	8.1	0	0	0	0	7.3	20	0	0	0	0	0	0	0	0	0	0	0	0	0	8.1	0	0	845040	
