HNXMSCAP
140.94
0.07	0.05
8967400	52.02	
NGC	3.3	2.7	3	0	0	0	0	0	0	0	0	0	0	0	3	3100	3.3	180	0	0	0	0	3	0	0	81496	0	0	
TSB	7.7	6.3	7	0	0	0	0	0	0	0	0	0	0	0	0	0	0	0	0	0	0	0	7	0	0	330508	0	0	
L43	2.9	2.5	2.7	0	0	0	0	0	0	0	0	0	0	0	2.8	50	2.9	50	0	0	0	0	2.7	0	0	171450	0	0	
VHE	6.8	5.6	6.2	5.8	250	5.9	100	6	100	0	0	6.2	100	200	6.2	330	6.3	100	6.4	70	6.2	6.1	6.2	0	0	0	0	0	
CSC	25.1	20.7	22.9	21.3	790	21.4	10	21.5	120	-0.6	-2.62	22.3	10	560	22.5	30	22.9	100	23.2	40	22.8	21.1	21.69	0	0	941989	0	0	
VXB	7	5.8	6.4	0	0	0	0	0	0	-0.6	-9.37	5.8	40	40	5.8	10	6.3	60	6.4	1000	5.8	5.8	5.8	0	0	198381	0	0	
SSM	7.9	6.5	7.2	0	0	0	0	0	0	0	0	0	0	0	7.8	150	7.9	270	0	0	0	0	7.2	0	0	248263	0	0	
LUT	1.9	1.7	1.8	0	0	0	0	0	0	0	0	1.8	10	70	1.8	60	1.9	60	0	0	1.8	1.7	1.71	50	0	732722	0	0	
CTC	3.3	2.7	3	0	0	0	0	0	0	0	0	0	0	0	0	0	0	0	0	0	0	0	3	0	0	430569	0	0	
KTT	4.5	3.7	4.1	0	0	0	0	0	0	0	0	0	0	0	0	0	0	0	0	0	0	0	4.1	0	0	143424	0	0	
KTS	9.3	7.7	8.5	0	0	7.7	20	8	210	0	0	0	0	0	9	140	0	0	0	0	0	0	8.5	0	0	192493	0	0	
CTP	3.1	2.7	2.9	0	0	2.7	620	2.8	100	0.1	3.45	3	10	80	3	1150	3.1	200	0	0	3	2.9	2.91	0	0	583701	0	0	
SCI	14.8	12.2	13.5	13.6	480	13.7	790	13.8	810	0.5	3.7	14	80	20850	14	540	14.1	670	14.2	1030	14.5	13.6	13.99	0	0	592894	0	0	
SED	16	13.2	14.6	13.7	10	13.8	30	13.9	10	-0.6	-4.11	14	10	360	14	490	14.6	10	14.7	40	14.7	14	14.03	140	360	335809	0	0	
THB	9.9	8.1	9	8.1	50	8.2	50	8.3	100	-0.7	-7.78	8.3	100	100	8.9	10	9	160	9.9	150	8.3	8.3	8.3	0	0	513483	0	0	
BTW	53.9	44.1	49	0	0	0	0	0	0	0	0	0	0	0	45.5	20	48	30	49	210	0	0	49	0	0	265131	0	0	
BTS	4.5	3.7	4.1	3.7	60	3.8	10	3.9	10	0	0	0	0	0	4.1	1000	4.2	10	4.3	20	0	0	4.1	0	0	5863673	0	0	
LIG	3.5	2.9	3.2	0	0	2.9	5370	3	8260	0	0	3.2	10	5100	3.2	3900	3.3	660	3.4	1960	3.2	3	3.09	0	0	2136093	0	0	
QST	12.7	10.5	11.6	0	0	0	0	0	0	0	0	0	0	0	0	0	0	0	0	0	0	0	11.6	0	0	79380	0	0	
THT	8.8	7.2	8	7.7	510	7.8	700	7.9	210	-0.1	-1.25	7.9	90	2490	8	700	8.1	1300	8.2	1020	8.5	7.9	8.18	0	0	726556	0	0	
THS	7.9	6.5	7.2	0	0	0	0	0	0	0	0	0	0	0	0	0	0	0	0	0	0	0	7.2	0	0	146790	0	0	
DID	5.5	4.5	5	0	0	0	0	0	0	0	0	0	0	0	4.5	2650	5.5	200	0	0	0	0	5	0	0	389730	0	0	
SFN	28	23	25.5	0	0	0	0	23	10	0	0	0	0	0	28	10	0	0	0	0	0	0	25.5	0	0	144576	0	0	
SHE	19.8	16.2	18	17	120	17.4	150	18	30	0	0	18	10	110	18.6	10	18.7	70	19	100	18	18	18	0	0	229040	0	0	
ITQ	2.7	2.3	2.5	0	0	2.3	20020	2.4	5090	0	0	2.5	10	4120	2.5	15220	2.6	23810	2.7	13840	2.5	2.4	2.43	0	0	1165771	0	0	
HTC	25.8	21.2	23.5	0	0	0	0	23	50	0	0	0	0	0	25.6	10	0	0	0	0	0	0	23.5	0	0	524030	0	0	
PSW	7.3	6.1	6.7	0	0	0	0	0	0	0	0	0	0	0	7.3	60	0	0	0	0	0	0	6.7	0	0	817960	0	0	
CIA	12.8	10.6	11.7	11.6	510	11.7	290	11.8	10	0.1	0.85	11.8	30	970	11.9	50	12	710	12.3	10	11.8	11.6	11.77	0	0	565434	0	0	
PSI	2.5	2.1	2.3	0	0	2.1	10	2.2	10	0	0	0	0	0	2.4	10	2.5	20	0	0	0	0	2.3	0	0	2039450	0	0	
SJ1	27.5	22.5	25	0	0	0	0	0	0	0	0	0	0	0	22.5	2050	25	100	27.5	10	0	0	25	0	0	1029806	0	0	
HTP	8.8	7.2	8	7.3	90	7.4	60	8	190	0	0	0	0	0	8.8	10	0	0	0	0	0	0	8	0	0	88044	0	0	
WSS	1.9	1.7	1.8	0	0	0	0	1.7	1890	0	0	0	0	0	1.8	210	1.9	190	0	0	0	0	1.8	0	0	2346830	0	0	
BII	0.8	0.6	0.7	0	0	0	0	0.6	121960	0	0	0.7	60	9880	0.7	80	0.8	42370	0	0	0.8	0.6	0.7	0	0	2470175	0	0	
PEN	5.6	4.6	5.1	0	0	4.6	70	5.6	50	-0.5	-9.8	4.6	540	540	0	0	0	0	0	0	4.6	4.6	4.6	0	0	245000	0	0	
VC7	6.6	5.4	6	0	0	0	0	5.4	800	0.4	6.67	6.4	180	1820	6.4	400	6.5	2200	6.6	590	6.5	5.6	6.31	1700	0	1118640	0	0	
DPC	11.5	9.5	10.5	9.8	50	10.2	30	10.3	10	-0.3	-2.86	10.2	100	100	10.6	30	10.8	100	10.9	100	10.2	10.2	10.2	0	0	106768	0	0	
VCC	10.6	8.8	9.7	0	0	9	1000	9.5	400	-0.2	-2.06	9.5	100	100	9.7	50	10.6	10	0	0	9.5	9.5	9.5	0	0	587210	0	0	
VC1	12.7	10.5	11.6	0	0	0	0	0	0	0	0	0	0	0	11.6	110	12.7	50	0	0	0	0	11.6	0	0	557269	0	0	
VTL	17.9	14.7	16.3	0	0	0	0	14.7	10	0	0	0	0	0	17.9	10	0	0	0	0	0	0	16.3	0	0	243261	0	0	
BLF	2.8	2.4	2.6	0	0	0	0	0	0	0	0	0	0	0	0	0	0	0	0	0	0	0	2.6	0	0	536148	0	0	
SMT	13.8	11.4	12.6	0	0	0	0	0	0	0	0	0	0	0	12.4	80	12.5	100	0	0	0	0	12.6	0	0	104756	0	0	
NTH	31.6	26	28.8	0	0	0	0	26.2	30	0	0	0	0	0	29	100	30	190	31	300	0	0	28.8	0	0	529300	0	0	
VE9	1.4	1.2	1.3	0	0	0	0	1.2	3180	0	0	1.3	10	10610	1.3	2460	1.4	8900	0	0	1.3	1.2	1.2	0	0	525027	0	0	
DAD	17.4	14.4	15.9	0	0	14.5	20	14.6	10	-1.4	-8.81	14.5	10	10	15.8	10	15.9	510	16.1	10	14.5	14.5	14.5	0	10	94040	0	0	
VE4	5.9	4.9	5.4	0	0	0	0	0	0	-0.5	-9.26	4.9	20	110	5.8	10	5.9	90	0	0	5	4.9	4.94	0	0	47592	0	0	
VE1	8.2	6.8	7.5	0	0	0	0	0	0	0.1	1.33	7.6	60	60	0	0	0	0	0	0	7.6	7.6	7.6	0	0	114226	0	0	
LBE	41.4	34	37.7	0	0	0	0	0	0	0	0	0	0	0	0	0	0	0	0	0	0	0	37.7	0	0	53330	0	0	
HJS	26.4	21.6	24	21.6	30	22.1	50	23.5	100	0	0	0	0	0	24	10	25	110	26.4	50	0	0	24	0	0	1027132	0	0	
HKB	0.9	0.7	0.8	0	0	0	0	0.7	21510	0	0	0.8	300	5940	0.8	36830	0.9	73170	0	0	0.8	0.7	0.76	0	0	2462558	0	0	
VGP	12.1	9.9	11	10.4	100	10.5	300	10.6	230	-0.2	-1.82	10.8	200	280	11	10	11.8	30	11.9	30	11	10.8	10.86	0	0	386555	0	0	
TTC	12.1	9.9	11	10	70	10.1	10	10.2	20	1	9.09	12	200	250	12	200	0	0	0	0	12	11.5	11.9	0	0	259298	0	0	
FID	1.1	0.9	1	0	0	0	0	0.9	520	0	0	1	10	10	1	1410	1.1	1830	0	0	1	1	1	0	0	1153266	0	0	
STP	7.1	5.9	6.5	0	0	6	10	6.2	60	0	0	0	0	0	6.4	100	6.9	1000	0	0	0	0	6.5	0	0	388253	0	0	
STC	17.4	14.4	15.9	14.5	10	14.6	60	14.8	10	-0.4	-2.52	15.5	10	10	15.5	20	16.2	40	17.4	460	15.5	15.5	15.5	0	0	245841	0	0	
KVC	1	0.8	0.9	0	0	0	0	0.8	123800	0	0	0.9	50	22120	0.9	24810	1	62760	0	0	0.9	0.8	0.85	80	0	2272780	0	0	
S55	25.3	20.7	23	20.7	100	22	910	22.5	170	0	0	0	0	0	23	200	23.5	140	24.5	1150	0	0	23	0	0	485782	0	0	
EID	11.6	9.6	10.6	10.3	20	10.4	220	10.5	300	0	0	10.6	10	350	10.7	700	10.8	500	10.9	10	10.6	10.6	10.6	100	0	391645	0	0	
SGD	11.1	9.1	10.1	9.1	20	9.2	40	9.4	10	-1	-9.9	9.1	10	10	10	10	10.1	10	10.6	10	9.1	9.1	9.1	0	0	196843	0	0	
VMC	10.6	8.8	9.7	9.6	290	9.7	760	9.8	10	0.3	3.09	10	10	2700	10	260	10.2	20	10.4	270	10	9.6	9.66	0	0	921000	0	0	
HAD	15.9	13.1	14.5	14.1	60	14.3	10	14.4	30	0.1	0.69	14.6	10	500	14.6	60	14.7	80	14.8	200	14.7	14.4	14.45	0	0	156559	0	0	
MKV	11	9	10	0	0	0	0	0	0	0	0	0	0	0	10	540	0	0	0	0	0	0	10	0	0	221284	0	0	
HBE	8.6	7.2	7.9	0	0	0	0	0	0	0	0	0	0	0	7.9	140	0	0	0	0	0	0	7.9	0	0	62866	0	0	
HAT	21.4	17.6	19.5	19.1	90	19.2	160	19.3	60	-0.2	-1.03	19.3	10	590	19.7	150	19.8	60	19.9	30	19.8	19.2	19.39	0	280	128412	0	0	
SIC	9.7	8.1	8.9	0	0	8.1	10	8.2	10	0	0	0	0	0	8.8	210	8.9	250	9	800	0	0	8.9	0	0	1168848	0	0	
HBS	2.2	1.8	2	0	0	0	0	1.8	2650	-0.1	-5	1.9	60	200	1.9	90	2	1190	2.1	200	1.9	1.9	1.9	0	0	1594625	0	0	
PTS	5.6	4.6	5.1	0	0	4.6	600	4.7	60	0	0	0	0	0	5.1	190	5.2	90	5.3	150	0	0	5.1	0	0	260283	0	0	
NBC	6.8	5.6	6.2	5.9	10	6	350	6.1	2080	0	0	6.2	270	6300	6.2	1630	6.3	2640	6.4	3010	6.3	6.2	6.22	0	0	1525740	0	0	
PVE	2.8	2.4	2.6	0	0	0	0	0	0	0	0	0	0	0	0	0	0	0	0	0	0	0	2.6	0	0	925951	0	0	
CLH	18.4	15.2	16.8	15.8	30	15.9	10	16.2	90	1.4	8.33	18.2	50	50	18.2	70	18.3	280	18.4	20	18.2	18.2	18.2	0	0	488530	0	0	
MAC	5.1	4.3	4.7	4.4	50	4.5	30	4.6	10	-0.1	-2.13	4.6	10	10	4.9	490	5	510	5.1	1030	4.6	4.6	4.6	0	0	712774	0	0	
VC2	15	12.4	13.7	12.5	20	12.6	20	13.7	30	0	0	13.7	10	50	15	50	0	0	0	0	13.7	13.6	13.64	0	0	730378	0	0	
VSA	19.6	16.2	17.9	0	0	0	0	16.2	10	-0.9	-5.03	17	50	200	17.5	50	17.9	150	19	100	17	17	17	0	0	635133	0	0	
NBW	30.9	25.3	28.1	0	0	0	0	25.4	20	1.8	6.41	29.9	10	240	29	50	29.8	50	29.9	50	30.7	25.3	26.84	0	0	225960	0	0	
TPH	9.2	7.6	8.4	0	0	0	0	0	0	0.1	1.19	8.5	20	570	0	0	0	0	0	0	9.2	8.5	8.99	0	0	98452	0	0	
VTJ	5.9	4.9	5.4	0	0	0	0	4.9	10	0	0	0	0	0	5.4	100	5.8	130	5.9	500	0	0	5.4	0	0	558430	0	0	
VTH	11.5	9.5	10.5	0	0	0	0	0	0	0	0	0	0	0	11.5	10	0	0	0	0	0	0	10.5	0	0	243990	0	0	
VTV	7.7	6.3	7	0	0	0	0	6.3	50	-0.7	-10	6.3	10	250	7.1	200	7.2	100	7.3	30	7	6.3	6.96	0	0	1522519	0	0	
VTS	34.7	28.5	31.6	0	0	0	0	0	0	0	0	0	0	0	28.5	890	31.6	10	0	0	0	0	31.6	0	0	52936	0	0	
MAS	38.7	31.7	35.2	35	20	35.1	150	35.2	100	0	0	0	0	0	38	60	38.6	10	38.7	40	0	0	35.2	0	0	163626	0	0	
VTC	11	9	10	0	0	9	70	10	80	0	0	0	0	0	10.4	270	11	80	0	0	0	0	10	0	0	169242	0	0	
PIC	9.4	7.8	8.6	7.8	40	8	30	8.2	20	0.3	3.49	8.9	10	10	8.9	40	9.2	80	0	0	8.9	8.9	8.9	0	0	1633642	0	0	
VDL	25.8	21.2	23.5	0	0	21.2	30	21.3	20	2	8.51	25.5	10	60	24	10	24.9	10	25	160	25.5	21.3	23.58	0	10	706295	0	0	
PJC	27.2	22.4	24.8	0	0	0	0	0	0	0	0	24.8	20	50	27	10	27.2	20	0	0	24.8	24.8	24.8	30	0	351308	0	0	
DBT	11.8	9.8	10.8	0	0	10.3	20	10.4	100	0	0	0	0	0	10.8	20	11	20	0	0	0	0	10.8	0	0	0	0	0	
MCO	1.9	1.7	1.8	0	0	1.7	13130	1.8	7190	0	0	1.8	10	220	0	0	0	0	0	0	1.9	1.8	1.8	0	0	192771	0	0	
CAN	26.6	21.8	24.2	0	0	22	30	22.2	50	2	8.26	26.2	10	10	26.1	10	26.3	40	26.4	40	26.2	26.2	26.2	0	0	123068	0	0	
LCD	7.4	6.2	6.8	0	0	0	0	6.2	10	0	0	0	0	0	0	0	0	0	0	0	0	0	6.8	0	0	73500	0	0	
TBX	24.5	20.1	22.3	0	0	0	0	0	0	0	0	0	0	0	20.1	40	0	0	0	0	0	0	22.3	0	0	73981	0	0	
SAF	58.8	48.2	53.5	48.7	60	48.8	60	49	60	-3.5	-6.54	50	40	60	53.3	10	53.5	60	54.8	10	50	50	50	0	0	359611	0	0	
CAP	37.1	30.5	33.8	33.2	10	33.5	20	33.6	10	-0.2	-0.59	33.6	90	540	33.7	60	33.8	570	33.9	440	33.9	33.4	33.7	0	0	247998	0	0	
HLY	49	40.2	44.6	0	0	0	0	0	0	0	0	0	0	0	0	0	0	0	0	0	0	0	44.6	0	0	43044	0	0	
HLD	19.8	16.2	18	17.9	200	18	660	18.1	20	0.1	0.56	18.1	10	580	18.3	20	18.4	340	18.5	10	18.4	17.9	18.17	0	110	808534	0	0	
HLC	8	6.6	7.3	0	0	0	0	0	0	0	0	0	0	0	7.5	20	7.7	10	7.8	20	0	0	7.3	0	0	1102303	0	0	
LCS	2.3	1.9	2.1	0	0	0	0	1.9	110	0	0	0	0	0	2.1	620	2.2	500	2.3	2500	0	0	2.1	0	0	371890	0	0	
EVS	9.5	7.9	8.7	0	0	0	0	0	0	-0.4	-4.6	8.3	10	30	8.1	50	8.2	50	8.3	450	8.3	8.2	8.23	0	0	6000040	0	0	
VGS	8.6	7.2	7.9	7.7	30	7.8	100	7.9	520	0.1	1.27	8	10	1080	8	3040	8.1	620	8.2	3400	8	7.6	7.92	0	0	1997555	0	0	
GKM	19.4	16	17.7	16.9	10	17	180	17.2	390	-0.1	-0.56	17.6	10	15110	17.6	290	17.7	840	17.8	960	17.6	17.2	17.48	0	0	729301	0	0	
VIE	6.7	5.5	6.1	0	0	0	0	0	0	0	0	0	0	0	0	0	0	0	0	0	0	0	6.1	0	0	100079	0	0	
TV3	34.9	28.7	31.8	0	0	0	0	28.7	10	-3.1	-9.75	28.7	90	90	31.8	70	31.9	10	32	200	28.7	28.7	28.7	0	0	405465	0	0	
BBS	12.6	10.4	11.5	0	0	0	0	0	0	0	0	0	0	0	12	10	0	0	0	0	0	0	11.5	0	0	291494	0	0	
BAX	43.1	35.3	39.2	38.5	130	38.6	50	38.7	80	-0.5	-1.28	38.7	20	30	39.4	40	39.5	40	39.6	20	39.2	38.7	38.87	0	0	387920	0	0	
L62	7.7	6.3	7	0	0	0	0	0	0	0	0	0	0	0	0	0	0	0	0	0	0	0	7	0	0	0	0	0	
SD9	5.7	4.7	5.2	4.7	20	4.8	500	4.9	20	0	0	5.2	50	90	5.1	30	5.2	2150	5.3	20	5.2	5	5.13	0	0	1436671	0	0	
L61	14.1	11.7	12.9	0	0	0	0	0	0	0	0	0	0	0	11.7	50	12.5	70	13	20	0	0	12.9	0	0	0	0	0	
APS	2.4	2	2.2	0	0	2	640	2.1	440	0.1	4.55	2.3	10	30	2.3	1070	2.4	2150	0	0	2.3	2.1	2.17	0	0	2750605	0	0	
TVD	7.4	6.2	6.8	6.5	20	6.6	540	6.7	10	0	0	6.8	30	1030	6.8	1000	6.9	10	7	10	6.8	6.8	6.8	0	0	2190390	0	0	
APP	5.6	4.6	5.1	0	0	0	0	4.6	110	-0.5	-9.8	4.6	50	70	5.1	220	5.5	220	0	0	4.6	4.6	4.6	0	0	226401	0	0	
SEB	31.3	25.7	28.5	28.6	110	28.7	150	28.8	10	0	0	0	0	0	30.8	10	30.9	20	31	210	0	0	28.5	0	0	1563244	0	0	
VKC	2.9	2.5	2.7	0	0	0	0	2.5	1860	-0.1	-3.7	2.6	30	1020	2.6	170	2.7	6250	2.8	1290	2.6	2.6	2.6	0	0	695533	0	0	
AAV	5.5	4.5	5	4.8	2320	4.9	2680	5	500	0.1	2	5.1	20	35300	5.1	2620	5.2	5600	5.3	2550	5.2	4.9	5.05	0	0	0	0	0	
MIM	13.5	11.1	12.3	0	0	0	0	0	0	0	0	0	0	0	0	0	0	0	0	0	0	0	12.3	0	0	165835	0	0	
SVN	1.5	1.3	1.4	1.4	440	1.5	4320	0	1500	0.1	7.14	1.5	250	2310	0	0	0	0	0	0	1.5	1.4	1.5	2200	0	858930	0	0	
DXP	11.5	9.5	10.5	9.7	140	9.8	30	10	290	-0.1	-0.95	10.4	10	220	10.4	10	10.5	90	10.8	530	11	10.4	10.44	20	0	277977	0	0	
CVN	8.6	7.2	7.9	8.5	380	8.6	3020	0	20	0.7	8.86	8.6	20	7470	0	0	0	0	0	0	8.6	8	8.19	0	0	404110	0	0	
HPM	14.1	11.7	12.9	0	0	0	0	0	0	0	0	0	0	0	11.7	90	0	0	0	0	0	0	12.9	0	0	179520	0	0	
ICG	6	5	5.5	5	1530	5.1	1000	5.2	550	-0.2	-3.64	5.3	10	960	5.3	550	5.4	140	5.6	60	5.4	5.2	5.25	0	0	845024	0	0	
CX8	9.4	7.8	8.6	0	0	0	0	0	0	0	0	0	0	0	0	0	0	0	0	0	0	0	8.6	0	0	102786	0	0	
KHS	12.7	10.5	11.6	0	0	0	0	11	100	0	0	0	0	0	12.7	500	0	0	0	0	0	0	11.6	0	0	584856	0	0	
QTC	19.5	16.1	17.8	16.3	260	16.6	10	16.7	10	0.6	3.37	18.4	10	10	18.4	50	18.5	60	18.9	20	18.4	18.4	18.4	0	0	48926	0	0	
ATS	29.3	24.1	26.7	0	0	0	0	0	0	0	0	0	0	0	0	0	0	0	0	0	0	0	26.7	0	0	171480	0	0	
BXH	15.9	13.1	14.5	0	0	0	0	0	0	0	0	0	0	0	0	0	0	0	0	0	0	0	14.5	0	0	147589	0	0	
PBP	7.1	5.9	6.5	6	1000	6.1	100	6.2	10	0	0	6.5	10	20	6.5	30	6.7	300	7	100	6.5	5.9	6.2	0	0	231111	0	0	
VNT	61.1	50.1	55.6	0	0	53.1	20	55.6	500	0.1	0.18	55.7	10	12720	58	100	61	100	0	0	55.8	53.1	55.8	0	0	410950	0	0	
C92	10.1	8.3	9.2	0	0	0	0	0	0	0	0	0	0	0	8.3	500	10	50	10.1	90	0	0	9.2	0	0	258285	0	0	
HCC	11.6	9.6	10.6	9.6	10	9.7	10	10.4	70	0	0	10.6	10	30	10.6	50	10.7	110	10.8	200	10.6	10.6	10.6	0	0	221080	0	0	
SJC	0.7	0.5	0.6	0	0	0	0	0	0	0	0	0	0	0	0	0	0	0	0	0	0	0	0.6	0	0	350709	0	0	
TKU	13.3	10.9	12.1	0	0	0	0	0	0	0.7	5.79	12.8	20	60	12.8	430	12.9	500	13	80	13.3	12.8	12.95	10	50	53736	0	0	
CJC	18.8	15.4	17.1	0	0	0	0	0	0	0	0	0	0	0	17.1	250	17.5	310	0	0	0	0	17.1	0	0	194710	0	0	
HCT	11.9	9.9	10.9	0	0	0	0	0	0	0	0	10.9	10	280	10.9	30	11.8	70	11.9	150	10.9	9.9	9.94	0	270	42362	0	0	
PV2	2.8	2.4	2.6	0	0	2.4	100	2.5	30	-0.1	-3.85	2.5	20	20	2.6	640	2.7	1000	2.8	1000	2.5	2.5	2.5	0	0	1828500	0	0	
DNY	1.9	1.7	1.8	0	0	1.8	300	1.9	20	0.1	5.56	1.9	500	610	0	0	0	0	0	0	1.9	1.8	1.9	0	0	1294172	0	0	
VAT	1.7	1.5	1.6	0	0	0	0	0	0	0	0	0	0	0	0	0	0	0	0	0	0	0	1.6	0	0	199108	0	0	
PVX	0.9	0.7	0.8	0	0	0.7	436170	0.8	22190	0	0	0.8	50	230680	0.9	362750	0	0	0	0	0.9	0.7	0.8	20080	560	19344193	0	0	
TMX	16.8	13.8	15.3	0	0	0	0	0	0	0	0	0	0	0	15.3	20	16.3	100	16.8	30	0	0	15.3	0	0	244851	0	0	
NAP	14.3	11.7	13	0	0	0	0	0	0	0	0	0	0	0	0	0	0	0	0	0	0	0	13	0	0	1054342	0	0	
PVC	5.9	4.9	5.4	5.1	1960	5.2	8280	5.3	6200	0	0	5.4	20	14640	5.4	230	5.5	80390	5.6	4200	5.4	5.3	5.39	0	0	1889874	0	0	
PVB	15.9	13.1	14.5	14	1790	14.1	540	14.2	260	-0.3	-2.07	14.2	10	10250	14.3	600	14.4	310	14.5	710	14.7	14.1	14.27	0	0	1057591	0	0	
PVL	1.3	1.1	1.2	0	0	0	0	1.1	7120	-0.1	-8.33	1.1	10	20	1.2	7100	1.3	3430	0	0	1.1	1.1	1.1	0	0	2376859	0	0	
PVG	7.5	6.3	6.9	6.6	600	6.7	910	6.8	2090	0	0	6.9	20	3440	6.9	2980	7	7290	7.1	10	6.9	6.8	6.87	0	0	1762139	0	0	
SMN	9.5	7.9	8.7	7.9	70	8	390	8.1	110	0	0	0	0	0	8.7	190	8.9	320	9.3	50	0	0	8.7	0	0	211355	0	0	
NBP	13.2	10.8	12	0	0	10.8	200	11.2	100	0	0	0	0	0	12.4	150	12.5	100	13	200	0	0	12	0	0	530279	0	0	
BKC	6.4	5.4	5.9	0	0	5.4	120	5.5	30	0	0	0	0	0	0	0	0	0	0	0	0	0	5.9	0	0	573668	0	0	
HHP	13.7	11.3	12.5	11.6	690	11.7	1390	11.8	890	-0.7	-5.6	11.8	50	16740	12	200	12.1	280	12.2	1670	12.5	11.8	12.28	0	0	851793	0	0	
EBS	7.7	6.3	7	6.3	60	6.5	80	6.8	10	0	0	7	80	90	7.1	80	7.2	120	7.7	130	7	7	7	0	0	415310	0	0	
HHG	1.2	1	1.1	0	0	1	20090	1.1	3670	0	0	1.1	250	1160	1.2	7980	0	0	0	0	1.1	1.1	1.1	0	0	1652328	0	0	
EBA	9.9	8.1	9	8.1	10	9	30	9.9	70	0	0	0	0	0	0	0	0	0	0	0	0	0	9	0	0	1550000	0	0	
TA9	9.3	7.7	8.5	8	100	8.1	570	8.2	430	0.2	2.35	8.7	60	250	8.7	30	9.1	10	9.3	80	8.7	8.7	8.7	0	0	579042	0	0	
VE8	9.9	8.1	9	0	0	0	0	0	0	0	0	0	0	0	9.2	10	9.5	100	0	0	0	0	9	0	0	87680	0	0	
DAE	15.8	13	14.4	13.4	20	13.6	20	13.8	20	-0.4	-2.78	14	50	50	14.3	50	14.4	20	14.5	50	14	14	14	0	50	61012	0	0	
VE3	6.7	5.5	6.1	0	0	0	0	0	0	0	0	0	0	0	6	100	6.4	90	6.5	100	0	0	6.1	0	0	56589	0	0	
SPI	1.2	1	1.1	0	0	1	20860	1.1	1330	0	0	1.1	170	27550	1.2	29720	0	0	0	0	1.2	1	1.15	0	0	802505	0	0	
ALT	12.8	10.6	11.7	0	0	10.6	50	11.8	10	0.2	1.71	11.9	560	560	12.8	100	0	0	0	0	11.9	11.9	11.9	0	0	282665	0	0	
DC4	14.8	12.2	13.5	0	0	0	0	0	0	0.4	2.96	13.9	10	40	13.9	80	14	320	14.4	20	14	12.3	13.43	0	0	1468583	0	0	
DC2	6.8	5.6	6.2	0	0	6	1500	6.2	790	0	0	6.2	300	310	6.4	10	6.6	1500	0	0	6.2	6.2	6.2	0	0	123460	0	0	
SPP	0.5	0.3	0.4	0	0	0.3	36280	0.4	30	0	0	0.4	90	11870	0.5	94250	0	0	0	0	0.5	0.3	0.39	0	0	2477714	0	0	
BPC	13	10.8	11.9	0	0	0	0	0	0	0	0	0	0	0	12	10	12.2	10	13	120	0	0	11.9	0	0	178873	0	0	
HKT	4.2	3.6	3.9	3.8	30	3.9	30	4	80	0.1	2.56	4	10	170	0	0	0	0	0	0	4.2	4	4.19	0	0	298207	0	0	
TC6	4.6	3.8	4.2	3.9	350	4	550	4.1	700	0	0	4.2	60	3320	4.2	440	4.3	950	4.4	750	4.2	4.2	4.2	0	0	1494371	0	0	
NHC	38.1	31.3	34.7	0	0	0	0	0	0	0	0	0	0	0	34	150	34.6	50	35	480	0	0	34.7	0	0	97297	0	0	
TV4	12.2	10	11.1	10.8	200	11	260	11.1	40	0	0	11.1	10	1760	11.2	700	11.3	200	11.4	520	11.2	11.1	11.19	0	0	774742	0	0	
HMH	8.9	7.3	8.1	7.6	500	8	540	8.1	310	0.6	7.41	8.7	90	1240	8.7	200	8.9	90	0	0	8.7	8.2	8.24	0	90	391932	0	0	
TFC	4.8	4	4.4	4	310	4.1	50	4.2	50	0.1	2.27	4.5	10	10	4.5	530	4.6	30	4.7	50	4.5	4.5	4.5	10	0	285079	0	0	
API	9.9	8.1	9	9	10	9.1	10	9.3	10	0.9	10	9.9	10	10	0	0	0	0	0	0	9.9	9.9	9.9	0	0	177107	0	0	
HNM	4.9	4.1	4.5	0	0	0	0	0	0	0	0	0	0	0	0	0	0	0	0	0	0	0	4.5	0	0	963835	0	0	
CTT	10.5	8.7	9.6	0	0	0	0	0	0	0	0	0	0	0	0	0	0	0	0	0	0	0	9.6	0	0	228970	0	0	
POT	15.8	13	14.4	0	0	0	0	13	10	-0.1	-0.69	14.3	10	210	14.3	10	14.4	10	14.5	10	14.3	13.5	13.54	0	0	950192	0	0	
BCF	59.4	48.6	54	0	0	0	0	0	0	0	0	0	0	0	54	230	59	10	0	0	0	0	54	0	0	0	0	0	
PPP	16.3	13.5	14.9	0	0	13.5	30	14	100	1.2	8.05	16.1	20	20	15	1240	16	700	16.1	500	16.1	16.1	16.1	0	0	423057	0	0	
VLA	12.7	10.5	11.6	0	0	0	0	0	0	0	0	0	0	0	0	0	0	0	0	0	0	0	11.6	0	0	46370	0	0	
PPS	7.1	5.9	6.5	6.3	770	6.4	110	6.5	40	0	0	6.5	10	110	7	40	7.1	2790	0	0	6.5	6.5	6.5	0	0	199738	0	0	
RCL	14.7	12.1	13.4	12.5	30	12.6	110	12.8	150	-0.4	-2.99	13	60	690	13.4	2000	0	0	0	0	13.2	13	13.12	0	0	475591	0	0	
PPE	6.1	5.1	5.6	0	0	5.1	40	5.6	500	0	0	0	0	0	0	0	0	0	0	0	0	0	5.6	0	0	97470	0	0	
S74	4.7	3.9	4.3	0	0	0	0	0	0	0	0	0	0	0	0	0	0	0	0	0	0	0	4.3	0	0	308588	0	0	
ACM	0.6	0.4	0.5	0	0	0.4	97170	0.5	114200	0.1	20	0.6	2570	30340	0.6	195600	0	0	0	0	0.6	0.5	0.56	0	0	2471768	0	0	
DZM	2.3	1.9	2.1	2.2	5500	2.3	3300	0	520	0.2	9.52	2.3	720	51270	0	0	0	0	0	0	2.3	2.2	2.27	0	0	209329	0	0	
PPY	29	23.8	26.4	0	0	0	0	0	0	0	0	0	0	0	0	0	0	0	0	0	0	0	26.4	0	0	403666	0	0	
DIH	15.1	12.5	13.8	0	0	12.5	20	12.7	1000	1.3	9.42	15.1	10	10	15.1	90	0	0	0	0	15.1	15.1	15.1	0	0	293414	0	0	
IDC	18.9	15.5	17.2	16.9	900	17	860	17.1	470	-0.1	-0.58	17.1	100	670	17.3	130	17.4	110	17.5	630	17.3	17	17.2	0	0	14608167	0	0	
PCG	5.6	4.6	5.1	0	0	0	0	4.6	30	0	0	5.1	10	10	5.1	1380	0	0	0	0	5.1	5.1	5.1	0	10	28328	0	0	
PCE	6.9	5.7	6.3	6.3	100	6.9	50	0	30	0	0	0	0	0	0	0	0	0	0	0	0	0	6.3	0	0	450880	0	0	
PSE	8.1	6.7	7.4	0	0	0	0	0	0	0.5	6.76	7.9	10	10	7.9	340	8	90	8.1	50	7.9	7.9	7.9	0	0	556000	0	0	
SZB	35.2	28.8	32	31.5	560	31.6	80	31.7	50	0	0	32	10	5420	32	230	32.4	40	32.5	1000	32.4	31.7	32	0	0	1470000	0	0	
HDA	9	7.4	8.2	7.9	1240	8	1940	8.1	510	-0.1	-1.22	8.1	90	29800	8.2	200	8.3	960	8.4	670	8.2	8.1	8.12	0	0	498057	0	0	
PCT	5.7	4.7	5.2	0	0	4.8	50	5.1	90	-0.1	-1.92	5.1	100	120	5.7	40	0	0	0	0	5.1	5.1	5.1	0	0	1099770	0	0	
CKV	15.4	12.6	14	12.7	40	13.6	100	13.8	20	0	0	0	0	0	14	210	15.4	60	0	0	0	0	14	0	0	145057	0	0	
V12	11.4	9.4	10.4	0	0	0	0	0	0	0	0	0	0	0	10.8	30	11.4	1930	0	0	0	0	10.4	0	0	285032	0	0	
NAG	4.7	3.9	4.3	4	340	4.1	870	4.2	150	0	0	4.3	10	530	4.3	540	4.4	1060	4.5	340	4.4	4.2	4.27	0	0	710567	0	0	
KKC	5.6	4.6	5.1	4.9	50	5	100	5.1	50	0.3	5.88	5.4	10	10	5.4	10	5.5	220	5.6	50	5.4	5.4	5.4	0	0	203178	0	0	
VBC	20.4	16.8	18.6	0	0	0	0	0	0	0	0	0	0	0	18.5	10	18.6	100	19	50	0	0	18.6	0	0	349843	0	0	
WCS	189.2	154.8	172	160	10	163	10	165	30	0	0	0	0	0	168.5	30	171	10	172	20	0	0	172	0	0	56547	0	0	
HVT	39.6	32.4	36	0	0	0	0	0	0	1	2.78	37	10	10	37	90	0	0	0	0	37	37	37	0	0	518626	0	0	
CLM	17.6	14.4	16	0	0	14.6	50	14.7	20	0	0	0	0	0	17.2	100	0	0	0	0	0	0	16	0	0	0	0	0	
VC9	12.1	9.9	11	0	0	0	0	0	0	-1	-9.09	10	10	30	10	80	12.1	2620	0	0	12.1	10	10.7	0	0	556625	0	0	
VC6	7.9	6.5	7.2	6.5	30	6.6	20	7.2	300	0	0	0	0	0	7.5	20	0	0	0	0	0	0	7.2	0	0	311542	0	0	
SLS	57.6	47.2	52.4	52.7	10	52.8	50	52.9	10	2.2	4.2	54.6	10	2690	54.6	10	54.8	50	54.9	20	54.9	52	53.08	110	0	443620	0	0	
DP3	82.5	67.5	75	81	120	82	100	82.4	90	7.4	9.87	82.4	10	6330	82.5	240	0	0	0	0	82.5	75.2	81.99	310	0	417204	0	0	
FDT	42.6	35	38.8	0	0	0	0	0	0	0	0	0	0	0	0	0	0	0	0	0	0	0	38.8	0	0	149670	0	0	
TPP	13.3	10.9	12.1	0	0	0	0	0	0	0	0	0	0	0	0	0	0	0	0	0	0	0	12.1	0	0	971887	0	0	
VCM	17.6	14.4	16	15.1	50	15.5	20	16	100	0	0	0	0	0	0	0	0	0	0	0	0	0	16	0	0	0	0	0	
DPS	0.4	0.2	0.3	0	0	0	0	0	0	0	0	0	0	0	0	0	0	0	0	0	0	0	0.3	0	0	1511101	0	0	
MCF	9.6	8	8.8	8.2	50	8.3	40	8.8	10	0.5	5.68	9.3	10	10	9.2	70	9.3	40	9.5	60	9.3	9.3	9.3	10	0	426337	0	0	
ECI	17.6	14.4	16	0	0	0	0	0	0	0	0	0	0	0	0	0	0	0	0	0	0	0	16	0	0	81210	0	0	
CPC	17.1	14.1	15.6	0	0	0	0	14.6	50	0	0	0	0	0	15.6	30	15.7	30	16	20	0	0	15.6	0	0	127977	0	0	
L18	9.9	8.1	9	0	0	0	0	8.1	10	0	0	0	0	0	9.1	20	9.2	150	9.3	290	0	0	9	0	0	1124694	0	0	
D11	20.9	17.1	19	17.5	100	17.6	200	18	20	-1	-5.26	18	10	10	18.1	20	18.5	100	18.8	100	18	18	18	0	0	320442	0	0	
MDC	7.4	6.2	6.8	0	0	0	0	0	0	0	0	0	0	0	7.4	120	0	0	0	0	0	0	6.8	0	0	676439	0	0	
AMC	21.2	17.4	19.3	0	0	18	10	18.1	10	0	0	0	0	0	19.5	500	0	0	0	0	0	0	19.3	0	0	128530	0	0	
MEC	0.7	0.5	0.6	0	0	0	0	0.5	5420	0	0	0.6	10	820	0.6	3300	0.7	8680	0	0	0.6	0.5	0.5	0	0	340608	0	0	
TST	9	7.4	8.2	0	0	0	0	0	0	-0.8	-9.76	7.4	200	700	8.6	10	8.8	110	8.9	200	7.4	7.4	7.4	0	700	219970	0	0	
LDP	22	18	20	0	0	0	0	0	0	0	0	0	0	0	20	20	20.9	10	21	500	0	0	20	0	0	0	0	0	
TTT	41.5	34.1	37.8	0	0	34.4	10	34.6	40	0	0	37.8	30	30	37.8	240	39	10	41.4	10	37.8	37.8	37.8	0	0	197210	0	0	
INC	8.4	7	7.7	0	0	0	0	7	10	0	0	0	0	0	0	0	0	0	0	0	0	0	7.7	0	0	98000	0	0	
DDG	29.2	24	26.6	26.3	440	26.4	430	26.5	120	0	0	26.6	10	9370	26.6	40	26.7	150	26.8	220	26.9	26.1	26.49	0	0	1199990	0	0	
QNC	3.5	2.9	3.2	0	0	0	0	0	0	-0.3	-9.37	2.9	500	500	3.4	100	3.5	1400	0	0	2.9	2.9	2.9	0	0	968113	0	0	
TCS	9.6	8	8.8	8.3	1070	8.4	820	8.5	360	-0.1	-1.14	8.7	10	5460	8.7	680	8.8	1080	8.9	20	8.8	8.5	8.61	0	0	1178283	0	0	
SRA	13.2	10.8	12	11.7	190	11.8	720	11.9	10	-0.1	-0.83	11.9	40	3790	12	410	12.1	640	12.2	200	12.3	11.9	11.99	0	0	835911	0	0	
KSQ	1.2	1	1.1	0	0	1	6800	1.1	7290	0	0	1.1	120	3750	1.2	11600	0	0	0	0	1.2	1.1	1.1	0	0	1457160	0	0	
PMS	14	11.6	12.8	13.1	110	13.2	110	13.3	40	1.2	9.37	14	100	400	14	250	0	0	0	0	14	13.9	13.96	0	0	315545	0	0	
PMP	8.4	7	7.7	0	0	7.1	60	7.7	10	0	0	0	0	0	8.4	10	0	0	0	0	0	0	7.7	0	0	203380	0	0	
TDN	8	6.6	7.3	6.9	1100	7	1410	7.1	2300	-0.1	-1.37	7.2	10	17770	7.2	600	7.3	2460	7.4	3050	7.3	7.1	7.19	20	0	1439157	0	0	
TTZ	1.9	1.7	1.8	0	0	0	0	1.7	2800	-0.1	-5.56	1.7	60	2530	1.8	6740	1.9	3420	0	0	1.8	1.7	1.7	0	0	169112	0	0	
PMC	55.5	45.5	50.5	48.5	10	48.8	10	49.1	60	-0.5	-0.99	50	10	110	50	240	50.4	50	50.5	60	50.4	50	50.07	60	0	254067	0	0	
PMB	9.7	8.1	8.9	0	0	0	0	0	0	0	0	0	0	0	8.5	100	9	200	9.1	300	0	0	8.9	0	0	461560	0	0	
TDT	11	9	10	9.8	450	9.9	1760	10	730	0.1	1	10.1	50	3190	10.1	150	10.2	4910	10.3	660	10.1	9.9	10.01	0	0	569411	0	0	
SDA	2.5	2.1	2.3	0	0	0	0	2.1	10	0	0	0	0	0	2.2	50	2.3	1120	2.4	80	0	0	2.3	0	0	0	0	0	
GLT	27.5	22.5	25	0	0	22.5	10	22.6	10	1.9	7.6	26.9	10	10	25	130	26	400	26.8	50	26.9	26.9	26.9	10	0	247282	0	0	
SDG	35.6	29.2	32.4	0	0	0	0	0	0	0	0	0	0	0	0	10	0	0	0	0	0	0	32.4	0	0	330987	0	0	
KDM	2	1.8	1.9	0	0	1.8	430	1.9	1890	0	0	1.9	300	7820	2	610	0	0	0	0	2	1.8	1.9	0	30	345553	0	0	
SDC	17.8	14.6	16.2	0	0	0	0	0	0	0	0	0	0	0	14.6	30	16.8	20	17	10	0	0	16.2	0	0	107988	0	0	
SD6	2.7	2.3	2.5	0	0	0	0	2.3	1150	-0.1	-4	2.4	50	750	2.4	160	2.5	540	2.6	2240	2.4	2.3	2.39	0	0	1226674	0	0	
SD5	5.2	4.4	4.8	4.4	450	4.5	50	4.6	180	0.3	6.25	5.1	10	10	4.8	210	4.9	200	5	310	5.1	5.1	5.1	10	0	1017779	0	0	
TET	33.2	27.2	30.2	0	0	0	0	0	0	0	0	0	0	0	0	0	0	0	0	0	0	0	30.2	0	0	279394	0	0	
SD4	4.1	3.5	3.8	0	0	0	0	3.5	10	0	0	0	0	0	3.9	730	4.1	600	0	0	0	0	3.8	0	0	464786	0	0	
VIT	15.8	13	14.4	14.1	10	14.2	20	14.4	310	0.1	0.69	14.5	20	1790	14.6	160	14.7	120	14.8	110	14.5	14.4	14.5	0	0	944950	0	0	
SD2	6.3	5.3	5.8	0	0	0	0	5.4	10	0	0	0	0	0	6	90	6.2	3320	6.3	300	0	0	5.8	0	0	619005	0	0	
GMX	26.6	21.8	24.2	0	0	0	0	22	10	0	0	0	0	0	24.2	200	24.5	350	0	0	0	0	24.2	0	0	250304	0	0	
SDN	32.2	26.4	29.3	0	0	0	0	0	0	0	0	0	0	0	29.3	10	0	0	0	0	0	0	29.3	0	0	36143	0	0	
SDU	7.4	6.2	6.8	0	0	6.2	70	6.8	90	0	0	6.8	10	20	0	0	0	0	0	0	7.4	6.8	7.1	0	0	977790	0	0	
SDT	3.1	2.7	2.9	0	0	2.7	440	2.8	1220	0	0	2.9	10	10900	2.9	3090	3	1470	3.1	7680	3	2.8	2.9	0	0	1717326	0	0	
TXM	2.8	2.4	2.6	0	0	2.4	700	2.5	510	0.1	3.85	2.7	10	80	2.7	80	2.8	550	0	0	2.7	2.6	2.61	0	0	218727	0	0	
BDB	11.8	9.8	10.8	0	0	0	0	0	0	0	0	0	0	0	11	100	0	0	0	0	0	0	10.8	0	0	55197	0	0	
ARM	32.5	26.7	29.6	26.8	20	29.6	300	29.7	100	0	0	0	0	0	0	0	0	0	0	0	0	0	29.6	0	0	126933	0	0	
ONE	3.5	2.9	3.2	3	700	3.1	210	3.2	950	0	0	3.2	50	70	3.3	40	3.4	300	3.5	300	3.2	3.2	3.2	50	0	321976	0	0	
SGC	63.3	51.9	57.6	52.6	100	52.7	100	57.6	1000	0	0	0	0	0	0	0	0	0	0	0	0	0	57.6	0	0	343746	0	0	
SGH	45.5	37.3	41.4	0	0	0	0	37.7	50	0	0	0	0	0	45.5	80	0	0	0	0	0	0	41.4	0	0	600180	0	0	
VMI	0.7	0.5	0.6	0	0	0	0	0	0	0	0	0	0	0	0	0	0	0	0	0	0	0	0.6	0	0	449469	0	0	
VNF	31.4	25.8	28.6	0	0	0	0	0	0	0	0	0	0	0	27.6	450	28	360	28.6	250	0	0	28.6	0	0	377695	0	0	
TJC	6.7	5.5	6.1	5.6	50	6	80	6.1	10	0.4	6.56	6.5	10	100	0	0	0	0	0	0	6.7	6.5	6.56	0	0	419386	0	0	
VNC	35.3	28.9	32.1	30.5	30	32.2	20	32.3	10	1.1	3.43	33.2	10	80	35.1	20	35.2	20	0	0	33.2	32.2	32.33	0	0	375839	0	0	
X20	8.9	7.3	8.1	0	0	0	0	7.3	20	0	0	0	0	0	0	0	0	0	0	0	0	0	8.1	0	0	845040	0	0	
ADC	14.6	12	13.3	13	180	13.1	130	13.2	30	-0.1	-0.75	13.2	20	320	14	60	14.1	30	14.2	170	13.3	12.3	13.13	0	0	104499	0	0	
VMS	6.3	5.3	5.8	5.5	310	5.6	210	5.7	140	0	0	0	0	0	0	0	0	0	0	0	0	0	5.8	0	0	435370	0	0	
PRC	10.4	8.6	9.5	0	0	0	0	0	0	0	0	0	0	0	0	0	0	0	0	0	0	0	9.5	0	0	58680	0	0	
PSC	16.5	13.5	15	0	0	13.6	20	14	20	0	0	0	0	0	16	110	0	0	0	0	0	0	15	0	0	350363	0	0	
PDC	7.8	6.4	7.1	0	0	0	0	0	0	0	0	0	0	0	6.4	960	6.8	90	7.1	660	0	0	7.1	0	0	734590	0	0	
PDB	9.1	7.5	8.3	7.8	10	7.9	30	8	10	-0.3	-3.61	8	10	990	8.2	10	8.3	10	8.4	440	8.3	8	8.29	0	0	355877	0	0	
LM7	4.8	4	4.4	0	0	0	0	0	0	-0.1	-2.27	4.3	10	550	4.1	30	4.2	700	4.3	20	4.3	4	4.01	0	0	244660	0	0	
TMC	13.2	10.8	12	0	0	0	0	10.8	50	0	0	0	0	0	12	50	12.4	20	12.5	200	0	0	12	0	0	596900	0	0	
V21	8.9	7.3	8.1	0	0	0	0	0	0	0	0	0	0	0	7.3	320	8	50	0	0	0	0	8.1	0	0	587649	0	0	
MPT	1.4	1.2	1.3	0	0	1.2	27560	1.3	330	0	0	1.3	10	6100	1.4	23700	0	0	0	0	1.4	1.2	1.3	0	0	823184	0	0	
DNC	64.9	53.1	59	0	0	0	0	0	0	0	0	0	0	0	64	20	64.9	20	0	0	0	0	59	0	0	200562	0	0	
DNM	39	32	35.5	34.5	90	34.6	10	35	220	0.5	1.41	36	10	2100	36	40	36.5	210	36.9	100	37	34	35.23	0	2	196634	0	0	
CMS	2.7	2.3	2.5	0	0	2.3	510	2.4	1770	0	0	2.5	270	2770	2.5	270	2.6	950	2.7	310	2.5	2.4	2.43	0	0	816716	0	0	
KMT	8.2	6.8	7.5	0	0	0	0	0	0	0	0	0	0	0	8	480	8.2	160	0	0	0	0	7.5	0	0	482411	0	0	
GDW	43.2	35.4	39.3	0	0	0	0	0	0	0	0	0	0	0	0	10	35.4	960	39.3	10	0	0	39.3	0	0	415360	0	0	
PIA	28.1	23.1	25.6	23.2	70	24.5	20	24.6	10	1.3	5.08	26.9	10	20	27	20	28	100	28.1	100	26.9	23.2	25.05	0	10	158393	0	0	
VE2	7.7	6.3	7	0	0	0	0	6.4	100	0	0	0	0	0	0	0	0	0	0	0	0	0	7	0	0	104103	0	0	
NDX	13.2	10.8	12	11.5	300	12	100	12.1	50	0.1	0.83	12.1	350	850	12.2	200	12.4	100	12.5	200	12.1	12	12.05	0	0	281411	0	0	
NFC	6.2	5.2	5.7	0	0	0	0	0	0	0	0	0	0	0	0	0	0	0	0	0	0	0	5.7	0	0	770591	0	0	
NET	54.7	44.9	49.8	47	100	47.2	10	47.5	10	-1.8	-3.61	48	10	20	49.7	140	49.8	40	50	120	49.8	48	48.9	0	0	1080076	0	0	
DS3	3.4	2.8	3.1	3	1200	3.1	3640	3.2	10	0.2	6.45	3.3	10	3120	3.3	690	3.4	3570	0	0	3.3	3.2	3.23	30	0	516816	0	0	
L35	7.9	6.5	7.2	0	0	0	0	6.6	80	0	0	0	0	0	7.5	40	7.9	80	0	0	0	0	7.2	0	0	159972	0	0	
MED	48.2	39.6	43.9	0	0	41	210	41.5	60	-0.9	-2.05	43	100	400	43.5	100	44	30	44.4	20	43	43	43	0	0	307664	0	0	
MEL	9.6	8	8.8	0	0	0	0	0	0	0	0	0	0	0	9.4	10	0	0	0	0	0	0	8.8	0	0	734870	0	0	
DTD	13.5	11.1	12.3	12	2300	12.1	670	12.2	1240	-0.1	-0.81	12.2	40	4730	12.3	290	12.4	1450	12.5	2010	12.4	12.2	12.31	0	0	1202579	0	0	
AME	7.8	6.4	7.1	6.5	10	6.6	100	6.8	10	0	0	0	0	0	7.2	10	7.3	20	7.6	10	0	0	7.1	0	0	1092620	0	0	
DST	3	2.6	2.8	2.9	9830	3	121220	0	59250	0.2	7.14	3	10	13000	0	0	0	0	0	0	3	2.6	2.97	0	0	155	0	0	
NHP	0.5	0.3	0.4	0	0	0	0	0.3	122660	-0.1	-25	0.3	790	7740	0.4	58930	0.5	35730	0	0	0.4	0.3	0.3	0	0	1335938	0	0	
TTH	2.2	1.8	2	0	0	1.8	27640	1.9	14210	-0.1	-5	1.9	80	21030	2	2050	2.1	12560	2.2	19930	2.1	1.9	1.97	0	0	1796410	0	0	
NHA	11.3	9.3	10.3	9.8	190	10	250	10.1	410	-0.2	-1.94	10.1	50	2390	10.2	100	10.3	300	10.4	100	10.3	10	10.11	0	0	720094	0	0	
KST	21.1	17.3	19.2	0	0	0	0	0	0	0	0	0	0	0	21	30	0	0	0	0	0	0	19.2	0	0	144754	0	0	
VIG	1	0.8	0.9	0	0	0	0	0.8	80320	0	0	0.9	2720	21650	0.9	2280	1	10360	0	0	1	0.8	0.9	0	0	1634971	0	0	
VIF	18.1	14.9	16.5	16	200	16.1	120	16.2	50	-0.5	-3.03	16	50	100	17	50	17.5	300	18	80	17.4	16	16.7	0	0	0	0	0	
KSD	6.9	5.7	6.3	0	0	0	0	0	0	0	0	0	0	0	6.3	220	6.5	30	6.7	20	0	0	6.3	0	0	579770	0	0	
KSK	0.3	0.1	0.2	0	0	0	0	0	0	0	0	0	0	0	0	0	0	0	0	0	0	0	0.2	0	0	1167342	0	0	
MHL	5.6	4.6	5.1	0	0	0	0	0	0	0	0	0	0	0	5.6	40	0	0	0	0	0	0	5.1	0	0	260420	0	0	
BSC	16.7	13.7	15.2	0	0	0	0	0	0	0	0	0	0	0	15.1	60	0	0	0	0	0	0	15.2	0	0	139186	0	0	
CET	2	1.8	1.9	0	0	0	0	0	0	-0.1	-5.26	1.8	50	8420	1.8	2820	1.9	830	2	4940	1.9	1.8	1.8	0	160	295750	0	0	
HOM	3.4	2.8	3.1	0	0	2.8	6100	2.9	5000	0	0	3.1	10	1790	3.1	2550	3.2	3500	3.3	2000	3.1	3	3.01	0	0	3454940	0	0	
DHP	11.8	9.8	10.8	0	0	0	0	9.8	10	-1	-9.26	9.8	10	10	10.9	10	11	180	11.8	390	9.8	9.8	9.8	0	0	414407	0	0	
LHC	77.4	63.4	70.4	63.7	100	64	100	69	50	-0.2	-0.28	70.2	60	980	69.9	20	70	340	70.2	50	70.3	69.5	70.01	0	0	94456	0	0	
C69	6.6	5.4	6	5.8	430	5.9	1130	6	4080	0.1	1.67	6.1	140	16610	6.1	1270	6.2	1430	6.3	2230	6.2	6	6.06	0	0	734960	0	0	
BED	36.3	29.7	33	0	0	0	0	0	0	0	0	0	0	0	33	10	34	10	0	0	0	0	33	0	0	147000	0	0	
PSD	11	9	10	9.1	20	9.6	400	9.7	200	0	0	10	200	410	10	200	10.2	10	10.7	100	10	10	10	200	0	1444977	0	0	
UNI	4.5	3.7	4.1	0	0	3.7	150	3.8	500	0	0	0	0	0	4.1	200	4.2	150	4.5	160	0	0	4.1	0	0	739633	0	0	
TMB	14.1	11.7	12.9	0	0	11.7	500	11.8	500	0	0	12.9	20	30	12.9	40	14.1	100	0	0	12.9	12.9	12.9	0	0	735000	0	0	
LO5	1.3	1.1	1.2	0	0	0	0	1.1	120	-0.1	-8.33	1.1	10	400	1.3	330	0	0	0	0	1.2	1.1	1.2	0	0	250399	0	0	
NRC	9.2	7.6	8.4	8.4	1710	8.5	870	8.6	830	0.2	2.38	8.6	10	6430	8.9	80	9	250	9.1	950	9	8.4	8.96	10	0	669325	0	0	
HEV	18.7	15.3	17	0	0	0	0	0	0	-1.7	-10	15.3	10	30	15.3	160	16.5	360	18.7	1900	15.3	15.3	15.3	0	0	10644	0	0	
VSM	13.2	10.8	12	0	0	0	0	11	100	0	0	0	0	0	12	50	13	100	0	0	0	0	12	0	0	137591	0	0	
NST	18.4	15.2	16.8	0	0	0	0	0	0	0	0	0	0	0	15.2	50	16.8	70	0	0	0	0	16.8	0	0	448674	0	0	
PGN	12.2	10	11.1	0	0	0	0	10.1	20	-0.2	-1.8	10.9	20	60	11	100	11.8	60	12.2	10	10.9	10.8	10.87	0	0	161270	0	0	
CMC	6.8	5.6	6.2	0	0	0	0	6.2	200	0.6	9.68	6.8	10	560	6.8	30	0	0	0	0	6.8	6.8	6.8	500	480	216940	0	0	
NSH	1.5	1.3	1.4	0	0	0	0	1.3	1610	0	0	1.4	10	640	1.4	10930	1.5	3930	0	0	1.4	1.3	1.4	0	0	1010628	0	0	
PGT	5.6	4.6	5.1	0	0	0	0	0	0	0	0	0	0	0	5	10	5.1	100	5.5	6200	0	0	5.1	0	0	11432	0	0	
MST	3	2.6	2.8	2.6	25990	2.7	49040	2.8	49480	0	0	2.8	130	69730	2.9	50250	3	78430	0	0	2.9	2.7	2.83	0	0	1724909	0	0	
BST	15.9	13.1	14.5	0	0	13.1	10	14.2	500	0	0	14.5	30	30	15	50	15.1	30	15.2	110	14.5	14.5	14.5	0	0	53740	0	0	
TKC	3.6	3	3.3	0	0	3	780	3.1	60	-0.1	-3.03	3.2	310	1000	3.2	190	3.3	730	3.4	1450	3.3	3.1	3.16	0	0	556469	0	0	
PTD	17.8	14.6	16.2	0	0	0	0	0	0	0	0	0	0	0	0	0	0	0	0	0	0	0	16.2	0	0	85872	0	0	
QHD	22.9	18.9	20.9	0	0	19	300	19.8	200	-1.1	-5.26	19.8	10	10	21.3	100	21.4	50	21.5	20	19.8	19.8	19.8	0	0	267430	0	0	
PHN	29.7	24.3	27	0	0	24.6	630	26.5	10	0	0	27	80	180	27	150	27.2	150	28	150	27	27	27	0	0	8	0	0	
MCC	12.6	10.4	11.5	0	0	0	0	0	0	0	0	0	0	0	0	0	0	0	0	0	0	0	11.5	0	0	240366	0	0	
