HOSE
862.73
9.82	1.14
854.93	0.24	12402223	134.14	
854.94	0.24	305918008	4768.22	
862.73	1.14	331906150	5468.78	
AAA	13.4	11.7	12.55	12.4	7772	12.45	10526	12.5	5638	0	0	12.55	1988	191971	12.55	3011	12.6	10191	12.65	25275	12.55	12.75	12.45	2600	0	6225716	
AAM	12.5	10.9	11.7	11.05	111	11.2	349	11.3	33	0	0	11.7	1	51	11.7	295	11.9	100	11.95	100	0	11.7	11.05	0	0	592374	
ABS	14.8	12.9	13.85	13.8	725	13.85	642	13.9	327	0.15	1.08	14	400	22290	14	556	14.05	200	14.1	636	14	14.1	13.8	0	0	1409802	
ABT	36.25	31.55	33.9	0	0	31.55	11	31.6	1	-0.1	-0.29	33.8	1	1	33.8	9	33.9	3	36.2	4	0	33.8	33.8	0	0	654959	
ACC	19.55	17.05	18.3	18.3	4575	18.35	69	18.4	48	0.1	0.55	18.4	42	672	18.75	30	18.8	259	18.9	1	18.4	18.8	18.3	21	0	298442	
ACL	24.6	21.4	23	23.5	85	24.5	80	24.6	9836	1.6	6.96	24.6	86	3578	0	0	0	0	0	0	0	24.6	24.6	0	0	847683	
ADS	10.8	9.4	10.1	9.71	10	9.72	57	9.73	15	-0.05	-0.5	10.05	5	181	10.05	61	10.1	122	10.2	40	0	10.1	10	0	0	1248247	
AGG	29.3	25.5	27.4	27.2	357	27.3	386	27.4	230	0.1	0.36	27.5	405	24666	27.5	181	27.55	20	27.6	156	27.5	27.6	26.6	0	0	1622591	
AGM	13.8	12	12.9	12.5	75	12.6	130	12.75	120	0	0	12.9	20	4411	12.9	323	13	639	13.2	11	0	13	12.8	0	0	742614	
AGR	3.59	3.13	3.36	3.3	4034	3.31	169	3.32	141	-0.05	-1.49	3.31	1900	13370	3.33	1429	3.34	225	3.35	221	3.31	3.38	3.3	0	3	9960492	
AMD	3.5	3.06	3.28	3.18	1878	3.19	3398	3.2	3151	-0.08	-2.44	3.2	8143	361272	3.22	740	3.23	4320	3.24	1417	3.2	3.38	3.15	20074	9436	7715184	
ANV	19.45	16.95	18.2	18.15	1676	18.2	2969	18.25	146	0	0	18.2	427	16678	18.3	2070	18.35	140	18.4	184	18.2	18.5	18.2	100	283	6094510	
APC	19.15	16.65	17.9	17.6	311	17.65	65	17.7	64	-0.2	-1.12	17.7	346	2237	17.85	100	17.9	23	18	206	17.7	17.8	17.6	0	0	652743	
APG	9.41	8.19	8.8	8.85	26	8.86	200	8.9	264	0.15	1.7	8.95	50	87567	8.95	171	9	157	9.05	165	8.95	8.96	8.85	2131	636	3164772	
ASM	5.75	5.01	5.38	5.36	2652	5.37	2820	5.38	1866	0.03	0.56	5.41	2000	202241	5.41	1253	5.42	587	5.43	1000	5.41	5.48	5.35	0	545	12339473	
ASP	5.83	5.07	5.45	5.3	170	5.31	514	5.32	100	0.02	0.37	5.47	1	892	5.47	469	5.5	208	5.53	1	0	5.56	5.31	0	0	0	
AST	59	51.4	55.2	54	620	54.1	441	54.2	1229	-0.9	-1.63	54.3	180	8665	54.3	5	54.4	382	54.5	4	54.3	55.7	54.2	0	534	248278	
ATG	0.56	0.5	0.53	0.51	7714	0.52	1700	0.53	411	0	0	0.53	2590	12926	0.54	1549	0.55	910	0.56	6162	0.53	0.54	0.52	0	0	720620	
BBC	47.05	40.95	44	43.6	1	43.9	110	44	3	0.25	0.57	44.25	20	264	44.25	4	44.4	45	44.45	4	44.25	45	43.5	1	0	34507	
BCE	8.13	7.07	7.6	7.6	648	7.61	7	7.69	221	0.09	1.18	7.69	605	9271	7.7	119	7.72	10	7.73	210	7.69	7.75	7.6	0	0	1360116	
BCG	6.08	5.3	5.69	5.68	10	5.69	211	5.7	2000	0.03	0.53	5.72	640	17489	5.72	271	5.73	1067	5.75	418	5.72	5.77	5.63	1000	8	1665127	
BFC	13.3	11.6	12.45	12.55	15	12.6	1450	12.65	10135	0.25	2.01	12.7	1279	121972	12.7	1980	12.75	1188	12.8	2865	12.7	13	12.4	2028	0	2429383	
BHN	60.4	52.6	56.5	55.5	50	56	35	56.5	5	0.1	0.18	56.6	1	679	56.6	399	56.7	28	56.8	23	0	57	56.5	3	0	7293478	
BIC	25.1	21.9	23.5	23.05	4	23.1	124	23.15	11	-0.1	-0.43	23.4	85	132	23.4	307	23.45	40	23.5	284	23.4	23.6	23.1	70	0	162625	
BID	41.85	36.45	39.15	39.5	2234	39.55	353	39.6	658	0.55	1.4	39.7	11662	247477	39.7	454	39.75	389	39.8	1562	39.7	40.15	39.45	648	1733	49430907	
BMC	12.9	11.3	12.1	12.1	1071	12.5	542	12.55	3	0.65	5.37	12.75	71	1607	12.75	411	12.8	541	12.85	20	12.75	12.75	12	51	83	324902	
BMI	23.25	20.25	21.75	21.3	917	21.35	1152	21.4	435	-0.35	-1.61	21.4	1470	12438	21.55	1136	21.6	69	21.7	1161	21.4	21.9	21.3	1200	2138	1222841	
BMP	50	43.55	46.8	46.4	729	46.5	1492	46.55	510	-0.25	-0.53	46.55	5481	30205	46.6	70	46.7	50	46.75	250	46.55	47	46.5	5803	1032	1653168	
BRC	11.7	10.2	10.95	10.25	200	10.3	100	10.35	1	0	0	0	0	0	11.3	26	11.35	70	11.5	110	0	0	0	0	0	600909	
BSI	8.35	7.27	7.81	7.62	99	7.63	300	7.7	199	-0.11	-1.41	7.7	1	461	7.82	261	7.9	261	7.93	5	7.7	7.82	7.6	0	0	4950453	
BTP	15.8	13.8	14.8	14.6	105	14.65	500	14.7	50	0	0	14.8	10	1830	14.8	665	14.85	151	14.9	151	14.8	14.8	14.6	0	0	2402867	
BTT	41.7	36.3	39	36.6	10	36.7	51	36.8	50	2	5.13	41	1	11	40.7	100	41	139	41.7	50	0	41	41	0	0	660455	
BVH	52.9	46.05	49.5	49.7	150	49.8	420	49.9	150	0.6	1.21	50.1	5646	134786	50.1	866	50.2	665	50.3	3442	50.1	51	49.5	18993	28471	15243046	
BWE	23.05	20.05	21.55	21.45	2802	21.5	2407	21.55	59	0.1	0.46	21.65	49	21665	21.65	433	21.7	2635	21.75	928	21.65	21.7	21.5	188	0	5953429	
C32	26.75	23.25	25	24.6	152	24.8	400	24.85	66	-0.15	-0.6	24.85	84	5288	25	426	25.1	434	25.2	500	24.85	25.35	24.65	1011	0	340147	
C47	11	9.58	10.3	10.35	300	10.5	259	11	2705	0.7	6.8	11	1	8041	0	0	0	0	0	0	11	11	10.3	0	0	829793	
CAV	68.3	59.5	63.9	62	5	63	16	63.1	2	0.1	0.16	64	4	127	64	492	64.8	2	65	317	0	64	63	100	1	2805762	
CCI	14.95	13.05	14	13.05	5	13.1	5	14	1	0	0	0	0	0	14.2	1	14.5	9	14.95	4	0	0	0	0	0	823571	
CCL	7.69	6.69	7.19	7.08	20	7.09	480	7.1	121	0.05	0.7	7.24	409	11510	7.24	770	7.25	580	7.3	781	7.24	7.35	7.01	0	0	2106417	
CDC	16.05	13.95	15	0	0	0	0	15	100	0	0	15	100	100	15.5	30	16	1	16.05	1	0	15	15	0	0	764368	
CEE	15.6	13.6	14.6	13.7	100	14	1000	14.05	56	0.6	4.11	15.2	5	13	15.2	215	15.25	50	15.3	60	15.2	15.2	14.05	0	0	2021552	
CHP	20.65	17.95	19.3	18.55	18	19	85	19.05	193	0	0	19.3	50	925	19.3	300	19.4	69	19.45	203	0	19.4	19.05	0	0	6311919	
CIG	1.89	1.65	1.77	0	0	0	0	1.65	113	-0.12	-6.78	1.65	1000	1323	1.66	100	1.77	100	1.78	130	1.65	1.77	1.65	0	0	1545178	
CII	21.9	19.1	20.5	20.05	458	20.1	7155	20.15	3438	-0.4	-1.95	20.1	8560	135279	20.2	1200	20.25	662	20.3	240	20.1	20.6	20.1	1202	52590	7001835	
CKG	10.05	8.77	9.43	9.9	200	10	1154	10.05	32	0.62	6.57	10.05	557	44422	0	0	0	0	0	0	10.05	10.05	10	0	0	2403500	
CLC	29.15	25.35	27.25	27.1	32	27.15	16	27.2	50	0.05	0.18	27.3	10	566	27.3	393	27.45	1	28	10	0	27.3	27	0	305	1219919	
CLG	1.55	1.35	1.45	1.37	610	1.38	540	1.39	172	-0.05	-3.45	1.4	110	10531	1.4	271	1.45	1467	1.46	300	1.4	1.49	1.37	0	0	1029699	
CLL	30.45	26.55	28.5	27.4	10	27.5	85	27.6	20	0.9	3.16	29.4	2	61	29.5	18	30.4	1	30.45	1	29.4	29.4	27.2	0	20	1419078	
CLW	29.35	25.55	27.45	0	0	0	0	0	0	0	0	0	0	0	27.45	4	27.5	156	0	0	0	0	0	0	0	573966	
CMG	30.2	26.3	28.25	28.15	5	28.2	117	28.25	1	0	0	28.25	18	3945	28.3	180	28.4	81	28.45	63	28.25	28.55	27.8	1609	314	1169491	
CMV	13.95	12.15	13.05	0	0	13	145	13.05	49	0	0	13.05	1	2	13.9	7	13.95	20	0	0	13.05	13.95	13.05	0	0	590605	
CMX	17.7	15.4	16.55	16.1	2453	16.2	961	16.3	410	-0.25	-1.51	16.3	522	30469	16.4	728	16.5	651	16.55	420	16.3	16.9	16.1	0	400	1160067	
CNG	22.1	19.3	20.7	20.65	131	20.7	285	20.75	103	0.05	0.24	20.75	600	2749	21	97	21.5	20	22	253	0	21	20.75	0	1060	755258	
COM	48.15	41.85	45	41.85	73	42	5	43	16	0	0	45	1	1	45.6	1	47.95	1	48	5	45	45	45	0	0	685800	
CRC	12.1	10.6	11.35	11	31	11.1	22	11.2	13	0	0	11.35	196	4755	11.35	81	11.4	232	11.5	300	11.35	11.4	10.7	0	0	734797	
CRE	16.25	14.15	15.2	15.25	2010	15.3	3017	15.35	920	0.15	0.99	15.35	1801	61134	15.4	94	15.45	2316	15.5	2354	15.35	15.7	15.2	170	0	1961574	
CSM	17	14.8	15.9	16.25	100	16.3	500	16.35	2	0.5	3.14	16.4	1315	14169	16.4	814	16.45	234	16.5	1270	16.4	16.4	15.85	0	0	4861346	
CSV	24.05	20.95	22.5	22.05	15	22.1	1033	22.15	781	-0.35	-1.56	22.15	3315	20856	22.25	611	22.3	156	22.35	110	22.15	22.75	22.15	0	0	1802385	
CTD	74.5	64.9	69.7	68.5	270	68.6	50	68.8	30	-0.2	-0.29	69.5	2341	27482	69.5	230	69.6	750	69.7	731	69.5	70.5	68	1142	368	195706	
CTF	22.75	19.85	21.3	20.5	39	20.7	100	20.75	10	0	0	21.3	101	15243	21.3	107	21.4	241	21.5	85	21.3	21.3	20.75	0	0	2230188	
CTG	23.85	20.75	22.3	22.8	8183	22.85	833	22.9	1205	0.65	2.91	22.95	79494	1061625	22.95	15800	23	18481	23.05	7056	22.95	23.25	22.3	121694	12497	1425669	
CTI	20.3	17.7	19	18.6	202	18.7	2196	18.75	396	-0.1	-0.53	18.9	1381	58972	18.8	1494	18.9	100	18.95	500	18.9	19	18.75	0	9201	2005871	
CTS	6.58	5.72	6.15	6.2	246	6.21	100	6.22	167	0.11	1.79	6.26	1000	13156	6.26	210	6.27	705	6.28	1253	6.26	6.28	6.15	1000	1200	4049522	
CVT	18.7	16.3	17.5	17.4	4288	17.45	8460	17.5	12	0.05	0.29	17.55	70	22543	17.55	910	17.6	453	17.65	2700	17.55	17.7	17.4	408	0	3268222	
D2D	60.9	53.1	57	57.8	735	57.9	307	58	542	1	1.75	58	1308	24257	58.2	449	58.3	275	58.4	150	58	58.9	57.1	1498	4	902055	
DAG	5.77	5.03	5.4	5.3	558	5.31	705	5.32	90	-0.08	-1.48	5.32	300	17641	5.33	236	5.34	308	5.36	33	5.32	5.39	5.32	0	0	2102390	
DAH	13.35	11.65	12.5	11.8	512	11.85	760	12	576	-0.5	-4	12	586	42401	12.1	389	12.3	160	12.35	200	12	12.7	11.65	1905	865	1651553	
DAT	7.31	6.37	6.84	6.85	10	6.86	1	7.31	1	0	0	0	0	0	0	0	0	0	0	0	0	0	0	0	0	2253957	
DBC	34.55	30.05	32.3	34.15	65	34.2	3010	34.35	660	2.1	6.5	34.4	11557	670599	34.4	799	34.45	1402	34.5	5663	34.4	34.55	32.2	19165	101677	4148385	
DBD	54.7	47.65	51.2	50.8	250	50.9	7	51	19	0	0	51.2	50	1456	51.2	78	51.3	230	51.5	269	51.2	51.2	51	62	0	5235778	
DCL	22	19.2	20.6	20.2	201	20.3	235	20.35	177	-0.25	-1.21	20.35	300	1610	20.5	10	20.55	309	20.6	201	20.35	20.9	20.3	10	102	1677952	
DCM	9.27	8.07	8.67	8.45	4830	8.46	159	8.47	1010	-0.18	-2.08	8.49	2749	111396	8.49	2511	8.5	1621	8.55	408	8.49	8.69	8.18	2141	844	24931470	
DGW	29.3	25.5	27.4	26.8	1126	26.85	814	26.9	760	-0.4	-1.46	27	835	40840	27	283	27.05	76	27.1	30	27	27.9	26.9	15	1403	1047306	
DHA	34.1	29.7	33.9	31.7	65	31.8	2027	31.85	2	-2	-5.9	31.9	3	1974	31.9	27	32.1	200	32.2	110	31.9	32.5	31	0	0	600651	
DHC	38.1	33.2	35.65	36.3	300	36.35	545	36.4	13	0.85	2.38	36.5	418	7535	36.5	1601	36.6	220	36.7	353	36.5	36.6	35.6	811	0	700315	
DHG	98.5	85.7	92.1	92.3	502	92.4	61	92.5	67	1.4	1.52	93.5	100	7516	93.5	115	93.6	259	93.7	21	93.5	94	92	6810	95	5962882	
DHM	9.3	8.1	8.7	8.6	1500	8.65	1583	8.7	559	0	0	8.7	2100	11651	8.89	100	8.9	159	9	1551	8.7	8.9	8.45	0	0	1531338	
DIC	1.84	1.6	1.72	1.67	1943	1.68	40	1.69	1990	-0.03	-1.74	1.69	5072	41187	1.72	95	1.73	10	1.74	4448	1.69	1.77	1.67	0	0	1287512	
DIG	13.2	11.5	12.35	12	7863	12.1	920	12.15	406	-0.15	-1.21	12.2	3708	76048	12.2	5459	12.25	200	12.3	591	12.2	12.5	12.2	59	465	4540807	
DLG	1.61	1.41	1.51	1.45	62890	1.46	56041	1.47	131804	-0.04	-2.65	1.47	13612	866404	1.48	8252	1.49	22395	1.5	27329	1.47	1.5	1.43	32898	0	13843348	
DMC	55.5	48.3	51.9	53.4	277	53.5	140	53.6	240	1.8	3.47	53.7	1362	30602	53.7	48	53.8	10	53.9	583	53.7	54.4	51.4	1415	963	1457417	
DPG	28.65	24.95	26.8	26.25	3	26.3	1040	26.4	35	-0.4	-1.49	26.4	1468	31633	26.6	228	26.65	500	26.7	1240	26.4	27.3	26.3	10	414	2191714	
DPM	15.2	13.3	14.25	14	5889	14.05	4040	14.1	3993	-0.15	-1.05	14.1	12560	219950	14.15	710	14.2	8518	14.25	9290	14.1	14.4	14.1	2262	36555	14100678	
DPR	40.2	35	37.6	37	594	37.05	20	37.1	27	-0.6	-1.6	37	13	617	37.9	10	38	246	38.1	100	37	38	37	0	13	1497378	
DQC	18.95	16.55	17.75	17.15	50	17.4	30	17.5	563	0.65	3.66	18.4	291	4698	18.4	535	18.45	120	18.5	170	18.4	18.5	17	34	23	1591827	
DRC	20.25	17.65	18.95	19.1	352	19.15	811	19.2	161	0.25	1.32	19.2	1437	49103	19.25	372	19.3	900	19.35	1722	19.2	19.45	18.9	443	1700	3349136	
DRH	6.92	6.02	6.47	6.65	959	6.68	300	6.69	1305	0.23	3.55	6.7	9013	291962	6.7	1264	6.74	40	6.75	3203	6.7	6.89	6.41	5304	298	2863827	
DRL	54.5	47.45	51	50.5	1	50.6	33	50.7	10	1	1.96	52	1	2	52	169	52.5	20	53	102	52	52	50.7	0	0	459278	
DSN	50.3	43.85	47.1	47.25	63	47.3	2157	47.35	98	0.25	0.53	47.35	99	2177	47.5	147	47.6	15	47.7	20	47.35	47.9	47.1	0	0	372503	
DTA	4.5	3.92	4.21	4.1	130	4.11	15	4.12	12	0.11	2.61	4.32	5	5	4.26	5	4.28	44	4.29	8	0	4.32	4.32	0	0	882946	
DTL	14.7	12.8	13.75	0	0	0	0	0	0	-0.95	-6.91	12.8	1	191	12.8	1098	13.5	20	14.7	29	0	12.8	12.8	0	0	3008564	
DTT	15.45	13.45	14.45	0	0	0	0	0	0	0	0	0	0	0	15.4	8	15.45	1	0	0	0	0	0	0	0	397857	
DVP	36.45	31.75	34.1	33.9	196	33.95	60	34	12	-0.1	-0.29	34	110	623	34.1	35	34.15	74	34.2	72	34	34	33.55	10	10	1407379	
DXG	11.65	10.15	10.9	11.3	19678	11.35	9360	11.4	7451	0.5	4.59	11.4	8986	587742	11.45	7793	11.5	10307	11.55	11749	11.4	11.6	10.9	75673	6591	4825353	
DXV	2.56	2.24	2.4	2.3	60	2.31	71	2.32	297	-0.01	-0.42	2.39	23	546	2.39	250	2.4	10	2.41	501	2.39	2.39	2.31	0	0	480908	
E1VFVN30	14.39	12.51	13.45	13.2	10	13.39	6	13.5	400	0.25	1.86	13.7	1504	49106	13.7	254	13.8	200	14.3	401	13.7	13.7	13.4	38586	63370	670320	
EIB	17.4	15.2	16.3	16.3	2346	16.35	199	16.4	30	1.1	6.75	17.4	26453	96845	0	0	0	0	0	0	17.4	17.4	16.3	78	178	12905	
ELC	5.6	4.88	5.24	5.23	1	5.24	250	5.25	300	0.06	1.15	5.3	63	5587	5.3	598	5.33	57	5.34	12	5.3	5.3	5.24	0	0	1462229	
EMC	11.55	10.05	10.8	0	0	10.05	10	10.15	50	0	0	0	0	0	0	0	0	0	0	0	0	0	0	0	0	749034	
EVE	10.8	9.4	10.1	9.87	100	9.88	50	9.9	92	-0.2	-1.98	9.9	9	1161	10	30	10.05	31	10.1	116	9.9	10.3	9.8	1	0	1480930	
EVG	2.71	2.37	2.54	2.41	1100	2.42	602	2.43	2165	-0.11	-4.33	2.43	3002	23337	2.48	1	2.49	1	2.5	4378	2.43	2.52	2.43	0	0	2859519	
FCM	6.61	5.75	6.18	6.18	240	6.19	76	6.35	3	0.17	2.75	6.35	40	4936	6.37	30	6.38	100	6.39	295	6.35	6.42	6.19	0	0	1909220	
FCN	9.84	8.56	9.2	9.12	5439	9.13	400	9.14	10	0.04	0.43	9.24	15302	69480	9.24	3024	9.25	1359	9.26	31	9.24	9.24	9.12	2500	403	2930820	
FDC	15.45	13.45	14.45	13.45	1	14.45	70	14.6	363	0.15	1.04	14.6	140	456	14.95	30	15	680	15.3	500	14.6	15.35	13.5	0	0	1891253	
FIR	30.8	26.8	28.8	28.85	435	28.9	530	29	473	0.2	0.69	29	581	9197	29.1	223	29.15	150	29.2	110	29	29.1	28.8	357	0	1007974	
FIT	6.48	5.64	6.06	6.01	1253	6.02	780	6.03	531	-0.03	-0.5	6.03	1100	24831	6.06	40	6.07	100	6.08	200	6.03	6.12	6.03	514	30	12139213	
FLC	3.12	2.72	2.92	2.89	35355	2.9	61740	2.91	15966	0	0	2.92	5215	491413	2.92	14383	2.93	9488	2.94	95000	2.92	2.95	2.91	13600	0	32862007	
FMC	28.55	24.85	26.7	26.35	527	26.4	676	26.5	4	-0.2	-0.75	26.5	116	3699	26.6	120	26.65	10	26.7	1077	26.5	26.8	26.5	265	0	1984448	
FPT	52.3	45.5	48.9	48.95	491	49	787	49.1	65	0.4	0.82	49.3	38543	200706	49.3	5099	49.35	4467	49.4	3037	49.3	49.3	48.85	0	0	0	
FRT	25	21.8	23.4	24.85	147	24.9	1498	24.95	10410	1.6	6.84	25	9827	168904	25	11462	0	0	0	0	25	25	24	1635	3514	972135	
FTM	1.66	1.46	1.56	1.51	435	1.52	100	1.53	7	-0.02	-1.28	1.54	50	9505	1.54	3548	1.55	1065	1.56	4124	1.54	1.56	1.51	0	0	2435626	
FTS	12.15	10.65	11.4	11.1	398	11.15	136	11.2	120	-0.2	-1.75	11.2	294	5314	11.3	946	11.4	550	11.45	115	11.2	11.55	11.05	0	0	9459637	
FUCTVGF1	12.7	11.1	11.9	0	0	0	0	0	0	0	0	0	0	0	0	0	0	0	0	0	0	0	0	0	0	734571	
FUCTVGF2	10.25	8.91	9.58	0	0	0	0	0	0	0	0	0	0	0	0	0	0	0	0	0	0	0	0	0	0	808607	
FUCVREIT	8.88	7.72	8.3	0	0	0	0	0	0	0	0	8.3	1	31	8.3	108	8.8	5	8.88	17	0	8.3	8.3	30	0	239050	
FUESSV50	12.51	10.89	11.7	11.5	1000	11.6	1010	11.68	17	0	0	11.7	1000	6101	11.7	1000	11.78	5	11.79	1222	0	11.8	11.7	100	0	438608	
FUESSVFL	9.82	8.54	9.18	9.24	2062	9.25	1880	9.26	8	0.09	0.98	9.27	2161	3164	9.32	8232	9.33	9042	9.34	9371	0	9.27	9.21	0	3157	942394	
FUEVFVND	13.21	11.49	12.35	12.16	120	12.18	2883	12.2	467	-0.15	-1.21	12.2	3	26128	12.5	1307	12.6	4250	12.7	1000	12.2	12.5	12.16	283477	40	0	
GAB	161.2	140.2	150.7	150.6	2862	150.7	520	150.8	2108	0.1	0.07	150.8	521	9035	150.9	96	151	1555	151.2	1	150.8	151.5	150	0	125	660468	
GAS	79.3	69.1	74.2	74.3	70	74.5	140	74.8	26	0.8	1.08	75	7266	95281	75	786	75.1	1084	75.2	1240	75	75.6	74	19532	1123	87489498	
GDT	29.65	25.85	27.75	27.2	60	27.25	60	27.5	2	-0.05	-0.18	27.7	10	578	27.7	308	27.8	100	27.9	100	27.7	28.35	27.5	1	0	486390	
GEG	22.65	19.75	21.2	20.9	1318	20.95	93	21	38	-0.2	-0.94	21	2102	41002	21.1	300	21.15	46	21.2	988	21	21.5	20.95	321	0	2462595	
GEX	17.95	15.65	16.8	16.75	14982	16.8	21100	16.85	13551	0.1	0.6	16.9	25114	396017	16.9	1375	16.95	6725	17	17098	16.9	17.1	16.8	4807	2290	16552931	
GIL	20.25	17.65	18.95	18.7	200	18.75	151	18.8	16	-0.15	-0.79	18.8	134	18872	18.85	3080	18.9	195	18.95	2100	18.8	19.05	18.8	0	8	1057351	
GMC	19.75	17.25	18.5	18.35	469	18.4	300	18.45	24	-0.05	-0.27	18.45	56	2399	18.6	25	18.9	501	18.95	150	18.45	19	18.45	0	0	1034769	
GMD	20.85	18.15	19.5	19.3	4107	19.35	996	19.4	255	-0.1	-0.51	19.4	1502	23891	19.45	140	19.5	2444	19.55	1559	19.4	19.6	19.35	33698	33698	0	
GSP	10.95	9.54	10.25	9.9	69	10	30	10.05	30	0	0	10.25	14	165	10.25	2089	10.4	49	10.45	2	10.25	10.25	9.9	15	0	1313258	
GTA	11.75	10.25	12.2	10.75	5	11	33	11.2	10	-0.9	-7.38	11.3	20	206	11.3	48	11.6	50	11.7	3	0	11.65	11.2	0	0	506428	
GTN	18.5	16.1	17.3	16.95	3480	17	6717	17.05	1959	-0.25	-1.45	17.05	9286	101414	17.1	990	17.2	2062	17.25	2237	17.05	17.4	17	1842	38	24916943	
GVR	13.65	11.95	12.8	12.7	3970	12.75	625	12.8	1128	0	0	12.8	3335	238157	12.85	3196	12.9	3525	12.95	1191	12.8	13.25	12.7	1320	53984	49582129	
HAG	4.45	3.87	4.16	4.12	5669	4.13	5893	4.14	5945	-0.02	-0.48	4.14	13367	377428	4.15	1250	4.16	16245	4.18	856	4.14	4.35	4.13	0	32331	38001436	
HAH	11.7	10.2	10.95	10.8	1900	10.85	105	10.9	368	0	0	10.95	2	7332	10.95	498	11	520	11.05	403	10.95	11.1	10.9	0	0	1368751	
HAI	3.29	2.87	3.08	2.99	11299	3	5496	3.01	1053	-0.07	-2.27	3.01	11250	310115	3.03	6220	3.04	4765	3.05	1167	3.01	3.19	2.99	130	10102	8640052	
HAP	3.37	2.93	3.15	3.12	700	3.13	500	3.14	1000	0	0	3.15	6	6552	3.15	553	3.16	189	3.17	200	3.15	3.18	3.13	0	0	2326943	
HAR	3.06	2.66	2.86	2.83	2006	2.84	4451	2.85	210	-0.01	-0.35	2.85	1640	44733	2.86	809	2.87	2168	2.88	1098	2.85	2.91	2.83	0	0	4944902	
HAS	8.23	7.17	7.7	0	0	0	0	0	0	0	0	0	0	0	7.6	52	7.8	5	8	3	0	0	0	0	0	235559	
HAX	12.7	11.1	11.9	11.75	70	11.8	1185	11.85	531	0	0	11.9	5	10955	11.9	249	12	1304	12.05	3610	11.9	12.15	11.8	2052	0	1539615	
HBC	9.36	8.14	8.75	8.72	1026	8.73	2384	8.74	4477	-0.01	-0.11	8.74	15967	244794	8.75	3757	8.76	1232	8.77	367	8.74	8.84	8.74	639	4805	6623772	
HCD	3.45	3.01	3.23	0	0	0	0	3.01	13126	-0.22	-6.81	3.01	3231	96165	3.05	530	3.09	979	3.1	300	3.01	3.23	3.01	0	0	1320269	
HCM	19.75	17.25	18.5	18.35	2948	18.4	7238	18.45	5237	0	0	18.5	3315	177140	18.5	343	18.55	125	18.6	2729	18.5	18.7	18.4	1636	50200	14077682	
HDB	25.05	21.85	23.45	23.5	1579	23.55	426	23.6	1	1.6	6.82	25.05	46604	112355	0	0	0	0	0	0	25.05	25.05	23.15	11018	6147	8698912	
HDC	20.05	17.45	18.75	18.5	1499	18.6	2477	18.65	1372	-0.1	-0.53	18.65	2942	99606	18.75	2214	18.8	3093	18.85	1000	18.65	18.95	18.65	10	11473	2359679	
HDG	28.3	24.6	26.45	26.5	1504	26.6	250	26.7	200	0.3	1.13	26.75	2074	26433	26.75	59	26.8	221	26.85	572	26.75	26.9	26.45	304	0	3895525	
HHS	4.41	3.85	4.13	4.15	2500	4.16	542	4.17	301	0.07	1.69	4.2	701	146544	4.2	737	4.21	80	4.22	1650	4.2	4.28	4.13	2503	1150	12586792	
HID	2.62	2.28	2.45	2.43	1600	2.44	718	2.45	600	0.04	1.63	2.49	5189	12865	2.49	410	2.5	7001	2.52	1848	2.49	2.49	2.44	0	0	2825338	
HII	13.9	12.1	13	12.9	1020	12.95	291	13	566	0	0	13	400	11195	13.05	20	13.1	1640	13.15	170	13	13.1	12.9	90	0	1357819	
HMC	14.75	12.85	13.8	14.25	8	14.3	200	14.4	90	0.4	2.9	14.2	268	17652	14.7	2	14.75	400	0	0	14.2	14.75	14	0	0	1003126	
HNG	15.15	13.25	14.2	14.2	4247	14.25	5087	14.3	1720	0.4	2.82	14.6	8543	83677	14.6	3638	14.65	1961	14.7	2415	14.6	14.8	14.25	57	0	53995509	
HOT	44.4	38.6	41.5	0	0	0	0	0	0	0	0	0	0	0	41.5	16	41.8	6	42	7	0	0	0	0	0	391818	
HPG	28.3	24.6	26.45	26.3	9083	26.35	6200	26.4	500	0.05	0.19	26.5	163844	1121381	26.5	17321	26.55	11285	26.6	11562	26.5	26.55	26.1	166801	462199	33266250	
HPX	28.75	25.05	26.9	26.7	5	26.75	9	26.8	8	0	0	26.9	1	24443	26.9	1998	26.95	140	27	789	26.9	27	26.85	107	0	8087715	
HQC	1.15	1.01	1.08	1.05	37115	1.06	91702	1.07	80276	0	0	1.08	45777	368442	1.08	14028	1.09	47827	1.1	140244	1.08	1.1	1.07	0	7443	21494005	
HRC	41.15	35.85	38.5	0	0	36	200	38	182	-0.5	-1.3	38	18	18	40	35	40.5	1	41.15	412	38	38	38	0	18	1456534	
HSG	10.15	8.87	9.53	9.24	20820	9.25	23850	9.26	3909	-0.26	-2.73	9.27	62015	1414224	9.27	3764	9.28	100	9.29	2090	9.27	9.59	9.21	820	214897	14445424	
HSL	6.01	5.23	5.62	5.41	400	5.42	100	5.5	159	-0.03	-0.53	5.59	21	5682	5.55	79	5.59	509	5.6	847	5.59	5.65	5.3	0	0	1357921	
HT1	14.65	12.75	13.7	13.5	1973	13.55	174	13.6	40	-0.1	-0.73	13.6	480	27425	13.65	70	13.7	1117	13.75	415	13.6	13.7	13.55	0	0	16247132	
HTI	13.2	11.5	12.35	11.9	86	12	59	12.05	1	-0.35	-2.83	12	6	809	12.2	25	12.25	190	12.3	397	0	12.3	12	0	0	791573	
HTL	14.05	12.25	13.15	12.6	60	13.15	20	13.2	49	0.05	0.38	13.2	1	3	13.85	34	13.9	20	14	39	0	13.2	13.2	0	0	30155	
HTN	18.65	16.25	17.45	17.3	350	17.35	399	17.4	300	0	0	17.45	380	6731	17.45	308	17.5	813	17.55	150	17.45	17.5	17.35	0	0	1428262	
HTT	0.77	0.67	0.72	0	0	0	0	0.67	1305	-0.03	-4.17	0.69	1700	43126	0.69	1506	0.7	900	0.71	1500	0.69	0.7	0.67	0	0	956200	
HTV	14.75	12.85	13.8	12.85	10	13	4	13.05	19	0	0	13.8	1	107	13.7	292	13.8	28	13.9	200	0	13.8	13	1	0	455774	
HU1	6.31	5.49	5.9	0	0	0	0	0	0	0	0	5.9	141	181	5.9	332	6.31	3	0	0	0	5.9	5.54	0	0	453177	
HU3	7.91	6.89	7.4	7.11	25	7.2	14	7.3	100	0	0	0	0	0	7.4	6	7.5	117	7.9	635	0	0	0	0	0	433835	
HUB	18.05	15.75	16.9	16.3	200	16.35	60	16.5	2	-0.4	-2.37	16.5	15	441	16.7	200	16.8	39	16.9	78	16.5	17.5	16.5	0	0	747054	
HVG	5.77	5.03	5.4	0	0	0	0	0	0	0	0	0	0	0	0	0	0	0	0	0	0	0	0	0	0	9040458	
HVH	8.42	7.32	7.87	7.9	100	7.91	102	7.93	80	0.09	1.14	7.96	205	25035	7.95	472	7.96	322	7.97	149	7.96	7.99	7.84	1259	0	962600	
HVN	29.15	25.35	27.25	27.15	691	27.2	16093	27.25	2472	0.05	0.18	27.3	1567	66070	27.3	5769	27.35	2224	27.4	6307	27.3	27.55	27.2	1	2009	29290838	
HVX	4.06	3.54	3.8	0	0	0	0	0	0	-0.05	-1.32	3.75	20	20	3.75	30	3.8	40	3.9	100	0	3.75	3.75	0	0	1924059	
IBC	23.3	20.3	21.8	21.8	143	21.85	120	21.9	122	0.2	0.92	22	3	10112	21.95	177	22	954	22.1	237	22	22	21.8	0	0	1976524	
ICT	16.55	14.45	15.5	15.7	308	15.8	56	15.85	38	0.5	3.23	16	260	4600	15.9	350	16	765	16.1	30	16	16	15.4	0	600	3215071	
IDI	4.57	3.99	4.28	4.25	2076	4.26	300	4.27	500	0	0	4.28	3517	95885	4.28	9410	4.29	6311	4.3	8223	4.28	4.31	4.25	0	2986	10966471	
IJC	12.8	11.2	12	11.9	844	11.95	70	12	515	0	0	12	772	34544	12.05	165	12.1	500	12.15	50	12	12.25	11.9	4	12	6514703	
ILB	17.4	15.2	16.3	15.2	100	15.25	90	16	33	0	0	16.3	8	66	16.3	581	16.5	470	16.9	120	0	16.95	16	0	0	0	
IMP	57.7	50.3	54	53	90	53.1	60	53.5	365	-0.5	-0.93	53.5	1250	6293	53.9	475	54	338	54.5	45	53.5	54.7	53.5	0	836	0	
ITA	2.81	2.45	2.63	2.59	13341	2.6	27249	2.61	50261	-0.02	-0.76	2.61	29800	424959	2.62	40	2.63	3310	2.64	9866	2.61	2.68	2.61	9332	10398	39375748	
ITC	13.35	11.65	12.5	11.8	30	12.5	118	12.55	30	0.05	0.4	12.55	20	23	12.95	15	13	478	13.1	20	0	12.55	12.5	0	0	3518729	
ITD	9.19	7.99	8.59	8.52	1	8.53	1	8.54	1	0.01	0.12	8.6	1	526	8.6	98	8.61	65	8.62	100	8.6	8.65	8.4	0	0	682375	
JVC	2.88	2.52	2.7	2.67	4369	2.68	5782	2.69	1856	-0.01	-0.37	2.69	1701	52791	2.7	10712	2.71	601	2.72	75	2.69	2.71	2.68	0	14000	273376	
KBC	13.95	12.15	13.05	12.9	13424	12.95	3957	13	9528	-0.05	-0.38	13	57367	313437	13.05	5730	13.1	11117	13.15	31322	13	13.2	13	17868	11	12821048	
KDC	28.2	24.6	26.4	27.9	20	28	71	28.1	430	1.75	6.63	28.15	9462	92875	28.15	638	28.2	3300	0	0	28.15	28.2	27.9	0	1477	20928797	
KDH	23.75	20.65	22.2	21.9	1528	21.95	1200	22	7208	-0.2	-0.9	22	1949	42014	22.15	5	22.2	1365	22.25	1207	22	22.3	22	0	2643	2789868	
KHP	8.87	7.71	8.29	8.13	208	8.14	10	8.15	78	0.06	0.72	8.35	11	689	8.35	491	8.36	1	8.38	3	8.35	8.64	8.29	1	2	1167529	
KMR	2.4	2.1	2.25	2.17	51	2.18	1	2.19	21	-0.05	-2.22	2.2	301	17234	2.2	1257	2.21	350	2.22	506	2.2	2.25	2.15	551	0	2120047	
KOS	31	27	29	29	682	29.1	3968	29.2	1114	0.3	1.03	29.3	7065	51414	29.3	1568	29.4	432	29.5	321	29.3	29.6	29.1	1401	0	5050063	
KPF	22.65	19.75	21.2	0	0	0	0	0	0	-1.45	-6.84	19.75	1	13	19.75	488	0	0	0	0	19.75	19.75	19.75	0	0	882579	
KSB	21.8	19	20.4	20.3	4485	20.35	1971	20.4	747	0	0	20.4	3114	126673	20.45	2398	20.5	3018	20.55	2	20.4	20.9	20.3	5010	9962	2052005	
L10	13.9	12.1	13	12.7	30	13	60	13.05	3	0.9	6.92	13.9	10	10	0	0	0	0	0	0	0	13.9	13.9	0	0	475275	
LAF	9.16	7.98	8.57	7.98	6	8	100	8.01	7	0.43	5.02	9	13	32	9	665	9.15	120	9.16	1000	0	9.16	9	0	0	686619	
LBM	29.85	25.95	27.9	27	50	27.1	130	27.15	5	0.3	1.08	28.2	10	25	28.45	1	28.5	10	28.85	50	28.2	29	28	2	0	433792	
LCG	6.61	5.75	6.18	6.43	40	6.44	220	6.45	962	0.27	4.37	6.45	5936	136183	6.49	415	6.5	675	6.51	1621	6.45	6.55	6.25	0	0	1883545	
LCM	0.69	0.61	0.65	0.61	707	0.63	318	0.64	3	0	0	0.65	250	5641	0.65	354	0.67	500	0.68	600	0	0.65	0.64	0	0	995529	
LDG	5.63	4.91	5.27	5.36	5	5.38	9830	5.39	11257	0.13	2.47	5.4	7327	379093	5.4	326	5.41	75	5.42	557	5.4	5.51	5.25	3568	3842	11464612	
LEC	18.05	15.75	16.9	0	0	0	0	0	0	0	0	16.9	20	20	16.8	6	16.9	15	17	758	16.9	16.9	16.9	0	0	1278863	
LGC	43.3	37.7	40.5	0	0	0	0	0	0	2.8	6.91	43.3	163	163	40.5	200	43.3	99	0	0	0	43.3	40.5	0	0	768009	
LGL	5.13	4.47	4.8	4.72	180	4.74	360	4.75	102	0.04	0.83	4.84	2	2210	4.84	311	4.85	207	4.86	510	4.84	4.85	4.66	0	0	2251860	
LHG	18.25	15.95	17.1	17.1	3080	17.15	415	17.2	100	0.2	1.17	17.3	500	15076	17.3	2057	17.35	6082	17.4	6301	17.3	17.3	17	198	0	2005635	
LIX	66.3	57.7	62	60.2	21	60.3	21	60.4	101	-1.5	-2.42	60.5	1071	4287	60.5	470	60.7	1500	61	480	60.5	61.5	60.5	487	386	1251954	
LM8	19.2	16.7	17.95	16.8	1	16.85	1	16.9	1	0	0	17.95	3	1154	17.95	679	18.9	1	18.95	1	17.95	19	16.8	0	0	443472	
LMH	1.14	1	1.07	0	0	0	0	0	0	-0.07	-6.54	1	3507	79838	1	361500	1.01	510	1.02	480	1	1	1	50	0	2562923	
LSS	4.9	4.26	4.58	4.71	299	4.73	134	4.78	500	0.22	4.8	4.8	100	7061	4.8	463	4.83	810	4.84	581	4.8	4.87	4.6	0	0	3317592	
MBB	18.5	16.1	17.3	17.45	1011	17.5	8418	17.55	200	0.3	1.73	17.6	95217	873349	17.6	38772	17.65	33863	17.7	140323	17.6	17.65	17.25	0	0	0	
MCG	1.78	1.56	1.67	1.58	600	1.6	4415	1.61	20	-0.02	-1.2	1.65	5	333	1.65	249	1.67	18	1.68	293	1.65	1.68	1.6	0	0	2546182	
MCP	14.3	12.5	13.4	12.5	3	12.55	1	12.6	2	0	0	0	0	0	0	0	0	0	0	0	0	0	0	0	0	735596	
MDG	12.6	11	11.8	0	0	0	0	0	0	0	0	0	0	0	11.8	1	11.9	325	12	451	0	0	0	0	0	533562	
MHC	2.97	2.59	2.78	2.81	400	2.82	68	2.83	70	0.07	2.52	2.85	67	1637	2.85	47	2.86	670	2.87	23	0	2.86	2.82	0	0	1947119	
MSH	38.8	33.8	36.3	35.9	107	36	1084	36.05	503	-0.2	-0.55	36.1	128	5970	36.1	22	36.2	244	36.3	369	36.1	36.45	36	0	20	2234231	
MSN	68.2	59.4	63.8	63.1	4	63.2	174	63.5	50	0	0	63.8	31818	151347	63.8	85	63.9	386	64	8181	63.8	64	62.8	8704	35871	11200602	
MWG	92.5	80.5	86.5	86.5	2896	86.6	1086	86.8	520	0.5	0.58	87	18507	153961	87	2061	87.1	407	87.2	402	87	88.3	86.2	0	0	0	
NAF	27.8	24.2	26	25.1	70	25.2	73	25.5	10	0	0	26	30	5365	26	127	26.05	40	26.1	160	26	26	25.2	0	0	4117225	
NAV	20.55	17.95	19.25	0	0	0	0	0	0	0	0	0	0	0	20.5	10	20.55	27	0	0	0	0	0	0	0	381738	
NBB	20.55	17.95	19.25	19.1	200	19.15	575	19.25	25	0.1	0.52	19.35	1	1227	19.35	50	19.4	35	19.45	505	0	19.45	19.15	0	0	3106066	
NCT	65.6	57.2	61.4	61	84	61.1	183	61.2	102	-0.2	-0.33	61.2	12	1486	61.3	10	61.4	142	61.5	130	61.2	62	61.2	190	20	1001465	
NHH	52.4	45.65	49.05	47.6	10	47.65	10	48.5	10	-0.05	-0.1	49	26	25816	49	67	49.2	100	49.5	100	0	51.2	47.55	579	0	1676642	
NKG	7.67	6.67	7.17	7.12	172	7.13	550	7.14	648	-0.03	-0.42	7.14	9197	172889	7.17	2616	7.18	4795	7.19	3518	7.14	7.24	7.1	1169	1901	13782894	
NLG	25.35	22.05	23.7	23.4	325	23.45	3541	23.5	1600	-0.1	-0.42	23.6	4791	118955	23.6	291	23.65	2846	23.7	6385	23.6	23.85	23.2	3568	1897	411693	
NNC	49.75	43.25	46.5	45.2	2	45.5	2	46	50	0.5	1.08	47	2	663	47	107	47.1	10	47.15	20	47	47	46.5	204	0	685647	
NSC	67.8	59	63.4	63.2	138	63.4	21	63.5	16	0.1	0.16	63.5	2	124	64	571	66	1	66.2	100	0	64	63.4	15	0	680852	
NT2	22.25	19.35	20.8	20.5	3034	20.55	640	20.6	446	-0.2	-0.96	20.6	2484	17802	20.7	482	20.75	781	20.8	2073	20.6	21	20.6	0	0	8999610	
NTL	18.75	16.35	17.55	17.5	2598	17.55	885	17.6	1	0.05	0.28	17.6	382	21239	17.7	117	17.8	222	17.85	998	17.6	17.9	17.55	0	242	2836832	
NVL	56.8	49.4	53.1	53	1739	53.1	310	53.2	3900	0.4	0.75	53.5	20914	175298	53.5	3409	53.6	4157	53.7	2945	53.5	53.8	52.1	2264	1371	31413367	
NVT	5.67	4.93	5.3	4.97	100	4.98	100	5	201	-0.29	-5.47	5.01	1	112	5.28	128	5.29	194	5.3	533	5.01	5.29	5.01	0	0	7325534	
OGC	3.41	2.97	3.19	3.17	1325	3.18	5129	3.19	5527	0	0	3.19	4211	189523	3.23	500	3.24	1129	3.25	2424	3.19	3.3	3.18	0	70220	14555065	
OPC	58.8	51.2	55	54.9	4	55	272	55.5	100	0.5	0.91	55.5	1	9	56	100	56.5	10	57	115	0	55.5	55	0	0	1166778	
PAC	24.25	21.15	22.7	22.6	137	22.65	50	22.7	300	0.1	0.44	22.8	117	3821	22.8	191	22.85	680	22.9	199	22.8	23.1	22.6	512	30	1308836	
PAN	23.95	20.85	22.4	21.8	1692	21.9	202	22	577	-0.4	-1.79	22	120	3897	22.15	200	22.3	200	22.4	100	22	22.5	22	150	1000	1033628	
PC1	18.25	15.95	17.1	16.7	5007	16.75	9965	16.8	515	-0.3	-1.75	16.8	5850	51510	16.85	891	16.9	2403	16.95	13	16.8	17.2	16.6	0	500	4628867	
PDN	69	60	64.5	60.7	6	60.8	5	64	30	-0.5	-0.78	64	1	20	64.5	39	64.9	7	65	5	64	64	64	0	0	902258	
PDR	30.05	26.15	28.1	27.95	670	28	2486	28.1	2220	0.1	0.36	28.2	6720	58163	28.2	6578	28.25	15	28.3	40	28.2	28.2	27.9	429	0	15041442	
PET	9.28	8.08	8.68	9.09	300	9.1	17	9.17	1000	0.5	5.76	9.18	2492	61222	9.18	401	9.19	300	9.2	1800	9.18	9.28	8.68	151	8833	2782485	
PGC	14.95	13.05	14	13.85	200	13.9	1001	14	806	0	0	14	44	319	14.1	4	14.2	378	14.25	1700	0	14	14	0	0	2497362	
PGD	32.6	28.4	30.5	30.1	1	30.2	135	30.3	40	-0.3	-0.98	30.2	402	444	30.9	163	31	161	31.1	5	0	31	30.2	0	0	179205	
PGI	17	14.8	15.9	15	2	15.8	2	15.9	46	0	0	15.9	5	558	16.9	150	17	120	0	0	15.9	16.9	15.9	34	0	2514393	
PHC	10.25	8.93	9.6	9.45	20	9.5	270	9.54	10	0	0	9.6	122	1093	9.6	2539	9.61	800	9.62	270	9.6	9.63	9.56	0	0	1258456	
PHR	48.45	42.15	45.3	45.75	1865	45.8	2235	45.85	60	0.7	1.55	46	5982	180325	46	4622	46.05	228	46.1	2111	46	46.4	45.4	2883	350	5430193	
PIT	4.17	3.63	3.9	3.63	27	3.7	89	3.75	933	-0.15	-3.85	3.75	2	22	3.9	50	4	10	4.17	18	3.75	3.8	3.63	0	0	733742	
PJT	11.1	9.68	10.4	10	5	10.05	60	10.1	200	-0.35	-3.37	10.05	154	159	10.3	229	10.4	95	10.45	4	0	10.4	10.05	0	0	713071	
PLP	9.52	8.28	8.9	8.5	70	8.52	100	8.6	507	-0.3	-3.37	8.6	900	6472	8.8	133	8.89	370	8.9	93	8.6	8.92	8.6	0	0	977806	
PLX	50.1	43.6	46.85	46.8	2022	46.85	100	46.9	1000	0.15	0.32	47	8361	101975	47	1936	47.05	837	47.1	1626	47	47.5	46.5	866	4570	8638953	
PME	65.8	57.2	61.5	58	300	58.1	500	58.2	95	-3.3	-5.37	58.2	108	6998	59.3	596	59.5	6	60	634	58.2	61.5	58.2	0	0	2844281	
PMG	13.15	11.45	12.3	12.1	6	12.15	4	12.2	74	-0.1	-0.81	12.2	3	99	12.3	25	12.35	53	12.4	5	12.2	12.3	12.2	0	0	2018910	
PNC	9.84	8.56	9.2	0	0	8.56	1010	8.66	116	-0.1	-1.09	9.1	5	5	9.2	9	9.25	6	9.5	10	9.1	9.1	9.1	0	0	532156	
PNJ	68.4	59.6	64	63.3	731	63.4	360	63.6	13	0	0	64	14612	138080	64	3149	64.1	4	64.2	203	64	64	63	0	0	0	
POM	5.13	4.47	4.8	4.72	250	4.75	101	4.76	127	-0.04	-0.83	4.76	2	2596	4.78	517	4.8	882	4.85	1408	0	4.89	4.75	0	0	11501847	
POW	10.9	9.49	10.2	10.05	20772	10.1	27352	10.15	1921	0	0	10.2	34830	341837	10.2	42624	10.25	42244	10.3	83128	10.2	10.3	10.1	7160	41717	88268101	
PPC	25.85	22.55	24.2	24.15	1830	24.2	2031	24.25	47	0.15	0.62	24.35	1123	17041	24.35	192	24.4	152	24.45	330	24.35	24.5	24.1	8023	11131	10608201	
PTB	49.55	43.15	46.35	46.3	775	46.35	249	46.4	10	0.1	0.22	46.45	528	7849	46.45	48	46.5	254	46.6	279	46.45	46.9	46.3	0	635	1459829	
PTC	8.56	7.44	8	8.25	50	8.27	100	8.5	500	0.5	6.25	8.5	100	1115	8.55	18	8.56	97	0	0	0	8.56	8.3	0	0	876766	
PTL	3.53	3.07	3.3	3.11	40	3.12	809	3.3	420	0	0	3.3	50	1394	3.5	23	3.52	214	3.53	965	3.3	3.3	3.1	0	0	4874916	
PVD	11.7	10.2	10.95	10.65	343	10.7	8010	10.75	5148	-0.15	-1.37	10.8	44573	647414	10.8	824	10.85	2795	10.9	9302	10.8	11.15	10.8	100	199	15385870	
PVT	11.5	10	10.75	10.6	6909	10.65	7061	10.7	11865	-0.05	-0.47	10.7	6639	159242	10.8	11613	10.85	9934	10.9	12614	10.7	10.9	10.7	2140	39106	6698915	
PXI	2.66	2.32	2.49	2.36	40	2.49	25	2.5	3	0.17	6.83	2.66	2	14	2.66	84	0	0	0	0	0	2.66	2.65	0	0	1457811	
PXS	4.7	4.1	4.4	4.23	1100	4.24	1000	4.25	1000	0	0	4.4	221	9128	4.4	1189	4.5	2292	4.53	7	4.4	4.6	4.2	0	0	2291217	
PXT	1.23	1.07	1.15	0	0	1.07	118	1.12	42	-0.02	-1.74	1.13	3	153	1.14	993	1.15	2025	1.16	20	0	1.15	1.13	0	0	960326	
QBS	2.02	1.76	1.89	1.84	163	1.85	15	1.87	460	0	0	1.89	6	2518	1.89	55	1.9	2798	1.91	400	1.89	1.98	1.88	0	0	0	
QCG	8.61	7.49	8.05	7.91	280	7.95	320	7.96	359	-0.05	-0.62	8	814	34023	8	10798	8.01	1730	8.02	200	8	8.1	7.96	0	944	13329806	
RAL	90.4	78.6	84.5	82.5	21	82.8	21	83	182	-0.4	-0.47	84.1	11	564	84.1	9	84.2	50	84.3	95	84.1	84.5	83	200	0	547134	
RDP	7.83	6.81	7.32	7.3	602	7.31	34	7.32	99	0	0	7.32	50	217	7.4	101	7.55	100	7.59	50	0	7.32	7.31	0	0	1811791	
REE	33.55	29.25	31.4	31.4	1	31.45	100	31.6	100	0.4	1.27	31.8	9155	51586	31.8	1306	31.85	10	31.9	596	31.8	31.8	31.2	0	0	0	
RIC	4.91	4.27	4.59	0	0	0	0	0	0	0.11	2.4	4.7	1	6	4.78	9	4.79	25	4.8	5	4.7	4.7	4.27	0	0	473284	
ROS	3.87	3.37	3.62	3.6	113823	3.61	102163	3.62	46030	0	0	3.62	230879	4640749	3.63	18902	3.64	15624	3.65	19524	3.62	3.87	3.37	39378	54815	26369753	
S4A	29.85	25.95	27.9	26.35	1	26.4	1	27.6	2	-0.2	-0.72	27.7	35	40	27.8	190	28	267	29.15	45	0	27.7	27.6	0	0	2066289	
SAB	184.5	160.5	172.5	173.1	362	173.2	1920	173.5	2	3.5	2.03	176	3942	12871	176	8137	176.1	651	176.3	18	176	178	173	13048	17967	23503218	
SAM	9.95	8.65	9.3	9.18	1250	9.19	1000	9.2	3520	-0.05	-0.54	9.25	2004	7385	9.25	1429	9.29	700	9.3	2897	9.25	9.3	9.16	0	561	12169101	
SAV	9.52	8.28	8.9	8.46	100	8.47	21	8.7	10	0.2	2.25	9.1	50	297	9.2	50	9.27	88	9.28	50	9.1	9.27	8.28	0	0	0	
SBA	15.3	13.3	14.3	14.05	100	14.2	219	14.3	512	0	0	14.3	3	48	14.4	14	14.45	100	14.5	125	14.3	14.3	14.3	0	0	2961980	
SBT	15.95	13.95	14.95	14.9	6811	14.95	9006	15	100	0.15	1	15.1	18163	239237	15.1	1639	15.15	13138	15.2	10245	15.1	15.15	14.85	4211	3376	55289387	
SBV	9.73	8.47	9.1	8.96	461	8.97	380	9	216	0.02	0.22	9.12	270	4205	9.12	17	9.13	308	9.14	260	9.12	9.12	9	0	0	845089	
SC5	22.2	19.3	20.75	0	0	0	0	0	0	0	0	0	0	0	20.7	38	20.75	61	22.2	80	0	0	0	0	0	667153	
SCD	22.85	19.95	21.4	21.35	10	21.4	21	21.5	3	0.4	1.87	21.8	71	255	21.8	60	21.85	70	22.8	110	0	21.95	21.5	0	0	343165	
SCR	4.98	4.34	4.66	4.59	70	4.6	6689	4.61	225	-0.05	-1.07	4.61	11001	94813	4.64	500	4.65	159	4.66	1243	4.61	4.7	4.61	130	5822	17390785	
SCS	119.8	104.2	112	113.2	10	113.3	5	113.5	11	2	1.79	114	82	4866	114	112	114.5	370	114.6	60	114	115	111.5	1737	0	1401284	
SFC	21.45	18.65	20.05	0	0	18.65	501	20.05	30	0	0	0	0	0	21.45	5	0	0	0	0	0	0	0	0	0	544500	
SFG	6.12	5.32	5.72	5.36	775	5.4	226	5.41	390	-0.03	-0.52	5.69	101	952	5.69	259	5.7	1859	5.72	25	5.69	5.7	5.36	0	0	2256084	
SFI	21.45	18.65	20.05	19.35	51	19.4	150	19.5	2	-0.55	-2.74	19.5	6	158	20.95	1	21	105	21.2	8	19.5	21	19.4	3	0	512967	
SGN	76.5	66.5	71.5	71.4	210	71.5	673	71.6	176	0.1	0.14	71.6	13	1580	72	9	72.1	8	72.2	8	71.6	72.1	71.5	16	0	930585	
SGR	15.5	13.5	14.5	13.5	1	13.6	1	14	5	0	0	14.5	13	37	14.5	7	15.4	30	15.45	5	14.5	14.6	14.5	0	0	2231257	
SGT	4.56	3.98	4.27	4.2	311	4.22	549	4.23	80	-0.07	-1.64	4.2	20	39	4.45	48	4.5	189	4.56	279	4.2	4.45	4.2	0	20	2599602	
SHA	4.47	3.89	4.18	0	0	3.89	112	4.03	18	-0.01	-0.24	4.17	10	512	4.17	1134	4.18	2010	4.19	1	4.17	4.17	4.03	0	0	1455502	
SHI	9.09	7.91	8.5	8.45	35	8.5	1102	8.6	27	0.3	3.53	8.8	2300	77405	8.8	8	8.9	52	8.91	100	8.8	8.8	8.5	40	0	4201053	
SHP	25.65	22.35	24	23.6	300	23.7	508	23.8	147	0	0	24	672	677	24	323	24.1	130	24.3	116	24	24	24	0	0	4123400	
SII	19.25	16.75	18	16.75	91	16.8	20	16.85	10	-0.2	-1.11	17.8	95	160	17.8	675	18.2	10	19.25	16	17.8	17.8	16.75	0	16	2432	
SJD	18.15	15.85	17	16.75	100	16.8	1312	16.85	115	0	0	17	268	1255	17	142	17.15	305	17.2	252	17	17	16.85	900	420	1565637	
SJF	2.03	1.77	1.9	1.84	230	1.85	2037	1.86	6	-0.04	-2.11	1.86	1996	43254	1.87	1	1.88	1	1.89	116	1.86	1.96	1.85	0	0	3856613	
SJS	20.3	17.7	19	18.9	2588	18.95	1582	19	974	0	0	19	1272	4962	19.2	657	19.3	745	19.35	550	19	19.3	18.9	2085	772	5375083	
SKG	11.1	9.68	10.4	10.15	300	10.2	1565	10.25	300	0	0	10.4	621	19902	10.4	486	10.45	1703	10.5	2728	10.4	10.6	10.2	0	0	229078	
SMA	21.9	19.1	20.5	0	0	0	0	0	0	-1.4	-6.83	19.1	10	218	19.1	1802	19.5	60	21.5	1	0	21.9	19.1	0	0	928092	
SMB	33.45	29.15	31.3	31.6	259	31.7	179	31.8	93	0.5	1.6	31.8	5	918	32	309	32.1	5	32.25	1	31.8	32	31.5	0	0	1082737	
SMC	12.4	10.8	11.6	0	0	10.8	1271	10.9	413	-0.7	-6.03	10.9	214	327	11.4	32	11.45	2	11.55	1066	10.9	11.55	10.9	0	0	969910	
SPM	10.45	9.12	9.8	9.5	1	9.8	5	9.81	5	0.65	6.63	10.45	50	73	10.4	19	10.45	36	0	0	10.45	10.45	10.2	0	29	642115	
SRC	17.5	15.3	16.4	16.15	100	16.2	347	16.25	139	0	0	16.4	1	236	16.4	105	16.5	180	16.55	25	16.4	16.4	16.2	0	0	1372379	
SRF	14.3	12.5	13.4	12.7	100	12.8	203	12.9	28	-0.5	-3.73	12.9	2	7	13.2	5	13.45	44	13.5	370	12.9	13.5	12.9	0	1	70934	
SSC	58.8	51.2	55	53	3	53.5	3	54	3	3.4	6.18	58.4	3	6	57	1	58	15	58.4	6	0	58.4	54.5	3	0	718874	
SSI	15.3	13.3	14.3	14.2	12280	14.25	2480	14.3	5011	0.05	0.35	14.35	21226	331449	14.35	5568	14.4	14893	14.45	23228	14.35	14.5	14.2	9077	15402	29842810	
ST8	12.8	11.2	12	11.35	100	11.4	20	12	6	0.2	1.67	12.2	2	36	12.2	187	12.8	90	0	0	12.2	12.2	12	0	0	0	
STB	11.1	9.68	10.4	10.3	54721	10.35	15632	10.4	11978	0.1	0.96	10.5	127370	1019627	10.5	47377	10.55	59155	10.6	67967	10.5	10.55	10.25	5087	27830	27291071	
STG	17.1	14.9	16	15.1	100	15.15	10	15.2	20	0	0	16	6	20	16	3	16.2	193	16.25	85	16	16.2	15	0	0	4806165	
STK	18.55	16.15	17.35	17.05	1237	17.1	1701	17.15	342	-0.2	-1.15	17.15	300	5172	17.2	4	17.25	349	17.3	100	17.15	17.6	17.05	861	0	3170186	
SVC	74.9	65.1	70	70	95	70.1	72	70.2	290	0.2	0.29	70.2	90	1431	73	66	73.2	5	73.5	790	0	70.2	70.1	0	0	1143779	
SVI	81.2	70.6	75.9	0	0	0	0	70.7	1	3.6	4.74	79.5	100	158	79.5	4	80	224	81.2	170	0	80	79.5	0	0	623497	
SVT	8.66	7.54	8.1	0	0	0	0	7.54	50	0.1	1.23	8.2	1	101	8.6	1	0	0	0	0	8.2	8.2	7.54	0	0	515360	
SZC	20.3	17.7	19	18.8	2611	18.85	361	18.9	100	0	0	19	2802	133629	19	6550	19.05	3942	19.1	4443	19	19.6	18.8	1818	2796	4876792	
SZL	42.25	36.75	39.5	39.35	50	39.4	55	39.5	138	0	0	39.5	62	3948	39.7	1145	39.8	315	39.85	200	39.5	40	39.5	0	12	818477	
TAC	31.2	27.2	29.2	30.5	498	31	16	31.2	542	2	6.85	31.2	99	3875	0	0	0	0	0	0	31.2	31.2	29.3	0	19	1617189	
TBC	25	21.8	23.4	23.3	5	23.4	2	23.5	284	0.1	0.43	23.5	100	1120	23.95	11	24	450	25	1	0	23.5	23.5	0	20	3079085	
TCB	22.5	19.6	21.05	21	1810	21.1	11	21.15	200	0.95	4.51	22	154327	353941	22	8399	22.05	21	22.1	207	22	22	20.85	0	0	0	
TCD	10.2	8.88	9.54	8.88	10	8.89	100	8.9	1	0.14	1.47	9.68	53	482	9.29	220	9.6	41	9.7	16	0	9.75	8.9	0	0	1444541	
TCH	23.85	20.75	22.3	22.05	80	22.1	1579	22.2	3592	-0.1	-0.45	22.2	5072	40903	22.3	861	22.35	610	22.4	1058	22.2	22.5	22.05	1730	5818	16189840	
TCL	24.25	21.15	22.7	22.4	711	22.45	160	22.5	260	-0.1	-0.44	22.6	141	3749	22.6	359	22.7	350	22.8	352	0	23.25	22.3	1	0	1059729	
TCM	17.65	15.35	16.5	16.25	145	16.3	3032	16.35	426	-0.15	-0.91	16.35	1232	86008	16.4	420	16.45	470	16.5	4836	16.35	16.7	16.3	711	150	25540	
TCO	9.13	7.95	8.54	0	0	7.95	10	9.13	98	0.59	6.91	9.13	1	9	0	0	0	0	0	0	0	9.13	9.13	2	0	873496	
TCR	3.37	2.93	3.15	0	0	0	0	0	0	-0.1	-3.17	3.05	1	101	3.05	99	3.15	76	3.21	10	3.05	3.05	2.93	0	0	0	
TCT	35.8	31.2	33.5	33	60	33.05	5	33.1	2	-0.2	-0.6	33.3	1	552	33.5	605	33.7	12	33.9	118	0	33.5	33	0	30	366993	
TDC	8.47	7.37	7.92	7.92	532	7.93	5	7.94	35	0.02	0.25	7.94	1800	10111	7.98	836	7.99	1246	8	4197	7.94	8.04	7.93	29	0	4669520	
TDG	1.86	1.62	1.74	1.69	2030	1.7	4540	1.71	2207	-0.01	-0.57	1.73	1000	31863	1.73	17717	1.74	2222	1.75	6666	1.73	1.75	1.71	0	0	791710	
TDH	9.3	8.1	8.7	8.62	1200	8.63	1500	8.66	23	-0.01	-0.11	8.69	5015	55892	8.69	1900	8.7	3881	8.75	1820	8.69	8.74	8.6	4615	1523	1733061	
TDM	22.2	19.3	20.75	20.35	2100	20.4	1067	20.5	1100	-0.1	-0.48	20.65	300	27682	20.65	55	20.7	868	20.75	678	20.65	20.8	20.4	3805	285	3700613	
TDW	27.25	23.75	25.5	24.2	100	24.35	3	24.4	1	-1.05	-4.12	24.45	1	13	26	112	26.8	10	27	50	0	26	24.4	0	0	394670	
TEG	4.75	4.13	4.44	4.6	4	4.7	10	4.75	6979	0.31	6.98	4.75	300	3810	0	0	0	0	0	0	0	4.75	4.75	0	0	1572131	
TGG	0.93	0.81	0.87	0.82	8420	0.83	3990	0.84	300	-0.01	-1.15	0.86	901	28422	0.86	3282	0.87	9858	0.88	7299	0.86	0.86	0.83	0	0	1253509	
THG	51.8	45.15	50	48	305	48.1	130	48.2	10	-1.25	-2.5	48.75	2	30	48.75	116	48.8	44	49.5	20	48.75	50	48.2	0	0	640252	
THI	29.3	25.5	27.4	26	100	26.1	215	26.15	40	-1.3	-4.74	26.1	10	350	27.05	2	29	57	29.3	50	0	26.15	26.1	0	0	2388065	
TIP	19.5	17	18.25	18.35	550	18.4	642	18.45	310	0.25	1.37	18.5	2280	22112	18.5	3257	18.65	200	18.7	3	18.5	18.8	18.1	0	3487	975154	
TIX	30.75	26.75	30	27	5	28	200	30	5	0.75	2.5	30.75	8	13	30.75	5	0	0	0	0	30.75	30.75	29	0	0	1467467	
TLD	6.47	5.63	6.05	5.95	221	5.96	8	6	50	0	0	6.05	400	11120	6.05	250	6.1	199	6.2	1153	6.05	6.1	6	0	0	891177	
TLG	35.05	30.55	32.8	32.8	605	32.85	444	32.9	14	0.1	0.3	32.9	511	8986	32.95	398	33	1377	33.1	798	32.9	33.4	32.85	152	3114	5859484	
TLH	3.44	3	3.22	3.19	1000	3.21	1463	3.22	1099	0.05	1.55	3.27	1	28053	3.27	599	3.28	358	3.29	100	3.27	3.3	3.16	0	0	4905566	
TMP	35.3	30.7	33	33	264	33.1	10	33.4	7	0.4	1.21	33.4	5	26	34.5	1	35	3	35.3	5	33.4	34.5	33.4	0	0	3407009	
TMS	27.6	24	25.8	25.2	10	25.25	30	25.3	2	-0.5	-1.94	25.3	1	49	25.7	5	25.8	49	25.9	87	25.3	26.6	25.1	0	0	0	
TMT	5.88	5.12	5.5	5.12	310	5.13	1	5.15	101	-0.2	-3.64	5.3	1	808	5.3	44	5.35	224	5.4	200	0	5.3	5.2	0	0	1733944	
TN1	69.6	60.6	65.1	64.6	23	64.8	18	65	36	0	0	65.1	90	159	65.1	60	65.5	120	65.7	139	0	65.1	65.1	0	0	649888	
TNA	18.1	15.8	16.95	17.85	1120	17.9	3415	18	1505	1.1	6.49	18.05	2599	38513	18.05	194	18.1	2827	0	0	18.05	18.05	17.4	200	370	1477731	
TNC	18.7	16.3	17.5	17.2	100	17.25	60	17.3	100	1	5.71	18.5	1	148	18.45	2	18.5	132	18.6	25	0	18.7	17.2	0	0	898643	
TNI	11.1	9.68	10.4	10.25	1422	10.3	1618	10.35	346	-0.05	-0.48	10.35	60	18304	10.4	116	10.45	236	10.5	599	10.35	10.4	10.35	0	0	2517733	
TNT	1.62	1.42	1.52	1.48	1	1.49	255	1.5	748	-0.01	-0.66	1.51	13	3732	1.51	1499	1.52	1111	1.53	300	1.51	1.52	1.49	0	0	1237041	
TPB	23.45	20.45	21.95	21.65	1289	21.7	330	21.75	4430	-0.15	-0.68	21.8	100	16153	21.8	190	21.85	494	21.9	150	21.8	22	21.6	0	0	0	
TPC	8.77	7.63	8.2	8.15	10	8.18	9	8.19	1	-0.01	-0.12	8.19	3	81	8.29	98	8.3	29	8.4	10	8.19	8.69	8.11	0	0	1156357	
TRA	62	54	58	56.5	10	57	106	58	100	0.5	0.86	58.5	1	223	58.5	51	59	220	59.9	12	0	60.4	56	1	0	208035	
TRC	30.9	26.9	28.9	27.4	45	27.5	55	28	199	-0.9	-3.11	28	46	298	29	50	29.45	36	29.5	464	28	28.85	28	0	16	1220688	
TS4	3.15	2.75	2.95	2.87	139	2.88	1050	2.89	105	-0.05	-1.69	2.9	31	3535	2.96	50	2.97	50	2.99	60	0	3	2.86	0	0	762159	
TSC	2.5	2.18	2.34	2.34	2181	2.35	9706	2.36	316	0.02	0.85	2.36	232	63448	2.37	1005	2.38	1396	2.39	1085	2.36	2.4	2.33	0	0	7175157	
TTB	3.79	3.31	3.55	3.76	2150	3.77	1216	3.79	549	0.24	6.76	3.79	12468	223798	0	0	0	0	0	0	3.79	3.79	3.51	1803	1119	2255636	
TTE	14.85	12.95	13.9	0	0	0	0	0	0	0	0	0	0	0	14.85	2	0	0	0	0	0	0	0	0	0	1452958	
TTF	2.69	2.35	2.52	2.65	4450	2.66	5419	2.67	1052	0.15	5.95	2.67	8466	328426	2.68	23930	2.69	41112	0	0	2.67	2.69	2.55	11297	0	15189419	
TV2	73.4	63.8	68.6	68.4	30	68.5	154	68.6	95	0	0	68.6	290	1953	69.5	528	69.6	335	69.7	20	68.6	70	68.5	162	18	15704	
TVB	10.85	9.44	10.15	10.2	4512	10.25	3187	10.3	1563	0.2	1.97	10.35	2171	61951	10.35	557	10.4	1204	10.45	1270	10.35	10.4	10.15	3398	0	2347387	
TVS	11.4	9.96	10.7	10.1	99	10.15	198	10.5	300	0	0	10.7	110	1225	10.7	185	10.75	100	10.8	352	10.7	10.7	10.15	0	0	2175153	
TVT	21.9	19.1	20.5	19.7	5	19.9	11	20	57	-0.5	-2.44	20	36	39	20.5	10	20.6	10	20.7	102	0	20.3	20	0	0	1026451	
TYA	13.3	11.6	12.45	12.3	470	12.35	283	12.4	50	0	0	12.45	150	2448	12.45	676	12.5	888	12.55	208	12.45	12.55	12.4	0	500	385661	
UDC	3.18	2.78	2.98	2.86	200	2.88	5	2.9	50	-0.08	-2.68	2.9	150	2351	2.98	917	3	917	3.06	400	0	2.98	2.9	0	0	1713749	
UIC	43.65	37.95	40.8	40.6	90	40.65	90	40.8	5	0.05	0.12	40.85	21	4602	40.85	49	40.9	101	40.95	100	40.85	40.85	40.45	216	0	230186	
VAF	6.86	5.98	6.42	0	0	6	1	6.42	2	0	0	0	0	0	0	0	0	0	0	0	0	0	0	0	0	1845588	
VCB	85.1	74.1	79.6	80.7	3	81	2010	81.1	50	1.6	2.01	81.2	27788	142550	81.2	840	81.3	32	81.4	10	81.2	81.2	79.6	57388	25651	23445426	
VCF	224.7	195.3	210	206.2	3	208.1	1	210	2	0	0	0	0	0	214.9	70	215	2	222	24	0	0	0	0	0	1287833	
VCI	25.7	22.4	24.05	23.1	1080	23.15	5	23.2	1000	-0.75	-3.12	23.3	3129	113454	23.3	1645	23.35	925	23.4	500	23.3	24.25	22.8	3691	17678	11485403	
VDP	39.55	34.45	37	0	0	36.5	2	36.6	16	0.5	1.35	37.5	1	1	37.5	99	37.6	200	37.9	180	37.5	37.5	37.5	0	0	621813	
VDS	6.42	5.58	6	5.82	10	5.83	130	5.84	1	0.29	4.83	6.29	5	9	6.28	145	6.29	138	6.3	309	0	6.42	6.29	0	0	4865369	
VFG	42.8	37.2	40	38	20	38.5	10	39	22	-0.5	-1.25	39.5	20	40	39.3	2	39.5	50	39.8	3	0	39.5	39.5	0	0	1484261	
VGC	18.5	16.1	17.3	17.25	425	17.3	2200	17.4	76	0.1	0.58	17.4	400	23563	17.45	2112	17.5	6073	17.55	1	17.4	17.45	17	662	0	17541628	
VHC	36.45	31.75	34.1	33.5	1721	33.6	1873	33.7	220	-0.4	-1.17	33.7	1740	62412	33.75	974	33.85	588	33.9	626	33.7	34.3	33.6	440	2535	12372310	
VHM	82.4	71.8	77.1	77.4	3	77.5	3000	77.6	4000	0.9	1.17	78	25305	226643	78	3022	78.1	1050	78.2	1718	78	78.5	76.8	91347	68510	118085131	
VIC	103.3	89.9	96.6	96.9	165	97	220	97.1	1	1.4	1.45	98	26219	67438	98	1488	98.1	182	98.2	409	98	98	96.9	31901	56464	76722384	
VID	3.68	3.2	3.44	3.31	400	3.34	1	3.35	75	0	0	3.44	4	1123	3.44	40	3.45	10	3.49	19	3.44	3.49	3.3	0	0	1354422	
VIP	5.32	4.64	4.98	4.89	110	4.9	1000	4.91	34	-0.07	-1.41	4.91	839	8590	4.97	502	4.98	1000	4.99	2150	4.91	5	4.9	3246	39	2945513	
VIS	22.35	19.45	20.9	0	0	0	0	19.45	7	0	0	0	0	0	21	145	22	35	22.35	46	0	0	0	0	0	1910919	
VJC	121.6	105.8	113.7	113.7	55	113.8	57	114	1	1.3	1.14	115	14521	45216	115	2900	115.3	15	115.5	140	115	115	113.6	1745	10072	6166375	
VMD	22.65	19.75	21.2	20.3	2	20.45	1	20.6	13	0	0	21.2	10	25	21.2	40	21.25	13	21.5	2	0	21.9	21.2	10	0	729271	
VND	13.05	11.35	12.2	12	9514	12.05	3032	12.1	730	-0.1	-0.82	12.1	1747	28551	12.15	2267	12.2	7101	12.25	5404	12.1	12.2	12.05	0	2233	2874404	
VNE	5.08	4.42	4.75	4.55	205	4.6	1010	4.7	1580	-0.05	-1.05	4.7	1000	36633	4.77	73	4.78	2000	4.8	1000	4.7	4.83	4.7	100	80	3929097	
VNG	14.85	12.95	13.9	13.75	230	13.8	175	13.85	144	0	0	13.9	50	17257	13.9	725	13.95	920	14	2300	13.9	14	13.65	0	134	4752907	
VNL	15.05	13.15	14.1	0	0	13.15	6	13.25	3	0	0	0	0	0	14.5	1	15.05	72	0	0	0	0	0	0	0	357902	
VNM	121.9	106.1	114	114.3	1374	114.4	600	114.5	401	1	0.88	115	31864	158209	115	1245	115.1	24	115.2	340	115	115	113.5	102974	45008	71964498	
VNS	10	8.7	9.35	9.23	2	9.25	11	9.3	36	0	0	9.35	3	227	9.35	37	9.38	80	9.4	80	9.35	9.35	9.25	0	0	1947011	
VOS	1.47	1.29	1.38	1.44	1265	1.45	510	1.46	1280	0.09	6.52	1.47	1120	101133	1.47	4410	0	0	0	0	1.47	1.47	1.37	24500	500	6617382	
VPB	26.3	22.9	24.6	24.5	221	24.55	2	24.6	19	0.1	0.41	24.7	105576	669372	24.7	15055	24.75	5883	24.8	10541	24.7	24.75	24.15	15245	500	53210	
VPD	15.05	13.15	14.1	13.9	50	14	130	14.1	140	0	0	14.1	20	90	14.2	8	14.3	1105	14.8	100	0	14.15	14.1	0	20	5218527	
VPG	20.85	18.15	19.5	19.15	10	19.2	13	19.25	11	-0.25	-1.28	19.25	478	2152	19.3	1313	19.5	10	20	150	19.25	19.5	19.2	0	60	1294179	
VPH	4.46	3.88	4.17	4.03	230	4.04	632	4.05	2295	-0.12	-2.88	4.05	500	8011	4.15	2287	4.16	670	4.17	305	4.05	4.17	4.02	0	0	3417541	
VPI	45.35	39.45	42.4	42.3	135	42.35	172	42.4	267	0.05	0.12	42.45	715	50480	42.45	783	42.5	925	42.55	614	0	42.65	42.2	330	0	7168903	
VPS	10.95	9.54	10.25	9.54	30	9.61	50	10	134	-0.25	-2.44	10	183	305	10.85	40	10.95	1	0	0	0	10.3	10	0	0	1181843	
VRC	7.12	6.2	6.66	6.46	270	6.48	213	6.5	179	-0.16	-2.4	6.5	700	10683	6.57	40	6.58	100	6.59	90	6.5	6.66	6.48	0	660	2387404	
VRE	28.4	24.7	26.55	26.2	11752	26.25	20	26.3	1218	-0.25	-0.94	26.3	39480	504647	26.35	738	26.4	5627	26.45	1993	26.3	27.25	26	152104	255522	42025704	
VSC	29.1	25.3	27.2	26.4	255	26.45	10	26.5	982	-0.7	-2.57	26.5	134	4822	26.55	144	26.6	1456	26.7	410	26.5	27.15	26.5	314	888	782258	
VSH	19	16.6	17.8	17.75	287	17.8	84	17.85	142	0.05	0.28	17.85	484	584	18.15	1	18.2	225	18.25	113	17.85	18.25	17.85	0	484	7528771	
VSI	27.15	23.65	25.4	0	0	0	0	0	0	-1.75	-6.89	23.65	120	1220	23.65	1582	23.7	1	23.75	1	23.65	25	23.65	1	0	639872	
VTB	10.95	9.54	10.25	9.9	65	9.95	4	10	18	-0.25	-2.44	10	2	394	10.2	237	10.45	100	10.5	235	10	10.25	10	0	200	493240	
VTO	7.65	6.65	7.15	7.16	10	7.18	722	7.2	553	0.1	1.4	7.25	300	1382	7.25	65	7.3	320	7.4	200	7.25	7.25	7.15	0	33	3718129	
YBM	3.72	3.24	3.48	3.35	28	3.4	505	3.41	342	-0.07	-2.01	3.41	22	706	3.49	199	3.5	221	3.51	35	3.41	3.49	3.41	0	0	688731	
YEG	67.4	58.6	63	61	70	61.1	36	61.2	17	-1.8	-2.86	61.2	83	6027	61.7	150	61.8	10	61.9	169	61.2	63.9	58.9	163	10	2167500	
