VNSML
721.07
-0.15	-0.02
721.29	0.01	6410	0.24	
720.22	-0.14	51802900	356.51	
720.24	-0.14	53819260	369.44	
RAL	90.4	78.6	84.5	82.5	21	82.8	21	83	182	-0.4	-0.47	84.1	11	564	84.1	9	84.2	50	84.3	95	84.1	84.5	83	200	0	547134	
BSI	8.35	7.27	7.81	7.62	99	7.63	300	7.7	199	-0.11	-1.41	7.7	1	461	7.82	261	7.9	261	7.93	5	7.7	7.82	7.6	0	0	4950453	
DHM	9.3	8.1	8.7	8.6	1500	8.65	1583	8.7	559	0	0	8.7	2100	11651	8.89	100	8.9	159	9	1551	8.7	8.9	8.45	0	0	1531338	
BFC	13.3	11.6	12.45	12.55	15	12.6	1450	12.65	10135	0.25	2.01	12.7	1279	121972	12.7	1980	12.75	1188	12.8	2865	12.7	13	12.4	2028	0	2429383	
HVH	8.42	7.32	7.87	7.9	100	7.91	102	7.93	80	0.09	1.14	7.96	205	25035	7.95	472	7.96	322	7.97	149	7.96	7.99	7.84	1259	0	962600	
D2D	60.9	53.1	57	57.8	735	57.9	307	58	542	1	1.75	58	1308	24257	58.2	449	58.3	275	58.4	150	58	58.9	57.1	1498	4	902055	
TLH	3.44	3	3.22	3.19	1000	3.21	1463	3.22	1099	0.05	1.55	3.27	1	28053	3.27	599	3.28	358	3.29	100	3.27	3.3	3.16	0	0	4905566	
TDH	9.3	8.1	8.7	8.62	1200	8.63	1500	8.66	23	-0.01	-0.11	8.69	5015	55892	8.69	1900	8.7	3881	8.75	1820	8.69	8.74	8.6	4615	1523	1733061	
VPG	20.85	18.15	19.5	19.15	10	19.2	13	19.25	11	-0.25	-1.28	19.25	478	2152	19.3	1313	19.5	10	20	150	19.25	19.5	19.2	0	60	1294179	
ITC	13.35	11.65	12.5	11.8	30	12.5	118	12.55	30	0.05	0.4	12.55	20	23	12.95	15	13	478	13.1	20	0	12.55	12.5	0	0	3518729	
UIC	43.65	37.95	40.8	40.6	90	40.65	90	40.8	5	0.05	0.12	40.85	21	4602	40.85	49	40.9	101	40.95	100	40.85	40.85	40.45	216	0	230186	
CNG	22.1	19.3	20.7	20.65	131	20.7	285	20.75	103	0.05	0.24	20.75	600	2749	21	97	21.5	20	22	253	0	21	20.75	0	1060	755258	
HHS	4.41	3.85	4.13	4.15	2500	4.16	542	4.17	301	0.07	1.69	4.2	701	146544	4.2	737	4.21	80	4.22	1650	4.2	4.28	4.13	2503	1150	12586792	
CCL	7.69	6.69	7.19	7.08	20	7.09	480	7.1	121	0.05	0.7	7.24	409	11510	7.24	770	7.25	580	7.3	781	7.24	7.35	7.01	0	0	2106417	
HAP	3.37	2.93	3.15	3.12	700	3.13	500	3.14	1000	0	0	3.15	6	6552	3.15	553	3.16	189	3.17	200	3.15	3.18	3.13	0	0	2326943	
HAX	12.7	11.1	11.9	11.75	70	11.8	1185	11.85	531	0	0	11.9	5	10955	11.9	249	12	1304	12.05	3610	11.9	12.15	11.8	2052	0	1539615	
TVT	21.9	19.1	20.5	19.7	5	19.9	11	20	57	-0.5	-2.44	20	36	39	20.5	10	20.6	10	20.7	102	0	20.3	20	0	0	1026451	
KMR	2.4	2.1	2.25	2.17	51	2.18	1	2.19	21	-0.05	-2.22	2.2	301	17234	2.2	1257	2.21	350	2.22	506	2.2	2.25	2.15	551	0	2120047	
TRC	30.9	26.9	28.9	27.4	45	27.5	55	28	199	-0.9	-3.11	28	46	298	29	50	29.45	36	29.5	464	28	28.85	28	0	16	1220688	
SCD	22.85	19.95	21.4	21.35	10	21.4	21	21.5	3	0.4	1.87	21.8	71	255	21.8	60	21.85	70	22.8	110	0	21.95	21.5	0	0	343165	
LSS	4.9	4.26	4.58	4.71	299	4.73	134	4.78	500	0.22	4.8	4.8	100	7061	4.8	463	4.83	810	4.84	581	4.8	4.87	4.6	0	0	3317592	
C32	26.75	23.25	25	24.6	152	24.8	400	24.85	66	-0.15	-0.6	24.85	84	5288	25	426	25.1	434	25.2	500	24.85	25.35	24.65	1011	0	340147	
DAG	5.77	5.03	5.4	5.3	558	5.31	705	5.32	90	-0.08	-1.48	5.32	300	17641	5.33	236	5.34	308	5.36	33	5.32	5.39	5.32	0	0	2102390	
IJC	12.8	11.2	12	11.9	844	11.95	70	12	515	0	0	12	772	34544	12.05	165	12.1	500	12.15	50	12	12.25	11.9	4	12	6514703	
DVP	36.45	31.75	34.1	33.9	196	33.95	60	34	12	-0.1	-0.29	34	110	623	34.1	35	34.15	74	34.2	72	34	34	33.55	10	10	1407379	
KSB	21.8	19	20.4	20.3	4485	20.35	1971	20.4	747	0	0	20.4	3114	126673	20.45	2398	20.5	3018	20.55	2	20.4	20.9	20.3	5010	9962	2052005	
NAF	27.8	24.2	26	25.1	70	25.2	73	25.5	10	0	0	26	30	5365	26	127	26.05	40	26.1	160	26	26	25.2	0	0	4117225	
TNT	1.62	1.42	1.52	1.48	1	1.49	255	1.5	748	-0.01	-0.66	1.51	13	3732	1.51	1499	1.52	1111	1.53	300	1.51	1.52	1.49	0	0	1237041	
FIT	6.48	5.64	6.06	6.01	1253	6.02	780	6.03	531	-0.03	-0.5	6.03	1100	24831	6.06	40	6.07	100	6.08	200	6.03	6.12	6.03	514	30	12139213	
AAM	12.5	10.9	11.7	11.05	111	11.2	349	11.3	33	0	0	11.7	1	51	11.7	295	11.9	100	11.95	100	0	11.7	11.05	0	0	592374	
GIL	20.25	17.65	18.95	18.7	200	18.75	151	18.8	16	-0.15	-0.79	18.8	134	18872	18.85	3080	18.9	195	18.95	2100	18.8	19.05	18.8	0	8	1057351	
SKG	11.1	9.68	10.4	10.15	300	10.2	1565	10.25	300	0	0	10.4	621	19902	10.4	486	10.45	1703	10.5	2728	10.4	10.6	10.2	0	0	229078	
TVB	10.85	9.44	10.15	10.2	4512	10.25	3187	10.3	1563	0.2	1.97	10.35	2171	61951	10.35	557	10.4	1204	10.45	1270	10.35	10.4	10.15	3398	0	2347387	
LHG	18.25	15.95	17.1	17.1	3080	17.15	415	17.2	100	0.2	1.17	17.3	500	15076	17.3	2057	17.35	6082	17.4	6301	17.3	17.3	17	198	0	2005635	
QBS	2.02	1.76	1.89	1.84	163	1.85	15	1.87	460	0	0	1.89	6	2518	1.89	55	1.9	2798	1.91	400	1.89	1.98	1.88	0	0	0	
FIR	30.8	26.8	28.8	28.85	435	28.9	530	29	473	0.2	0.69	29	581	9197	29.1	223	29.15	150	29.2	110	29	29.1	28.8	357	0	1007974	
HCD	3.45	3.01	3.23	0	0	0	0	3.01	13126	-0.22	-6.81	3.01	3231	96165	3.05	530	3.09	979	3.1	300	3.01	3.23	3.01	0	0	1320269	
SAV	9.52	8.28	8.9	8.46	100	8.47	21	8.7	10	0.2	2.25	9.1	50	297	9.2	50	9.27	88	9.28	50	9.1	9.27	8.28	0	0	0	
HAH	11.7	10.2	10.95	10.8	1900	10.85	105	10.9	368	0	0	10.95	2	7332	10.95	498	11	520	11.05	403	10.95	11.1	10.9	0	0	1368751	
PGC	14.95	13.05	14	13.85	200	13.9	1001	14	806	0	0	14	44	319	14.1	4	14.2	378	14.25	1700	0	14	14	0	0	2497362	
DAH	13.35	11.65	12.5	11.8	512	11.85	760	12	576	-0.5	-4	12	586	42401	12.1	389	12.3	160	12.35	200	12	12.7	11.65	1905	865	1651553	
VIP	5.32	4.64	4.98	4.89	110	4.9	1000	4.91	34	-0.07	-1.41	4.91	839	8590	4.97	502	4.98	1000	4.99	2150	4.91	5	4.9	3246	39	2945513	
NKG	7.67	6.67	7.17	7.12	172	7.13	550	7.14	648	-0.03	-0.42	7.14	9197	172889	7.17	2616	7.18	4795	7.19	3518	7.14	7.24	7.1	1169	1901	13782894	
IBC	23.3	20.3	21.8	21.8	143	21.85	120	21.9	122	0.2	0.92	22	3	10112	21.95	177	22	954	22.1	237	22	22	21.8	0	0	1976524	
TNI	11.1	9.68	10.4	10.25	1422	10.3	1618	10.35	346	-0.05	-0.48	10.35	60	18304	10.4	116	10.45	236	10.5	599	10.35	10.4	10.35	0	0	2517733	
SZC	20.3	17.7	19	18.8	2611	18.85	361	18.9	100	0	0	19	2802	133629	19	6550	19.05	3942	19.1	4443	19	19.6	18.8	1818	2796	4876792	
HTN	18.65	16.25	17.45	17.3	350	17.35	399	17.4	300	0	0	17.45	380	6731	17.45	308	17.5	813	17.55	150	17.45	17.5	17.35	0	0	1428262	
HMC	14.75	12.85	13.8	14.25	8	14.3	200	14.4	90	0.4	2.9	14.2	268	17652	14.7	2	14.75	400	0	0	14.2	14.75	14	0	0	1003126	
HQC	1.15	1.01	1.08	1.05	37115	1.06	91702	1.07	80276	0	0	1.08	45777	368442	1.08	14028	1.09	47827	1.1	140244	1.08	1.1	1.07	0	7443	21494005	
VOS	1.47	1.29	1.38	1.44	1265	1.45	510	1.46	1280	0.09	6.52	1.47	1120	101133	1.47	4410	0	0	0	0	1.47	1.47	1.37	24500	500	6617382	
TSC	2.5	2.18	2.34	2.34	2181	2.35	9706	2.36	316	0.02	0.85	2.36	232	63448	2.37	1005	2.38	1396	2.39	1085	2.36	2.4	2.33	0	0	7175157	
TYA	13.3	11.6	12.45	12.3	470	12.35	283	12.4	50	0	0	12.45	150	2448	12.45	676	12.5	888	12.55	208	12.45	12.55	12.4	0	500	385661	
VPH	4.46	3.88	4.17	4.03	230	4.04	632	4.05	2295	-0.12	-2.88	4.05	500	8011	4.15	2287	4.16	670	4.17	305	4.05	4.17	4.02	0	0	3417541	
DCL	22	19.2	20.6	20.2	201	20.3	235	20.35	177	-0.25	-1.21	20.35	300	1610	20.5	10	20.55	309	20.6	201	20.35	20.9	20.3	10	102	1677952	
DQC	18.95	16.55	17.75	17.15	50	17.4	30	17.5	563	0.65	3.66	18.4	291	4698	18.4	535	18.45	120	18.5	170	18.4	18.5	17	34	23	1591827	
PET	9.28	8.08	8.68	9.09	300	9.1	17	9.17	1000	0.5	5.76	9.18	2492	61222	9.18	401	9.19	300	9.2	1800	9.18	9.28	8.68	151	8833	2782485	
DIC	1.84	1.6	1.72	1.67	1943	1.68	40	1.69	1990	-0.03	-1.74	1.69	5072	41187	1.72	95	1.73	10	1.74	4448	1.69	1.77	1.67	0	0	1287512	
DLG	1.61	1.41	1.51	1.45	62890	1.46	56041	1.47	131804	-0.04	-2.65	1.47	13612	866404	1.48	8252	1.49	22395	1.5	27329	1.47	1.5	1.43	32898	0	13843348	
HAI	3.29	2.87	3.08	2.99	11299	3	5496	3.01	1053	-0.07	-2.27	3.01	11250	310115	3.03	6220	3.04	4765	3.05	1167	3.01	3.19	2.99	130	10102	8640052	
PMG	13.15	11.45	12.3	12.1	6	12.15	4	12.2	74	-0.1	-0.81	12.2	3	99	12.3	25	12.35	53	12.4	5	12.2	12.3	12.2	0	0	2018910	
LMH	1.14	1	1.07	0	0	0	0	0	0	-0.07	-6.54	1	3507	79838	1	361500	1.01	510	1.02	480	1	1	1	50	0	2562923	
AGR	3.59	3.13	3.36	3.3	4034	3.31	169	3.32	141	-0.05	-1.49	3.31	1900	13370	3.33	1429	3.34	225	3.35	221	3.31	3.38	3.3	0	3	9960492	
ADS	10.8	9.4	10.1	9.71	10	9.72	57	9.73	15	-0.05	-0.5	10.05	5	181	10.05	61	10.1	122	10.2	40	0	10.1	10	0	0	1248247	
DHA	34.1	29.7	33.9	31.7	65	31.8	2027	31.85	2	-2	-5.9	31.9	3	1974	31.9	27	32.1	200	32.2	110	31.9	32.5	31	0	0	600651	
TEG	4.75	4.13	4.44	4.6	4	4.7	10	4.75	6979	0.31	6.98	4.75	300	3810	0	0	0	0	0	0	0	4.75	4.75	0	0	1572131	
CMX	17.7	15.4	16.55	16.1	2453	16.2	961	16.3	410	-0.25	-1.51	16.3	522	30469	16.4	728	16.5	651	16.55	420	16.3	16.9	16.1	0	400	1160067	
SMB	33.45	29.15	31.3	31.6	259	31.7	179	31.8	93	0.5	1.6	31.8	5	918	32	309	32.1	5	32.25	1	31.8	32	31.5	0	0	1082737	
HUB	18.05	15.75	16.9	16.3	200	16.35	60	16.5	2	-0.4	-2.37	16.5	15	441	16.7	200	16.8	39	16.9	78	16.5	17.5	16.5	0	0	747054	
VNE	5.08	4.42	4.75	4.55	205	4.6	1010	4.7	1580	-0.05	-1.05	4.7	1000	36633	4.77	73	4.78	2000	4.8	1000	4.7	4.83	4.7	100	80	3929097	
FCM	6.61	5.75	6.18	6.18	240	6.19	76	6.35	3	0.17	2.75	6.35	40	4936	6.37	30	6.38	100	6.39	295	6.35	6.42	6.19	0	0	1909220	
YBM	3.72	3.24	3.48	3.35	28	3.4	505	3.41	342	-0.07	-2.01	3.41	22	706	3.49	199	3.5	221	3.51	35	3.41	3.49	3.41	0	0	688731	
HII	13.9	12.1	13	12.9	1020	12.95	291	13	566	0	0	13	400	11195	13.05	20	13.1	1640	13.15	170	13	13.1	12.9	90	0	1357819	
HSL	6.01	5.23	5.62	5.41	400	5.42	100	5.5	159	-0.03	-0.53	5.59	21	5682	5.55	79	5.59	509	5.6	847	5.59	5.65	5.3	0	0	1357921	
SZL	42.25	36.75	39.5	39.35	50	39.4	55	39.5	138	0	0	39.5	62	3948	39.7	1145	39.8	315	39.85	200	39.5	40	39.5	0	12	818477	
EVG	2.71	2.37	2.54	2.41	1100	2.42	602	2.43	2165	-0.11	-4.33	2.43	3002	23337	2.48	1	2.49	1	2.5	4378	2.43	2.52	2.43	0	0	2859519	
FTS	12.15	10.65	11.4	11.1	398	11.15	136	11.2	120	-0.2	-1.75	11.2	294	5314	11.3	946	11.4	550	11.45	115	11.2	11.55	11.05	0	0	9459637	
TLD	6.47	5.63	6.05	5.95	221	5.96	8	6	50	0	0	6.05	400	11120	6.05	250	6.1	199	6.2	1153	6.05	6.1	6	0	0	891177	
CEE	15.6	13.6	14.6	13.7	100	14	1000	14.05	56	0.6	4.11	15.2	5	13	15.2	215	15.25	50	15.3	60	15.2	15.2	14.05	0	0	2021552	
HDC	20.05	17.45	18.75	18.5	1499	18.6	2477	18.65	1372	-0.1	-0.53	18.65	2942	99606	18.75	2214	18.8	3093	18.85	1000	18.65	18.95	18.65	10	11473	2359679	
AMD	3.5	3.06	3.28	3.18	1878	3.19	3398	3.2	3151	-0.08	-2.44	3.2	8143	361272	3.22	740	3.23	4320	3.24	1417	3.2	3.38	3.15	20074	9436	7715184	
SJF	2.03	1.77	1.9	1.84	230	1.85	2037	1.86	6	-0.04	-2.11	1.86	1996	43254	1.87	1	1.88	1	1.89	116	1.86	1.96	1.85	0	0	3856613	
DGW	29.3	25.5	27.4	26.8	1126	26.85	814	26.9	760	-0.4	-1.46	27	835	40840	27	283	27.05	76	27.1	30	27	27.9	26.9	15	1403	1047306	
LGL	5.13	4.47	4.8	4.72	180	4.74	360	4.75	102	0.04	0.83	4.84	2	2210	4.84	311	4.85	207	4.86	510	4.84	4.85	4.66	0	0	2251860	
SRF	14.3	12.5	13.4	12.7	100	12.8	203	12.9	28	-0.5	-3.73	12.9	2	7	13.2	5	13.45	44	13.5	370	12.9	13.5	12.9	0	1	70934	
VDS	6.42	5.58	6	5.82	10	5.83	130	5.84	1	0.29	4.83	6.29	5	9	6.28	145	6.29	138	6.3	309	0	6.42	6.29	0	0	4865369	
TNA	18.1	15.8	16.95	17.85	1120	17.9	3415	18	1505	1.1	6.49	18.05	2599	38513	18.05	194	18.1	2827	0	0	18.05	18.05	17.4	200	370	1477731	
SRC	17.5	15.3	16.4	16.15	100	16.2	347	16.25	139	0	0	16.4	1	236	16.4	105	16.5	180	16.55	25	16.4	16.4	16.2	0	0	1372379	
APG	9.41	8.19	8.8	8.85	26	8.86	200	8.9	264	0.15	1.7	8.95	50	87567	8.95	171	9	157	9.05	165	8.95	8.96	8.85	2131	636	3164772	
BCG	6.08	5.3	5.69	5.68	10	5.69	211	5.7	2000	0.03	0.53	5.72	640	17489	5.72	271	5.73	1067	5.75	418	5.72	5.77	5.63	1000	8	1665127	
GMC	19.75	17.25	18.5	18.35	469	18.4	300	18.45	24	-0.05	-0.27	18.45	56	2399	18.6	25	18.9	501	18.95	150	18.45	19	18.45	0	0	1034769	
ACL	24.6	21.4	23	23.5	85	24.5	80	24.6	9836	1.6	6.96	24.6	86	3578	0	0	0	0	0	0	0	24.6	24.6	0	0	847683	
ITD	9.19	7.99	8.59	8.52	1	8.53	1	8.54	1	0.01	0.12	8.6	1	526	8.6	98	8.61	65	8.62	100	8.6	8.65	8.4	0	0	682375	
CVT	18.7	16.3	17.5	17.4	4288	17.45	8460	17.5	12	0.05	0.29	17.55	70	22543	17.55	910	17.6	453	17.65	2700	17.55	17.7	17.4	408	0	3268222	
THG	51.8	45.15	50	48	305	48.1	130	48.2	10	-1.25	-2.5	48.75	2	30	48.75	116	48.8	44	49.5	20	48.75	50	48.2	0	0	640252	
VRC	7.12	6.2	6.66	6.46	270	6.48	213	6.5	179	-0.16	-2.4	6.5	700	10683	6.57	40	6.58	100	6.59	90	6.5	6.66	6.48	0	660	2387404	
CSV	24.05	20.95	22.5	22.05	15	22.1	1033	22.15	781	-0.35	-1.56	22.15	3315	20856	22.25	611	22.3	156	22.35	110	22.15	22.75	22.15	0	0	1802385	
KPF	22.65	19.75	21.2	0	0	0	0	0	0	-1.45	-6.84	19.75	1	13	19.75	488	0	0	0	0	19.75	19.75	19.75	0	0	882579	
HTI	13.2	11.5	12.35	11.9	86	12	59	12.05	1	-0.35	-2.83	12	6	809	12.2	25	12.25	190	12.3	397	0	12.3	12	0	0	791573	
SHI	9.09	7.91	8.5	8.45	35	8.5	1102	8.6	27	0.3	3.53	8.8	2300	77405	8.8	8	8.9	52	8.91	100	8.8	8.8	8.5	40	0	4201053	
C47	11	9.58	10.3	10.35	300	10.5	259	11	2705	0.7	6.8	11	1	8041	0	0	0	0	0	0	11	11	10.3	0	0	829793	
TDG	1.86	1.62	1.74	1.69	2030	1.7	4540	1.71	2207	-0.01	-0.57	1.73	1000	31863	1.73	17717	1.74	2222	1.75	6666	1.73	1.75	1.71	0	0	791710	
TCL	24.25	21.15	22.7	22.4	711	22.45	160	22.5	260	-0.1	-0.44	22.6	141	3749	22.6	359	22.7	350	22.8	352	0	23.25	22.3	1	0	1059729	
BTP	15.8	13.8	14.8	14.6	105	14.65	500	14.7	50	0	0	14.8	10	1830	14.8	665	14.85	151	14.9	151	14.8	14.8	14.6	0	0	2402867	
GDT	29.65	25.85	27.75	27.2	60	27.25	60	27.5	2	-0.05	-0.18	27.7	10	578	27.7	308	27.8	100	27.9	100	27.7	28.35	27.5	1	0	486390	
ASP	5.83	5.07	5.45	5.3	170	5.31	514	5.32	100	0.02	0.37	5.47	1	892	5.47	469	5.5	208	5.53	1	0	5.56	5.31	0	0	0	
NNC	49.75	43.25	46.5	45.2	2	45.5	2	46	50	0.5	1.08	47	2	663	47	107	47.1	10	47.15	20	47	47	46.5	204	0	685647	
DSN	50.3	43.85	47.1	47.25	63	47.3	2157	47.35	98	0.25	0.53	47.35	99	2177	47.5	147	47.6	15	47.7	20	47.35	47.9	47.1	0	0	372503	
JVC	2.88	2.52	2.7	2.67	4369	2.68	5782	2.69	1856	-0.01	-0.37	2.69	1701	52791	2.7	10712	2.71	601	2.72	75	2.69	2.71	2.68	0	14000	273376	
LIX	66.3	57.7	62	60.2	21	60.3	21	60.4	101	-1.5	-2.42	60.5	1071	4287	60.5	470	60.7	1500	61	480	60.5	61.5	60.5	487	386	1251954	
ILB	17.4	15.2	16.3	15.2	100	15.25	90	16	33	0	0	16.3	8	66	16.3	581	16.5	470	16.9	120	0	16.95	16	0	0	0	
TDC	8.47	7.37	7.92	7.92	532	7.93	5	7.94	35	0.02	0.25	7.94	1800	10111	7.98	836	7.99	1246	8	4197	7.94	8.04	7.93	29	0	4669520	
EVE	10.8	9.4	10.1	9.87	100	9.88	50	9.9	92	-0.2	-1.98	9.9	9	1161	10	30	10.05	31	10.1	116	9.9	10.3	9.8	1	0	1480930	
IDI	4.57	3.99	4.28	4.25	2076	4.26	300	4.27	500	0	0	4.28	3517	95885	4.28	9410	4.29	6311	4.3	8223	4.28	4.31	4.25	0	2986	10966471	
PHC	10.25	8.93	9.6	9.45	20	9.5	270	9.54	10	0	0	9.6	122	1093	9.6	2539	9.61	800	9.62	270	9.6	9.63	9.56	0	0	1258456	
BCE	8.13	7.07	7.6	7.6	648	7.61	7	7.69	221	0.09	1.18	7.69	605	9271	7.7	119	7.72	10	7.73	210	7.69	7.75	7.6	0	0	1360116	
HAR	3.06	2.66	2.86	2.83	2006	2.84	4451	2.85	210	-0.01	-0.35	2.85	1640	44733	2.86	809	2.87	2168	2.88	1098	2.85	2.91	2.83	0	0	4944902	
TCM	17.65	15.35	16.5	16.25	145	16.3	3032	16.35	426	-0.15	-0.91	16.35	1232	86008	16.4	420	16.45	470	16.5	4836	16.35	16.7	16.3	711	150	25540	
TS4	3.15	2.75	2.95	2.87	139	2.88	1050	2.89	105	-0.05	-1.69	2.9	31	3535	2.96	50	2.97	50	2.99	60	0	3	2.86	0	0	762159	
TIP	19.5	17	18.25	18.35	550	18.4	642	18.45	310	0.25	1.37	18.5	2280	22112	18.5	3257	18.65	200	18.7	3	18.5	18.8	18.1	0	3487	975154	
LCG	6.61	5.75	6.18	6.43	40	6.44	220	6.45	962	0.27	4.37	6.45	5936	136183	6.49	415	6.5	675	6.51	1621	6.45	6.55	6.25	0	0	1883545	
STK	18.55	16.15	17.35	17.05	1237	17.1	1701	17.15	342	-0.2	-1.15	17.15	300	5172	17.2	4	17.25	349	17.3	100	17.15	17.6	17.05	861	0	3170186	
DRH	6.92	6.02	6.47	6.65	959	6.68	300	6.69	1305	0.23	3.55	6.7	9013	291962	6.7	1264	6.74	40	6.75	3203	6.7	6.89	6.41	5304	298	2863827	
CRC	12.1	10.6	11.35	11	31	11.1	22	11.2	13	0	0	11.35	196	4755	11.35	81	11.4	232	11.5	300	11.35	11.4	10.7	0	0	734797	
FMC	28.55	24.85	26.7	26.35	527	26.4	676	26.5	4	-0.2	-0.75	26.5	116	3699	26.6	120	26.65	10	26.7	1077	26.5	26.8	26.5	265	0	1984448	
ELC	5.6	4.88	5.24	5.23	1	5.24	250	5.25	300	0.06	1.15	5.3	63	5587	5.3	598	5.33	57	5.34	12	5.3	5.3	5.24	0	0	1462229	
NTL	18.75	16.35	17.55	17.5	2598	17.55	885	17.6	1	0.05	0.28	17.6	382	21239	17.7	117	17.8	222	17.85	998	17.6	17.9	17.55	0	242	2836832	
FTM	1.66	1.46	1.56	1.51	435	1.52	100	1.53	7	-0.02	-1.28	1.54	50	9505	1.54	3548	1.55	1065	1.56	4124	1.54	1.56	1.51	0	0	2435626	
PLP	9.52	8.28	8.9	8.5	70	8.52	100	8.6	507	-0.3	-3.37	8.6	900	6472	8.8	133	8.89	370	8.9	93	8.6	8.92	8.6	0	0	977806	
BMC	12.9	11.3	12.1	12.1	1071	12.5	542	12.55	3	0.65	5.37	12.75	71	1607	12.75	411	12.8	541	12.85	20	12.75	12.75	12	51	83	324902	
APC	19.15	16.65	17.9	17.6	311	17.65	65	17.7	64	-0.2	-1.12	17.7	346	2237	17.85	100	17.9	23	18	206	17.7	17.8	17.6	0	0	652743	
TGG	0.93	0.81	0.87	0.82	8420	0.83	3990	0.84	300	-0.01	-1.15	0.86	901	28422	0.86	3282	0.87	9858	0.88	7299	0.86	0.86	0.83	0	0	1253509	
CTF	22.75	19.85	21.3	20.5	39	20.7	100	20.75	10	0	0	21.3	101	15243	21.3	107	21.4	241	21.5	85	21.3	21.3	20.75	0	0	2230188	
SFG	6.12	5.32	5.72	5.36	775	5.4	226	5.41	390	-0.03	-0.52	5.69	101	952	5.69	259	5.7	1859	5.72	25	5.69	5.7	5.36	0	0	2256084	
TTB	3.79	3.31	3.55	3.76	2150	3.77	1216	3.79	549	0.24	6.76	3.79	12468	223798	0	0	0	0	0	0	3.79	3.79	3.51	1803	1119	2255636	
CTS	6.58	5.72	6.15	6.2	246	6.21	100	6.22	167	0.11	1.79	6.26	1000	13156	6.26	210	6.27	705	6.28	1253	6.26	6.28	6.15	1000	1200	4049522	
