HNXLCAP
173.11
2.47	1.45
49435800	629.72	
CEO	8.3	6.9	7.6	7.4	12370	7.5	12390	7.6	11470	0.1	1.32	7.7	50	137640	7.7	22980	7.8	30970	7.9	46970	7.7	7.5	7.63	0	0	8577732	0	0	
BCC	8	6.6	7.3	7.7	930	7.8	760	7.9	2290	0.7	9.59	8	60	73690	8	5940	0	0	0	0	8	7	7.92	0	0	4905886	0	0	
AMV	18.8	15.4	17.1	17.1	6260	17.2	6300	17.3	3450	0.3	1.75	17.4	100	51490	17.4	2860	17.5	9440	17.6	1500	17.4	17.1	17.29	0	0	1769148	0	0	
VCG	27.6	22.6	25.1	24.8	20	24.9	20	25	430	0.1	0.4	25.2	50	6640	25.2	1010	25.3	400	25.5	100	25.2	24.8	25.04	0	0	21440429	0	0	
HHC	111.1	90.9	101	0	0	0	0	0	0	0	0	0	0	0	102	10	105	200	0	0	0	0	101	0	0	799044	0	0	
TNG	15.5	12.7	14.1	14.3	11200	14.4	16950	14.5	3800	0.4	2.84	14.5	10	307230	14.6	9050	14.7	16440	14.8	12770	14.8	14	14.35	100	2690	2767323	0	0	
OCH	8.4	7	7.7	0	0	0	0	7	70	0.1	1.3	7.8	10	200	7.8	120	8	270	0	0	7.8	7.8	7.8	0	0	9799570	0	0	
IVS	8.5	7.1	7.8	0	0	7.1	800	7.2	210	-0.2	-2.56	7.6	80	820	7.6	220	7.7	100	7.8	20	7.8	7.1	7.28	200	690	1641413	0	0	
NTP	37.6	30.8	34.2	34.4	410	34.5	960	34.6	100	0.6	1.75	34.8	20	2530	34.9	550	35	430	35.7	3490	34.8	34	34.4	10	0	2987379	0	0	
PVI	33.5	27.5	30.5	30.5	270	30.6	1100	30.7	100	0.2	0.66	30.7	10	3350	30.8	610	30.9	210	31	580	31	30.5	30.66	1380	0	10696297	0	0	
CTB	34.6	28.4	31.5	29	20	29.5	200	29.7	10	0	0	0	0	0	32	100	33.5	10	34.6	50	0	0	31.5	0	0	586225	0	0	
PLC	19.1	15.7	17.4	16.9	4920	17	17400	17.1	4990	-0.2	-1.15	17.2	150	33670	17.2	720	17.3	1190	17.4	5460	17.4	17	17.17	1000	400	3898017	0	0	
VIX	5.6	4.6	5.1	4.9	290	5	2160	5.1	1480	0	0	5.1	210	4940	5.2	1600	5.3	810	5.4	260	5.2	5.1	5.13	0	0	5565390	0	0	
VHL	26.1	21.5	23.8	22.5	10	22.8	20	22.9	10	0	0	0	0	0	24	20	25.8	80	26	140	0	0	23.8	0	0	1174192	0	0	
CAG	94.4	77.4	85.9	0	0	0	0	0	0	0	0	0	0	0	0	10	77.4	60	85.9	30	0	0	85.9	0	0	676200	0	0	
TAR	30.5	25.1	27.8	26.8	2650	26.9	2790	27	1720	-0.2	-0.72	27.6	80	78730	27.6	2020	27.7	3070	27.8	1670	28.1	26.8	27.42	0	0	1714180	0	0	
L14	70.9	58.1	64.5	65.8	10	66	60	66.2	100	1.7	2.64	66.2	20	8770	66.6	100	66.8	100	66.9	10	67.9	64	66.34	0	0	904803	0	0	
KLF	2	1.8	1.9	0	0	0	0	1.8	301670	0	0	1.9	270	205690	1.9	15740	2	514220	0	0	2	1.8	1.9	0	0	7978955	0	0	
IDJ	16.2	13.4	14.8	14.7	610	14.8	360	14.9	520	0.1	0.68	14.9	160	27560	15	770	15.1	4230	15.2	6890	15.4	14.7	15.09	20	0	1449955	0	0	
DL1	11.8	9.8	10.8	0	0	0	0	10.2	60	0.2	1.85	11	10	10	11	10	11.5	90	0	0	11	11	11	0	0	4853751	0	0	
SHB	15.5	12.7	14.1	13.7	30390	13.8	17050	13.9	1970	-0.1	-0.71	14	50	992330	14	1550	14.1	20440	14.2	18070	14.3	13.1	13.86	16391	12373	34381522	0	0	
DHT	49.5	40.5	45	44.7	150	44.8	150	44.9	500	0	0	45	10	1950	45	280	45.1	120	45.2	90	45.3	44.8	45.01	140	10	969185	0	0	
DGC	36.3	29.7	33	33.3	320	33.4	610	33.5	70	0.5	1.52	33.5	500	17660	33.6	250	33.7	290	33.8	230	33.5	32.8	33.19	0	0	6228460	0	0	
NVB	8.8	7.2	8	7.7	13430	7.8	22090	7.9	530	0	0	8	1200	284730	8	26370	8.1	12180	8.2	2000	8	7.8	7.89	0	0	10469333	0	0	
HGM	39.7	32.5	36.1	0	0	0	0	0	0	0	0	0	0	0	0	0	0	0	0	0	0	0	36.1	0	0	615040	0	0	
PTI	19.9	16.3	18.1	17.1	140	17.2	30	17.3	10	0	0	0	0	0	18.1	10	18.4	60	19.5	20	0	0	18.1	0	0	913545	0	0	
ART	3	2.6	2.8	0	0	2.6	107230	2.7	64650	-0.1	-3.57	2.7	100	81280	2.8	42730	2.9	79880	3	197890	2.8	2.7	2.75	0	0	4200598	0	0	
CTX	10.2	8.4	9.3	9	40	9.1	420	9.2	10	-0.1	-1.08	9.2	20	370	9.3	60	9.5	80	9.7	50	9.3	9	9.11	0	0	3865356	0	0	
TVC	36.9	30.3	33.6	31.6	2750	31.8	1770	31.9	1010	-1.5	-4.46	32.1	370	46150	32.1	270	32.2	110	32.3	280	33.6	30.3	31.29	0	0	1960658	0	0	
PHP	10.2	8.4	9.3	8.9	120	9	550	9.1	20	0.1	1.08	9.4	20	370	9.4	120	9.5	350	9.6	600	9.4	9.3	9.31	0	0	16010457	0	0	
NDN	19.5	16.1	17.8	17.7	1750	17.8	3180	17.9	1380	0.2	1.12	18	50	25640	18	3980	18.1	2510	18.2	3870	18.5	17.8	17.98	0	0	2318237	0	0	
VCS	72.8	59.6	66.2	68.9	200	69	890	69.1	860	2.9	4.38	69.1	20	74070	69.2	1190	69.3	700	69.4	490	69.5	66.2	68.37	310	150	7419220	0	0	
VC3	17.9	14.7	16.3	16.1	470	16.2	640	16.3	400	0.1	0.61	16.4	100	18760	16.4	870	16.5	930	16.6	1040	16.5	16	16.27	0	0	2988123	0	0	
IDV	44	36	40	39.5	60	39.6	10	39.8	60	-0.2	-0.5	39.8	50	3300	40.5	160	40.7	140	40.8	50	41	39.5	39.92	960	0	635827	0	0	
HUT	2.2	1.8	2	0	0	1.8	116000	1.9	215870	0	0	2	50	497870	2	3620	2.1	198400	2.2	235880	2.1	1.9	2	0	0	12146067	0	0	
MBS	10.5	8.7	9.6	9.7	940	9.8	950	9.9	1550	0.3	3.12	9.9	170	13110	10	2380	10.1	990	10.2	610	10	9.6	9.83	0	0	8045509	0	0	
PVS	13.8	11.4	12.6	12.7	28880	12.8	38160	12.9	20870	0.4	3.17	13	10	560640	13	22570	13.1	51480	13.2	53040	13.1	12.7	12.9	0	0	17357931	0	0	
S99	9.3	7.7	8.5	0	0	7.8	10	8	10	-0.5	-5.88	8	100	470	8.2	200	8.3	1580	8.4	1200	8.1	8	8	0	0	2535939	0	0	
LAS	7	5.8	6.4	6.2	7700	6.3	6700	6.4	6570	0.2	3.12	6.6	100	27390	6.6	3610	6.7	3390	6.8	3380	6.6	6.4	6.47	0	0	5323506	0	0	
PGS	17.6	14.4	16	16	1020	16.1	170	16.3	420	0.5	3.12	16.5	70	4340	16.5	1120	16.7	430	17	440	16.6	16	16.34	0	3690	1979337	0	0	
VNR	20.3	16.7	18.5	18.3	10	18.4	50	18.5	70	-0.2	-1.08	18.3	30	40	18.9	20	19	130	19.9	560	18.3	18.3	18.3	0	10	2722179	0	0	
TIG	7.2	6	6.6	6.5	21930	6.6	11940	6.7	11100	0.2	3.03	6.8	390	158230	6.8	33580	6.9	10680	7	28100	6.8	6.4	6.62	510	12000	2849376	0	0	
ACB	24.8	20.4	22.6	23	10360	23.1	13150	23.2	7010	0.7	3.1	23.3	900	526290	23.3	700	23.4	9040	23.5	35010	23.5	22.5	23.05	0	0	0	0	0	
INN	28.3	23.3	25.8	25	270	25.2	180	25.3	110	-0.2	-0.78	25.6	10	1440	25.6	210	25.7	50	25.9	250	26.2	25.3	25.49	20	0	706541	0	0	
MBG	8.2	6.8	7.5	0	0	6.8	940	6.9	80	-0.5	-6.67	7	470	318730	7	3870	7.1	5630	7.2	4460	7.7	6.8	6.94	0	0	2111227	0	0	
DNP	18.7	15.3	17	15.9	220	16	680	16.1	1500	0	0	0	0	0	16.9	70	17	510	17.2	2100	0	0	17	0	0	3019808	0	0	
SJE	19.8	16.2	18	16.8	200	18	120	18.1	200	0.5	2.78	18.5	300	730	18.9	100	19	800	19.8	30	18.5	18.1	18.41	0	0	889096	0	0	
SHS	9.9	8.1	9	9	23540	9.1	19940	9.2	23290	0.3	3.33	9.3	100	323840	9.3	3600	9.4	33970	9.5	39410	9.4	8.9	9.2	0	14520	8400898	0	0	
SHN	8.1	6.7	7.4	6.7	90	6.8	50	7	90	-0.4	-5.41	7	20	40	7.2	80	7.3	440	7.4	870	7.3	7	7.08	0	0	6343684	0	0	
BVS	9.7	8.1	8.9	8.9	3850	9	2870	9.1	500	0.2	2.25	9.1	500	20850	9.2	380	9.3	840	9.4	100	9.3	8.8	9	2020	5820	1664227	0	0	
