HNXMSCAP
141.32
0.14	0.1
11231600	61.53	
HJS	25.3	20.7	23	20.8	50	21.5	50	23	100	0	0	0	0	0	24	10	25	110	25.3	30	0	0	23	0	0	1027132	0	0	
NGC	2.9	2.5	2.7	0	0	0	0	0	0	-0.2	-7.41	2.5	20	20	2.8	50	2.9	230	0	0	2.5	2.5	2.5	0	0	81496	0	0	
TSB	7.7	6.3	7	0	0	0	0	0	0	0	0	7	20	20	0	0	0	0	0	0	7	7	7	0	0	330508	0	0	
L43	2.9	2.5	2.7	0	0	0	0	0	0	0	0	0	0	0	2.9	50	0	0	0	0	0	0	2.7	0	0	171450	0	0	
VHE	6.6	5.4	6	5.6	10	5.7	20	5.8	10	-0.2	-3.33	5.8	30	190	6	870	6.2	550	6.4	490	5.9	5.8	5.83	0	0	0	0	0	
CSC	24.3	19.9	22.1	22.5	100	22.6	50	22.7	50	1.1	4.98	23.2	10	690	23.2	10	23.3	10	23.4	10	23.2	22	22.67	0	0	942189	0	0	
VXB	6.3	5.3	5.8	0	0	5.4	20	5.5	20	0.5	8.62	6.3	60	420	6.2	50	6.3	800	0	0	6.3	6	6.08	0	0	198381	0	0	
SSM	7.9	6.5	7.2	0	0	0	0	0	0	0	0	0	0	0	7.2	490	7.8	150	7.9	80	0	0	7.2	0	0	248263	0	0	
LUT	2	1.8	1.9	0	0	0	0	1.8	10	0.1	5.26	2	10	60	1.9	30	2	770	0	0	2	1.8	1.83	0	0	732722	0	0	
CTC	3.6	3	3.3	0	0	0	0	0	0	0	0	0	0	0	0	0	0	0	0	0	0	0	3.3	0	0	430569	0	0	
FID	1.1	0.9	1	0	0	0	0	0.9	680	-0.1	-10	0.9	30	660	1	1140	1.1	730	0	0	0.9	0.9	0.9	0	0	1153266	0	0	
KTT	4.5	3.7	4.1	0	0	0	0	0	0	0	0	0	0	0	0	0	0	0	0	0	0	0	4.1	0	0	143424	0	0	
KTS	9	7.4	8.2	7.4	30	7.5	20	8	200	0	0	0	0	0	8.5	10	9	110	0	0	0	0	8.2	0	0	192493	0	0	
CTP	3.3	2.7	3	0	0	2.7	480	2.8	1240	0	0	3	50	300	3	1130	3.1	200	3.2	100	3	3	3	0	0	583701	0	0	
SCI	14.9	12.3	13.6	13.5	530	13.6	540	13.7	1340	0.1	0.74	13.7	90	3200	13.9	1060	14	2000	14.2	20	13.8	13.6	13.72	0	0	592894	0	0	
SED	15.6	12.8	14.2	13.5	10	13.6	20	13.7	1010	0.2	1.41	14.4	10	10	14	100	14.4	20	14.6	20	14.4	14.4	14.4	10	0	336279	0	0	
EID	11.7	9.7	10.7	10.4	200	10.5	210	10.6	100	-0.1	-0.93	10.6	500	3710	10.7	700	10.8	500	10.9	990	10.9	10.6	10.69	1750	500	389835	0	0	
THB	9.1	7.5	8.3	7.6	220	8	10	8.3	100	0	0	8.3	20	20	8.8	50	8.9	70	9	70	8.3	8.3	8.3	20	0	513393	0	0	
BTW	53.9	44.1	49	0	0	0	0	0	0	-4.9	-10	44.1	10	10	44.1	90	48	200	49	20	44.1	44.1	44.1	0	0	265131	0	0	
BTS	4.4	3.6	4	3.8	10	3.9	20	4	80	0.3	7.5	4.3	20	400	4.3	30	4.4	280	0	0	4.3	4	4.12	0	0	5863673	0	0	
VMC	10.5	8.7	9.6	9.4	210	9.5	490	9.6	200	0.2	2.08	9.8	10	1500	9.8	20	9.9	430	10	210	9.8	9.6	9.6	0	0	921000	0	0	
LIG	3.5	2.9	3.2	0	0	2.9	5600	3	9570	-0.1	-3.12	3.1	20	3250	3.1	2000	3.2	3960	3.3	970	3.1	3.1	3.1	0	0	2136093	0	0	
QST	12.7	10.5	11.6	0	0	0	0	0	0	0	0	0	0	0	0	0	0	0	0	0	0	0	11.6	0	0	79380	0	0	
THT	8.6	7.2	7.9	7.5	900	7.6	490	7.7	990	-0.1	-1.27	7.8	200	890	7.8	360	7.9	890	8	1200	7.8	7.5	7.62	0	0	726556	0	0	
THS	7.9	6.5	7.2	0	0	0	0	0	0	0	0	0	0	0	0	0	0	0	0	0	0	0	7.2	0	0	146790	0	0	
DID	5.5	4.5	5	0	0	0	0	0	0	0	0	0	0	0	4.5	1420	5.5	200	0	0	0	0	5	0	0	389730	0	0	
SFN	28	23	25.5	0	0	0	0	23	10	0	0	0	0	0	28	10	0	0	0	0	0	0	25.5	0	0	144576	0	0	
SHE	19.8	16.2	18	17	600	17.2	20	18	40	0	0	18	10	10	19	500	19.2	100	19.5	200	18	18	18	0	0	229040	0	0	
ITQ	2.7	2.3	2.5	0	0	0	0	2.3	9870	-0.1	-4	2.4	100	5480	2.4	2110	2.5	12850	2.6	3680	2.4	2.4	2.4	0	0	1165771	0	0	
HTC	25.8	21.2	23.5	0	0	22.2	100	23	50	0	0	0	0	0	25	50	25.6	10	0	0	0	0	23.5	0	0	524030	0	0	
PSW	7.3	6.1	6.7	0	0	0	0	6.1	100	0	0	0	0	0	7.3	60	0	0	0	0	0	0	6.7	0	0	817960	0	0	
CIA	12.6	10.4	11.5	11.4	420	11.5	160	11.6	280	0.1	0.87	11.6	10	140	11.7	200	11.8	430	12	30	11.7	11.6	11.63	0	0	565434	0	0	
PSI	2.7	2.3	2.5	0	0	0	0	2.4	1300	-0.1	-4	2.4	20	30	2.5	10	2.6	30	2.7	480	2.5	2.4	2.43	0	0	2039450	0	0	
SJ1	27.5	22.5	25	0	0	0	0	0	0	0	0	0	0	0	22.5	620	27	10	27.5	10	0	0	25	0	0	1029806	0	0	
HTP	8.8	7.2	8	7.3	90	7.4	30	8	180	0	0	0	0	0	8.8	10	0	0	0	0	0	0	8	0	0	88044	0	0	
WSS	1.8	1.6	1.7	0	0	1.6	450	1.7	1310	0.1	5.88	1.8	590	600	0	0	0	0	0	0	1.8	1.8	1.8	0	0	2346830	0	0	
BII	0.8	0.6	0.7	0	0	0.6	118990	0.7	6310	0	0	0.7	60	8770	0.8	48700	0	0	0	0	0.8	0.6	0.7	0	0	2470175	0	0	
PVE	2.8	2.4	2.6	0	0	0	0	0	0	0	0	0	0	0	0	0	0	0	0	0	0	0	2.6	0	0	925951	0	0	
PEN	5	4.2	4.6	4.2	60	4.6	20	5	20	0.4	8.7	5	10	10	0	0	0	0	0	0	5	5	5	0	0	245000	0	0	
VC7	6.4	5.4	5.9	0	0	0	0	5.4	20	0	0	5.9	20	20	5.8	100	5.9	480	6	1100	5.9	5.9	5.9	0	0	1117840	0	0	
DPC	11.2	9.2	10.2	9.5	40	9.6	30	10.3	10	0.1	0.98	10.3	90	300	10.4	50	10.5	160	11	20	10.3	10.2	10.27	0	0	106768	0	0	
VCC	10.4	8.6	9.5	0	0	0	0	9.5	500	0	0	0	0	0	10	250	10.3	10	0	0	0	0	9.5	0	0	587210	0	0	
VC2	12.8	10.6	11.7	11.9	20	12.5	20	12.8	20	1.1	9.4	12.8	100	220	0	0	0	0	0	0	12.8	12.8	12.8	0	0	730378	0	0	
VTL	17.9	14.7	16.3	0	0	0	0	14.7	10	0	0	0	0	0	17.9	10	0	0	0	0	0	0	16.3	0	0	243261	0	0	
BLF	3	2.6	2.8	0	0	0	0	0	0	0	0	0	0	0	0	0	0	0	0	0	0	0	2.8	0	0	536148	0	0	
SMT	13.8	11.4	12.6	0	0	0	0	0	0	-0.6	-4.76	12	10	10	12	90	12.3	300	12.4	200	12	12	12	0	0	104756	0	0	
NTH	33	27	30	0	0	0	0	0	0	-0.5	-1.67	29.5	100	270	29.5	50	29.6	50	29.7	100	29.5	29.5	29.5	0	0	529300	0	0	
VE9	1.4	1.2	1.3	0	0	0	0	1.2	6200	-0.1	-7.69	1.2	30	940	1.3	5550	1.4	6630	0	0	1.3	1.2	1.22	0	0	525027	0	0	
VDL	28	23	25.5	0	0	0	0	0	0	0	0	0	0	0	23	30	25.5	180	25.6	10	0	0	25.5	0	0	706305	0	0	
DAD	17.7	14.5	16.1	14.6	20	14.9	10	15	10	-0.3	-1.86	15.8	10	240	15.9	20	16	480	16.7	10	15.8	14.6	15.03	20	10	94040	0	0	
VE4	5.5	4.5	5	0	0	4.5	50	4.9	10	0.1	2	5.1	100	100	5.1	80	5.5	50	0	0	5.1	5.1	5.1	0	0	47582	0	0	
VE1	8.3	6.9	7.6	0	0	0	0	0	0	0	0	0	0	0	0	0	0	0	0	0	0	0	7.6	0	0	114226	0	0	
LBE	41.4	34	37.7	0	0	0	0	0	0	0	0	0	0	0	0	0	0	0	0	0	0	0	37.7	0	0	53330	0	0	
ALT	13	10.8	11.9	0	0	0	0	10.8	30	0	0	11.9	10	10	13	200	0	0	0	0	11.9	11.9	11.9	0	0	282665	0	0	
PJC	27.2	22.4	24.8	0	0	0	0	0	0	0	0	0	0	0	24.8	10	27.2	30	0	0	0	0	24.8	0	0	351308	0	0	
LCD	7.4	6.2	6.8	0	0	0	0	6.2	10	0	0	0	0	0	0	0	0	0	0	0	0	0	6.8	0	0	73500	0	0	
NHC	38.1	31.3	34.7	0	0	0	0	31.3	10	0	0	0	0	0	34	150	34.5	90	34.6	50	0	0	34.7	0	0	97297	0	0	
LCS	2.4	2	2.2	0	0	0	0	0	0	0	0	0	0	0	2.2	1000	0	0	0	0	0	0	2.2	0	0	371890	0	0	
TTC	13.2	10.8	12	0	0	0	0	10.8	10	0	0	0	0	0	11.9	20	12	80	12.1	10	0	0	12	0	0	259298	0	0	
EVS	8.2	6.8	7.5	0	0	0	0	0	0	0	0	7.5	10	20	7.5	10	7.6	30	7.7	80	7.7	7.5	7.6	0	0	6000040	0	0	
TV4	12.3	10.1	11.2	11.2	300	11.3	300	11.4	320	0.2	1.79	11.4	100	670	11.5	750	11.9	130	12	250	11.4	11.3	11.37	0	0	774742	0	0	
TV3	31.5	25.9	28.7	0	0	0	0	0	0	0	0	0	0	0	31.5	40	0	0	0	0	0	0	28.7	0	0	405465	0	0	
APS	2.4	2	2.2	0	0	2	2650	2.1	890	-0.1	-4.55	2.1	100	630	2.2	730	2.3	970	2.4	1820	2.1	2.1	2.1	0	0	2750605	0	0	
CTT	10.5	8.7	9.6	0	0	0	0	9.6	50	0	0	0	0	0	0	0	0	0	0	0	0	0	9.6	0	0	228970	0	0	
TVD	7.2	6	6.6	6.3	20	6.4	260	6.5	1040	0	0	6.6	300	13940	6.6	4090	6.7	6120	6.8	10	6.7	6.5	6.6	0	0	2190380	0	0	
APP	4.9	4.1	4.5	0	0	0	0	4.1	50	0	0	4.5	10	10	4.4	500	4.9	10	0	0	4.5	4.5	4.5	0	0	226401	0	0	
POT	13.9	11.5	12.7	11.5	100	12.1	30	12.6	200	0.6	4.72	13.3	10	30	13.3	10	13.4	10	13.5	10	13.4	12.9	13.2	0	10	950192	0	0	
S55	25.4	20.8	23.1	20.8	100	22	30	22.5	260	0	0	0	0	0	24	200	24.5	1150	24.6	100	0	0	23.1	0	0	485782	0	0	
PPP	16.3	13.5	14.9	0	0	0	0	13.5	160	-0.1	-0.67	14.8	20	190	14.9	180	0	0	0	0	14.8	13.5	13.74	0	0	423057	0	0	
PPS	7.8	6.4	7.1	6.5	10	6.6	550	6.7	10	0	0	7.1	20	2850	7.1	30	7.2	990	7.4	720	7.8	6.8	6.97	1300	0	198008	0	0	
CVN	10.5	8.7	9.6	10.3	110	10.4	450	10.5	150	0.9	9.38	10.5	10	9150	0	0	0	0	0	0	10.5	9.5	10.39	0	0	404110	0	0	
PPE	5	4.2	4.6	0	0	4.2	60	4.6	200	0	0	0	0	0	0	0	0	0	0	0	0	0	4.6	0	0	97470	0	0	
S74	4.7	3.9	4.3	0	0	0	0	0	0	0	0	0	0	0	0	0	0	0	0	0	0	0	4.3	0	0	308588	0	0	
HAD	15.5	12.7	14.1	14	550	14.1	160	14.2	350	0.1	0.71	14.2	100	620	14.5	110	14.6	20	14.7	120	14.3	14.1	14.18	0	0	156539	0	0	
PPY	29	23.8	26.4	0	0	0	0	0	0	0	0	0	0	0	0	0	0	0	0	0	0	0	26.4	0	0	403666	0	0	
CX8	9.4	7.8	8.6	0	0	0	0	0	0	0	0	0	0	0	0	0	0	0	0	0	0	0	8.6	0	0	102786	0	0	
PCG	5.6	4.6	5.1	0	0	0	0	4.6	30	0	0	0	0	0	5.1	1380	0	0	0	0	0	0	5.1	0	0	29448	0	0	
PCE	6.9	5.7	6.3	5.8	50	6.9	450	0	10	0	0	0	0	0	0	0	0	0	0	0	0	0	6.3	0	0	450880	0	0	
PBP	7.3	6.1	6.7	6.5	500	6.7	310	6.8	280	0.1	1.49	6.8	20	420	7.1	100	7.2	170	7.3	580	7.2	6.8	6.95	210	0	230901	0	0	
VNT	61.1	50.1	55.6	0	0	52	10	55.6	500	-3.5	-6.29	52.1	10	1630	58	100	59	100	60	60	55.8	52.1	55.72	0	0	410950	0	0	
TKU	12.7	10.5	11.6	0	0	0	0	10.5	1000	1	8.62	12.6	20	30	12	1220	12.5	100	12.6	70	12.6	11.6	12.27	0	0	52806	0	0	
CJC	18.8	15.4	17.1	0	0	0	0	0	0	0	0	0	0	0	17	560	17.1	1000	0	0	0	0	17.1	0	0	194710	0	0	
PCT	5.6	4.6	5.1	0	0	4.6	50	4.7	30	0	0	0	0	0	5	50	5.1	40	5.2	60	0	0	5.1	0	0	1099770	0	0	
CKV	14.3	11.7	13	11.7	100	11.8	20	13	100	1.3	10	14.3	10	290	0	0	0	0	0	0	14.3	11.7	12.36	0	0	145057	0	0	
NAG	5	4.2	4.6	4.4	300	4.5	1620	4.6	1870	0.1	2.17	4.7	10	2600	4.7	660	4.8	1000	4.9	2090	4.7	4.6	4.66	0	0	710567	0	0	
NBC	6.8	5.6	6.2	5.9	1200	6	1760	6.1	1440	-0.1	-1.61	6.1	600	5810	6.2	4880	6.3	2220	6.4	2290	6.1	6	6.1	0	0	1525740	0	0	
CLH	20	16.4	18.2	16.9	500	17	120	17.1	110	-1.1	-6.04	17.1	10	140	17.9	10	18	220	18.3	50	18.4	16.7	17.74	0	0	488530	0	0	
TMX	16.8	13.8	15.3	0	0	0	0	0	0	0	0	0	0	0	15.3	20	16.8	30	0	0	0	0	15.3	0	0	244851	0	0	
NAP	14.3	11.7	13	0	0	0	0	0	0	0	0	0	0	0	0	0	0	0	0	0	0	0	13	0	0	1054342	0	0	
CLM	17.6	14.4	16	0	0	14.6	50	14.7	10	0	0	0	0	0	17.5	50	0	0	0	0	0	0	16	0	0	0	0	0	
NBP	12.6	10.4	11.5	10.4	50	11	10	11.5	80	0.4	3.48	11.9	30	30	11.9	170	12	40	12.4	80	11.9	11.9	11.9	0	0	530279	0	0	
VSA	18.7	15.3	17	0	0	0	0	0	0	-1.7	-10	15.3	10	20	16	10	17.9	40	18	40	15.5	15.3	15.4	0	0	635133	0	0	
NBW	32.4	26.6	29.5	0	0	0	0	0	0	-2.9	-9.83	26.6	10	710	26.6	250	28	60	28.2	10	26.6	26.6	26.6	0	0	225960	0	0	
VTJ	5.3	4.5	4.9	0	0	0	0	0	0	0.4	8.16	5.3	10	60	5.3	30	0	0	0	0	5.3	4.5	4.63	0	0	558430	0	0	
TPH	9.3	7.7	8.5	0	0	0	0	7.7	50	0	0	0	0	0	9	10	0	0	0	0	0	0	8.5	0	0	98452	0	0	
VTH	11.5	9.5	10.5	0	0	0	0	0	0	0	0	0	0	0	11.5	10	0	0	0	0	0	0	10.5	0	0	243990	0	0	
VTV	6.9	5.7	6.3	6.3	70	6.5	50	6.6	100	0.6	9.52	6.9	250	860	0	0	0	0	0	0	6.9	6.5	6.88	0	0	1522519	0	0	
VTS	34.7	28.5	31.6	0	0	0	0	0	0	-3.1	-9.81	28.5	20	20	28.5	710	0	0	0	0	28.5	28.5	28.5	0	0	52936	0	0	
TPP	14.6	12	13.3	0	0	0	0	0	0	0	0	0	0	0	13	100	14.6	50	0	0	0	0	13.3	0	0	971887	0	0	
VTC	11	9	10	0	0	0	0	9	70	0	0	0	0	0	10	170	10.4	300	11	70	0	0	10	0	0	169242	0	0	
PIC	9.9	8.1	9	8.1	30	8.2	160	8.5	20	0	0	0	0	0	9	50	0	0	0	0	0	0	9	0	0	1633642	0	0	
CPC	17.1	14.1	15.6	14.5	20	14.6	20	15	40	0	0	15.6	20	60	16	50	16.2	10	16.9	80	15.6	15	15.5	50	0	127917	0	0	
D11	23.1	18.9	21	21	100	21.2	50	21.4	30	0.4	1.9	21.4	50	560	21.5	170	21.7	250	21.8	100	21.4	19.5	21.27	0	0	320442	0	0	
DBT	11.5	9.5	10.5	10.1	300	10.2	10	10.3	200	-0.2	-1.9	10.3	20	580	11	190	0	0	0	0	11	10.2	10.24	0	0	0	0	0	
DC4	15.2	12.6	13.9	0	0	0	0	0	0	-0.1	-0.72	13.8	10	10	13.7	10	13.8	40	13.9	190	13.8	13.8	13.8	0	0	1468583	0	0	
DC2	7.1	5.9	6.5	0	0	0	0	6	2000	0	0	0	0	0	6.6	500	7.1	90	0	0	0	0	6.5	0	0	123460	0	0	
SAF	55	45	50	45.2	30	45.5	10	46	10	0	0	0	0	0	50	30	52.9	10	53	10	0	0	50	0	0	359611	0	0	
HKB	0.8	0.6	0.7	0	0	0	0	0.6	70730	0	0	0.7	2000	24330	0.7	32370	0.8	35090	0	0	0.7	0.6	0.63	0	0	2462558	0	0	
HLY	49	40.2	44.6	0	0	0	0	0	0	0	0	0	0	0	0	0	0	0	0	0	0	0	44.6	0	0	43044	0	0	
HLD	19.9	16.3	18.1	18	370	18.1	700	18.3	820	0.2	1.1	18.3	290	940	18.5	300	18.6	1020	18.9	160	18.4	18.3	18.31	0	0	808704	0	0	
HLC	8	6.6	7.3	0	0	0	0	6.7	10	0	0	0	0	0	7.7	20	7.8	30	7.9	10	0	0	7.3	0	0	1102303	0	0	
BBS	12.6	10.4	11.5	0	0	0	0	0	0	0	0	0	0	0	11.4	90	12	210	0	0	0	0	11.5	0	0	291494	0	0	
BAX	44.5	36.5	40.5	41.5	20	42.5	250	43	10	3	7.41	43.5	30	630	43.8	100	44	140	44.4	20	44	40.5	42.74	0	0	388180	0	0	
SD9	5.5	4.5	5	4.5	50	4.6	90	4.7	20	0	0	5	20	40	5.1	70	5.2	2060	5.5	190	5	5	5	0	0	1436671	0	0	
SEB	31.3	25.7	28.5	26.6	20	27.8	500	28	100	0	0	28.5	500	3260	30.4	10	30.5	30	31.2	120	29	28	28.42	0	1000	1563244	0	0	
BCF	59.4	48.6	54	0	0	0	0	0	0	0	0	0	0	0	53	70	54	100	55	20	0	0	54	0	0	0	0	0	
HPM	14.1	11.7	12.9	0	0	0	0	0	0	0	0	0	0	0	11.7	90	12.9	80	0	0	0	0	12.9	0	0	179520	0	0	
SGD	10.3	8.5	9.4	9.4	50	9.6	30	9.7	50	0.2	2.13	9.6	60	100	9.8	10	10	70	10.2	20	9.6	9.5	9.57	0	0	196843	0	0	
HBE	8.6	7.2	7.9	0	0	0	0	0	0	0	0	0	0	0	7.9	140	0	0	0	0	0	0	7.9	0	0	62866	0	0	
ATS	29.3	24.1	26.7	0	0	0	0	0	0	0	0	0	0	0	0	0	0	0	0	0	0	0	26.7	0	0	171480	0	0	
HAT	21.3	17.5	19.4	18.2	50	18.5	100	19	100	0.3	1.55	19.7	10	140	20	10	20.3	100	20.4	150	19.8	19.5	19.59	0	0	129692	0	0	
HBS	2	1.8	1.9	0	0	1.8	3650	1.9	60	0	0	1.9	20	920	2	1070	0	0	0	0	1.9	1.9	1.9	0	0	1594525	0	0	
HCC	11.5	9.5	10.5	10.1	100	10.4	130	10.5	30	0.2	1.9	10.7	160	670	10.7	20	10.8	50	10.9	100	10.7	10.5	10.63	0	0	221080	0	0	
PTS	5.6	4.6	5.1	0	0	4.6	300	5	40	0	0	5.1	10	70	5.1	180	5.2	90	0	0	5.1	5	5.01	0	0	260283	0	0	
HCT	11.8	9.8	10.8	0	0	9.8	10	10.6	10	-0.2	-1.85	10.6	10	1420	10.7	3010	10.8	50	11.8	120	10.7	9.8	9.87	40	1260	42672	0	0	
HDA	9.6	8	8.8	9	1320	9.1	2380	9.2	590	0.5	5.68	9.3	20	56940	9.3	1550	9.4	1800	9.5	5820	9.3	8.9	9.05	0	460	497037	0	0	
PV2	2.8	2.4	2.6	0	0	0	0	2.5	500	0	0	2.6	500	500	2.6	130	2.7	1000	2.8	1500	2.6	2.6	2.6	0	0	1828500	0	0	
PVX	0.9	0.7	0.8	0	0	0	0	0.7	445000	0	0	0.8	180	103630	0.8	5200	0.9	313220	0	0	0.9	0.7	0.8	0	0	19358383	0	0	
PVC	5.8	4.8	5.3	5.1	10120	5.2	4830	5.3	4520	0.1	1.89	5.4	60	15820	5.4	76670	5.5	7000	5.6	6030	5.4	5.2	5.38	0	200	1887504	0	0	
PVB	15.5	12.7	14.1	14.5	810	14.6	330	14.7	1860	0.7	4.96	14.8	100	45160	14.8	200	14.9	1990	15	6000	15.1	14.2	14.79	0	0	1057591	0	0	
WCS	184.8	151.2	168	160	10	165	30	166.1	20	2	1.19	170	10	80	169	40	170	10	171	20	170	168	169.06	0	0	56547	0	0	
PVL	1.3	1.1	1.2	0	0	1.1	1040	1.2	460	0	0	1.2	190	9170	1.3	3420	0	0	0	0	1.3	1.1	1.19	0	0	2376859	0	0	
PVG	7.5	6.3	6.9	6.7	590	6.8	1050	6.9	50	0	0	6.9	20	3150	7	3660	7.1	180	7.3	1100	6.9	6.9	6.9	0	0	1762139	0	0	
HHP	13.5	11.1	12.3	12.2	2090	12.3	970	12.4	760	0.2	1.63	12.5	50	31030	12.5	310	12.6	500	12.7	610	12.5	12.2	12.41	0	600	851793	0	0	
FDT	42.6	35	38.8	0	0	0	0	0	0	0	0	0	0	0	0	0	0	0	0	0	0	0	38.8	0	0	149670	0	0	
HHG	1.2	1	1.1	0	0	1	20160	1.1	850	0	0	1.1	100	4770	1.2	8660	0	0	0	0	1.1	1	1.1	0	0	1652328	0	0	
DAE	15.6	12.8	14.2	13.4	20	13.6	30	13.7	20	0	0	14.2	50	60	14.2	100	14.5	110	14.6	10	14.4	14.2	14.23	0	50	61132	0	0	
SPI	1.1	0.9	1	0	0	0	0	0.9	65980	0	0	1	70	20230	1	1100	1.1	30910	0	0	1	0.9	1	0	0	802505	0	0	
MCO	2.2	1.8	2	2.1	700	2.2	5400	0	1040	0.2	10	2.2	100	2100	0	0	0	0	0	0	2.2	2.2	2.2	0	0	192771	0	0	
BPC	11.8	9.8	10.8	10.1	100	10.2	20	10.3	30	0.9	8.33	11.7	10	10	11.7	10	11.8	260	0	0	11.7	11.7	11.7	0	0	178873	0	0	
STP	7	5.8	6.4	0	0	5.9	10	6.2	60	-0.1	-1.56	6.3	60	60	6.4	240	6.9	1000	0	0	6.3	6.3	6.3	60	0	388193	0	0	
STC	16	13.2	14.6	14	20	14.6	50	14.7	10	0	0	0	0	0	15.5	20	16	110	0	0	0	0	14.6	0	0	245841	0	0	
SVN	1.7	1.5	1.6	1.6	20	1.7	2000	0	550	0.1	6.25	1.7	40	1070	0	0	0	0	0	0	1.7	1.6	1.69	0	200	858910	0	0	
DXP	11	9	10	10	380	10.1	300	10.2	70	0.3	3	10.3	60	1040	10.4	220	10.7	50	10.8	10	10.3	10.1	10.15	60	0	277927	0	0	
ICG	5.5	4.5	5	4.6	30	4.8	250	4.9	400	0	0	5	80	2800	5	660	5.2	140	5.3	150	5.3	4.9	5	20	0	844934	0	0	
MKV	11	9	10	0	0	0	0	0	0	0	0	0	0	0	11	20	0	0	0	0	0	0	10	0	0	221284	0	0	
DZM	2.9	2.5	2.7	2.6	10180	2.7	590	2.8	190	0.1	3.7	2.8	500	33450	2.9	2620	0	0	0	0	2.9	2.5	2.7	0	1000	209329	0	0	
SIC	9.5	7.9	8.7	8.1	10	8.2	60	8.3	110	-0.4	-4.6	8.3	30	110	8.7	380	8.8	30	8.9	210	8.3	8.1	8.15	0	0	1168848	0	0	
SJC	0.8	0.6	0.7	0	0	0	0	0	0	0	0	0	0	0	0	0	0	0	0	0	0	0	0.7	0	0	350709	0	0	
V12	11.4	9.4	10.4	0	0	0	0	0	0	0	0	0	0	0	10.8	30	0	0	0	0	0	0	10.4	0	0	285032	0	0	
DNY	1.9	1.7	1.8	0	0	0	0	1.7	500	0	0	0	0	0	0	0	0	0	0	0	0	0	1.8	0	0	1294172	0	0	
HVT	40.7	33.3	37	0	0	0	0	35.5	200	-1.4	-3.78	35.6	80	80	36.9	100	37	20	40	30	35.6	35.6	35.6	0	0	518626	0	0	
MAC	5.3	4.5	4.9	0	0	4.5	80	4.6	10	0	0	0	0	0	4.8	10	4.9	400	5	510	0	0	4.9	0	0	713274	0	0	
SMN	9.5	7.9	8.7	7.9	90	8	80	8.1	10	0	0	0	0	0	8.7	190	8.9	170	9.4	100	0	0	8.7	0	0	211355	0	0	
SLS	59.5	48.7	54.1	53.1	20	53.5	40	54	10	0.5	0.92	54.6	10	940	54.5	10	54.6	90	54.7	20	54.6	53	53.9	0	0	443620	0	0	
BKC	6.4	5.4	5.9	5.4	90	5.5	50	5.6	70	-0.3	-5.08	5.6	20	20	0	0	0	0	0	0	5.6	5.6	5.6	0	0	573668	0	0	
DP3	91.3	74.7	83	82	310	82.1	20	82.4	50	-0.5	-0.6	82.5	30	1280	82.5	300	83	270	83.5	130	83	82	82.58	10	100	417234	0	0	
MAS	37.9	31.1	34.5	34.5	100	34.6	20	34.7	30	2.7	7.83	37.2	40	240	37.2	60	37.6	20	37.7	100	37.7	34.3	36.97	0	0	163606	0	0	
DPS	0.3	0.1	0.2	0	0	0	0	0	0	0	0	0	0	0	0	0	0	0	0	0	0	0	0.2	0	0	1511101	0	0	
MCF	10.2	8.4	9.3	0	0	8.4	10	8.5	100	-0.1	-1.08	9.2	10	340	9.2	10	9.3	80	9.5	50	9.2	8.4	8.58	10	0	426327	0	0	
CAN	25.9	21.3	23.6	21.3	20	21.6	40	22	40	-2	-8.47	21.6	10	10	25.9	40	0	0	0	0	21.6	21.6	21.6	0	0	123068	0	0	
TBX	24.5	20.1	22.3	0	0	0	0	0	0	0	0	0	0	0	22	300	0	0	0	0	0	0	22.3	0	0	73981	0	0	
CAP	33	27	30	28.5	130	29	50	29.2	40	-0.7	-2.33	29.3	50	1660	29.3	10	29.6	110	29.7	100	30	29.3	29.73	0	0	247998	0	0	
TC6	4.5	3.7	4.1	4	900	4.1	1550	4.2	390	0.2	4.88	4.3	20	6460	4.3	2570	4.4	1330	4.5	50	4.3	4.2	4.2	0	0	1494371	0	0	
VGP	12.1	9.9	11	10.1	30	10.9	310	11	190	0	0	11	20	110	11.4	10	11.5	10	11.6	10	11	11	11	0	0	386558	0	0	
VGS	8.6	7.2	7.9	7.6	580	7.8	230	7.9	720	0.1	1.27	8	100	1190	8	30	8.1	2020	8.2	340	8	7.9	8	0	0	1997555	0	0	
GKM	19.4	16	17.7	17.2	480	17.3	210	17.4	50	0	0	17.7	50	15210	17.7	920	17.8	920	17.9	690	17.7	17.6	17.6	0	0	729301	0	0	
VIE	6.7	5.5	6.1	0	0	0	0	0	0	0	0	0	0	0	0	0	0	0	0	0	0	0	6.1	0	0	100079	0	0	
TFC	5	4.2	4.6	0	0	4.3	370	4.4	110	-0.2	-4.35	4.4	10	10	4.7	10	4.8	10	4.9	140	4.4	4.4	4.4	10	0	284979	0	0	
L62	7.7	6.3	7	0	0	0	0	0	0	0	0	0	0	0	0	0	0	0	0	0	0	0	7	0	0	0	0	0	
L61	14.1	11.7	12.9	0	0	0	0	0	0	0	0	0	0	0	11.7	50	12.5	70	13	20	0	0	12.9	0	0	0	0	0	
VKC	2.8	2.4	2.6	0	0	2.4	1790	2.5	2550	0	0	2.6	20	5090	2.6	1350	2.7	4490	2.8	2970	2.6	2.6	2.6	0	0	695533	0	0	
KVC	0.9	0.7	0.8	0	0	0.7	23400	0.8	93840	0	0	0.8	130	16170	0.9	32530	0	0	0	0	0.9	0.8	0.83	0	0	2272780	0	0	
AAV	5.6	4.6	5.1	4.8	3150	4.9	2000	5	1230	-0.1	-1.96	5	420	26040	5.1	1010	5.2	6910	5.3	1330	5.2	5	5.09	0	0	0	0	0	
VLA	12.7	10.5	11.6	0	0	0	0	0	0	0	0	0	0	0	0	0	0	0	0	0	0	0	11.6	0	0	46370	0	0	
RCL	14.7	12.1	13.4	13.1	120	13.2	150	13.3	190	0.1	0.75	13.5	50	1100	14.5	50	14.7	10	0	0	13.5	13.4	13.4	0	0	475591	0	0	
ACM	0.7	0.5	0.6	0	0	0	0	0.5	47610	0	0	0.6	3500	35510	0.6	108970	0.7	67860	0	0	0.6	0.5	0.53	0	0	2471768	0	0	
KHS	13.9	11.5	12.7	0	0	0	0	0	0	0	0	12.7	20	110	13.3	300	13.5	400	13.9	700	12.7	12.7	12.7	0	0	584856	0	0	
QTC	19.5	16.1	17.8	16.4	10	17.5	10	17.6	10	0	0	0	0	0	17.9	50	18	210	18.3	70	0	0	17.8	0	0	48926	0	0	
BXH	15.9	13.1	14.5	0	0	0	0	0	0	0	0	0	0	0	0	0	0	0	0	0	0	0	14.5	0	0	147589	0	0	
C92	10.1	8.3	9.2	0	0	0	0	0	0	-0.9	-9.78	8.3	10	10	8.3	490	10	50	10.1	90	8.3	8.3	8.3	0	0	258285	0	0	
SZB	36	29.6	32.8	31.8	170	31.9	50	32	90	-0.8	-2.44	32	140	6140	32.8	310	33	420	33.2	100	33	32	32.53	0	0	1470000	0	0	
VAT	1.6	1.4	1.5	0	0	0	0	0	0	0	0	0	0	0	0	0	0	0	0	0	0	0	1.5	0	0	199108	0	0	
VBC	19.2	15.8	17.5	15.8	20	16	50	16.5	100	0	0	17.5	60	100	18.5	30	18.6	120	0	0	17.5	17.5	17.5	0	0	349843	0	0	
VC9	11	9	10	0	0	0	0	0	0	0	0	0	0	0	10.5	100	0	0	0	0	0	0	10	0	0	556625	0	0	
VC6	8.3	6.9	7.6	0	0	0	0	0	0	0	0	7.6	150	150	8.2	10	0	0	0	0	7.6	7.6	7.6	0	0	311542	0	0	
VC1	12.7	10.5	11.6	0	0	0	0	0	0	0	0	0	0	0	11	10	11.6	20	12.1	260	0	0	11.6	0	0	557269	0	0	
EBS	7.7	6.3	7	6.5	50	6.8	10	6.9	10	0	0	7	100	100	7.1	100	7.6	140	7.7	120	7	7	7	0	0	415310	0	0	
VCM	19.3	15.9	17.6	16	200	16.1	100	16.5	50	0	0	0	0	0	19.3	90	0	0	0	0	0	0	17.6	0	0	0	0	0	
EBA	9.9	8.1	9	8.1	10	9	30	9.9	60	0	0	0	0	0	0	0	0	0	0	0	0	0	9	0	0	1550000	0	0	
TA9	10.1	8.3	9.2	8.5	50	8.6	10	8.7	50	0.2	2.17	9.4	50	60	9.4	400	9.8	100	9.9	10	9.9	9.4	9.48	0	0	579042	0	0	
ECI	17.6	14.4	16	0	0	0	0	0	0	0	0	0	0	0	0	0	0	0	0	0	0	0	16	0	0	81210	0	0	
VE8	9.9	8.1	9	0	0	0	0	0	0	0	0	0	0	0	8.1	500	9.2	10	9.4	10	0	0	9	0	0	87680	0	0	
L18	9.9	8.1	9	0	0	0	0	0	0	0	0	0	0	0	9	300	9.1	150	9.9	500	0	0	9	0	0	1124694	0	0	
VE3	6	5	5.5	0	0	0	0	0	0	0.3	5.45	5.8	10	10	5.8	90	5.9	10	6	6560	5.8	5.8	5.8	0	0	56589	0	0	
AMC	19.9	16.3	18.1	16.3	10	16.5	10	18	50	0	0	0	0	0	0	0	0	0	0	0	0	0	18.1	0	0	128530	0	0	
TST	8.1	6.7	7.4	0	0	6.7	10	7	50	0.5	6.76	7.9	10	10	7.5	10	7.9	60	8	50	7.9	7.9	7.9	10	0	220680	0	0	
LDP	22.8	18.8	20.8	0	0	0	0	0	0	0	0	0	0	0	20.5	10	20.6	10	20.7	10	0	0	20.8	0	0	0	0	0	
PMS	16.2	13.4	14.8	13.6	20	14	100	14.5	20	0.7	4.73	15.5	30	110	15	30	15.5	50	16	50	15.5	14.8	15.05	0	0	315545	0	0	
PMP	9.2	7.6	8.4	7.8	10	7.9	10	8	10	-0.3	-3.57	8.1	10	10	9	20	9.2	30	0	0	8.1	8.1	8.1	0	0	203380	0	0	
TTZ	1.8	1.6	1.7	0	0	1.6	4150	1.7	1710	0.1	5.88	1.8	10	1990	1.8	6190	0	0	0	0	1.8	1.7	1.72	0	300	169112	0	0	
PMC	54.8	45	49.9	47.5	10	47.6	10	47.7	10	0	0	49.9	10	20	49.9	20	50	50	50.1	60	49.9	49.9	49.9	20	0	254017	0	0	
PMB	9.3	7.7	8.5	0	0	0	0	7.8	10	0	0	0	0	0	8.9	20	9	200	9.2	300	0	0	8.5	0	0	461560	0	0	
API	10.8	9	9.9	9.4	10	9.6	10	9.7	10	-0.8	-8.08	9.1	10	10	10.4	10	10.5	60	10.6	10	9.1	9.1	9.1	0	0	177107	0	0	
TXM	2.8	2.4	2.6	2.6	5710	2.7	1150	2.8	28850	0.2	7.69	2.8	10	2510	0	0	0	0	0	0	2.8	2.6	2.78	0	580	218727	0	0	
ARM	32.5	26.7	29.6	0	0	0	0	27.1	20	0	0	0	0	0	0	0	0	0	0	0	0	0	29.6	0	0	126933	0	0	
TJC	7	5.8	6.4	5.8	30	6	50	6.2	70	0.1	1.56	6.5	10	820	0	0	0	0	0	0	7	6.4	6.97	0	0	419386	0	0	
ADC	14.7	12.1	13.4	13.3	20	13.4	10	13.8	30	0.4	2.99	13.8	10	90	14.1	50	14.2	20	14.6	220	13.8	13.6	13.64	0	0	104499	0	0	
PDC	7.8	6.4	7.1	0	0	0	0	0	0	0	0	0	0	0	6.4	1160	6.8	90	7.1	520	0	0	7.1	0	0	734590	0	0	
PDB	8.8	7.2	8	7.5	180	7.8	10	7.9	110	0	0	8	10	10	8.1	90	8.2	150	8.3	190	8	8	8	0	0	355877	0	0	
CMS	2.7	2.3	2.5	2.3	520	2.4	2310	2.5	10	0.2	8	2.7	60	1010	2.7	740	0	0	0	0	2.7	2.6	2.7	0	0	816716	0	0	
PIA	29.1	23.9	26.5	24	860	25	500	25.1	90	-1.4	-5.28	25.1	10	10	26.5	20	26.6	10	26.8	10	25.1	25.1	25.1	10	0	158403	0	0	
NDX	14	11.6	12.8	12.6	300	12.7	300	12.8	290	0	0	12.8	10	310	13	200	13.2	300	0	0	12.8	12.8	12.8	0	0	281411	0	0	
HKT	4.1	3.5	3.8	3.7	150	3.8	20	3.9	30	0	0	0	0	0	4.1	10	0	0	0	0	0	0	3.8	0	0	298207	0	0	
DDG	30.5	25.1	27.8	27.7	1010	27.8	400	27.9	120	0.2	0.72	28	20	17110	28	150	28.1	330	28.2	230	28.3	27.7	28.11	0	0	1199990	0	0	
HMH	9.4	7.8	8.6	7.8	400	8	300	8.1	150	0	0	0	0	0	8.6	590	8.7	90	8.9	90	0	0	8.6	0	0	391802	0	0	
SDA	2.3	1.9	2.1	1.9	1010	2	490	2.1	90	0.1	4.76	2.2	100	2820	2.2	290	2.3	430	0	0	2.2	1.9	1.95	0	0	0	0	0	
SDG	35.6	29.2	32.4	0	0	0	0	0	0	0	0	0	0	0	0	0	0	0	0	0	0	0	32.4	0	0	330987	0	0	
SDC	17.8	14.6	16.2	0	0	0	0	0	0	0	0	0	0	0	16.8	20	17	20	0	0	0	0	16.2	0	0	107988	0	0	
HNM	4.9	4.1	4.5	0	0	0	0	0	0	0	0	0	0	0	0	0	0	0	0	0	0	0	4.5	0	0	963835	0	0	
SD6	2.6	2.2	2.4	0	0	2.2	1790	2.3	1080	0	0	2.4	10	1310	2.4	840	2.5	700	2.6	2320	2.4	2.2	2.29	0	0	1226664	0	0	
SD5	5.3	4.5	4.9	0	0	4.5	100	4.6	100	-0.1	-2.04	4.8	10	540	4.8	630	4.9	230	5	110	4.8	4.7	4.7	10	0	1017949	0	0	
SD4	4.1	3.5	3.8	0	0	0	0	3.5	300	0.1	2.63	3.9	10	20	3.8	90	3.9	110	4	90	3.9	3.5	3.7	0	0	464786	0	0	
SD2	6.7	5.5	6.1	0	0	5.6	1000	5.7	110	-0.4	-6.56	5.7	10	210	6.2	160	6.4	1630	6.5	900	6.2	5.7	6.18	0	0	619005	0	0	
SDN	32.2	26.4	29.3	0	0	0	0	0	0	0	0	0	0	0	29.3	10	0	0	0	0	0	0	29.3	0	0	36143	0	0	
SDU	7.4	6.2	6.8	0	0	6.2	20	6.5	50	0	0	0	0	0	0	0	0	0	0	0	0	0	6.8	0	0	977790	0	0	
SDT	3.1	2.7	2.9	0	0	2.7	80	2.8	270	0	0	2.9	30	5700	2.9	230	3	1260	3.1	480	3	2.9	2.9	0	0	1717326	0	0	
BDB	11.8	9.8	10.8	0	0	0	0	0	0	0	0	0	0	0	11	100	0	0	0	0	0	0	10.8	0	0	55197	0	0	
SGC	59	48.4	53.7	54.6	40	55.5	20	55.6	10	3.3	6.15	57	10	10	58	10	59	10	0	0	57	57	57	0	0	343746	0	0	
SGH	45.5	37.3	41.4	0	0	0	0	37.8	60	0	0	0	0	0	45.5	60	0	0	0	0	0	0	41.4	0	0	600180	0	0	
DIH	14.9	12.3	13.6	0	0	12.4	50	12.7	510	1.3	9.56	14.9	10	1160	14.9	110	0	0	0	0	14.9	12.7	12.78	0	0	293414	0	0	
PRC	10.4	8.6	9.5	0	0	0	0	0	0	0	0	0	0	0	0	0	0	0	0	0	0	0	9.5	0	0	58680	0	0	
PSC	16.5	13.5	15	13.6	20	14	20	15	10	0	0	0	0	0	16	110	0	0	0	0	0	0	15	0	0	350363	0	0	
PSE	8.6	7.2	7.9	0	0	0	0	7.2	50	-0.7	-8.86	7.2	10	450	8.4	40	8.6	50	0	0	7.2	7.2	7.2	0	0	556000	0	0	
LM7	4.2	3.6	3.9	0	0	0	0	0	0	-0.3	-7.69	3.6	30	70	0	210	3.6	60	3.9	40	3.6	3.6	3.6	0	0	244660	0	0	
MDC	7.4	6.2	6.8	0	0	0	0	6.3	120	0	0	0	0	0	0	0	0	0	0	0	0	0	6.8	0	0	676439	0	0	
QNC	3.1	2.7	2.9	2.7	10	2.8	1500	2.9	480	0	0	2.9	50	320	3.1	10	0	0	0	0	2.9	2.9	2.9	0	0	968113	0	0	
SRA	12.9	10.7	11.8	12	220	12.2	140	12.3	30	0.6	5.08	12.4	30	14330	12.4	1170	12.5	1600	12.6	550	12.4	11.7	12.08	0	180	837361	0	0	
KDM	2.2	1.8	2	0	0	1.8	180	1.9	880	-0.1	-5	1.9	50	1100	2	2540	2.1	260	2.2	780	2	1.9	1.99	0	0	345583	0	0	
MIM	13.5	11.1	12.3	0	0	0	0	0	0	0	0	0	0	0	11.1	30	0	0	0	0	0	0	12.3	0	0	165835	0	0	
ONE	3.5	2.9	3.2	0	0	3	1950	3.1	500	0	0	3.2	1000	1420	3.3	930	3.4	200	3.5	500	3.3	3.2	3.22	210	0	321766	0	0	
X20	8.9	7.3	8.1	0	0	0	0	0	0	-0.1	-1.23	8	10	40	8	60	0	0	0	0	8	8	8	0	0	845040	0	0	
DNC	61.3	50.3	55.8	0	0	0	0	0	0	0	0	0	0	0	61	20	61.3	20	0	0	0	0	55.8	0	0	200562	0	0	
DNM	38.2	31.4	34.8	34.3	70	34.4	40	34.5	110	0.2	0.57	35	10	1990	35	30	35.2	50	35.3	60	35.5	33.7	34.22	0	0	196636	0	0	
TCS	9.3	7.7	8.5	8.4	830	8.5	590	8.6	10	0.1	1.18	8.6	10	1920	8.7	280	8.8	1180	8.9	1040	8.7	8.4	8.46	0	0	1178283	0	0	
KSQ	1.3	1.1	1.2	0	0	1.1	13740	1.2	2960	0.1	8.33	1.3	10	20660	1.3	2620	0	0	0	0	1.3	1.2	1.2	0	0	1457160	0	0	
TET	33.2	27.2	30.2	0	0	0	0	0	0	0	0	0	0	0	0	0	0	0	0	0	0	0	30.2	0	0	279394	0	0	
VIT	15.9	13.1	14.5	14.1	410	14.2	10	14.4	40	0	0	14.5	10	10	14.5	620	14.6	140	14.7	130	14.5	14.5	14.5	0	0	944950	0	0	
GMX	26.4	21.6	24	0	0	0	0	22	200	0	0	0	0	0	24.6	380	0	0	0	0	0	0	24	0	0	250104	0	0	
IDC	19.6	16.2	17.9	18	6260	18.1	300	18.2	210	0.5	2.79	18.4	20	2990	18.4	260	18.5	500	18.8	100	18.4	18	18.14	0	0	14608167	0	0	
KKC	6.1	5.1	5.6	0	0	0	0	5.1	70	-0.5	-8.93	5.1	40	290	5.3	50	5.9	150	6	400	5.2	5.1	5.17	0	0	203178	0	0	
MPT	1.3	1.1	1.2	0	0	1.1	22820	1.2	11920	0	0	1.2	330	10060	1.3	19280	0	0	0	0	1.2	1.2	1.2	0	0	823184	0	0	
KMT	8.2	6.8	7.5	0	0	0	0	0	0	0	0	0	0	0	7.9	50	0	0	0	0	0	0	7.5	0	0	482411	0	0	
GDW	43.2	35.4	39.3	0	0	0	0	0	0	-3.9	-9.92	35.4	10	10	0	30	35.4	780	39.3	10	35.4	35.4	35.4	0	0	415360	0	0	
VE2	7.7	6.3	7	0	0	0	0	0	0	0	0	0	0	0	7.7	50	0	0	0	0	0	0	7	0	0	104103	0	0	
TTT	41.4	34	37.7	0	0	0	0	34	80	0.2	0.53	37.9	10	510	37.9	80	41	10	41.4	10	37.9	34	34.65	0	10	197110	0	0	
VNF	34.4	28.2	31.3	0	0	0	0	0	0	0	0	0	0	0	28.2	600	29	500	0	0	0	0	31.3	0	0	377695	0	0	
VNC	36.5	29.9	33.2	30.1	30	30.6	20	32.2	30	-0.2	-0.6	33	10	20	35.2	20	35.4	10	0	0	33.1	33	33.05	20	0	375819	0	0	
VMS	6.3	5.3	5.8	5.7	220	5.8	100	5.9	370	0	0	0	0	0	0	0	0	0	0	0	0	0	5.8	0	0	435360	0	0	
TMC	13.2	10.8	12	0	0	0	0	10.8	130	-1.2	-10	10.8	60	90	11.5	30	12.5	200	0	0	10.8	10.8	10.8	0	0	596900	0	0	
PGN	12.1	9.9	11	0	0	0	0	0	0	-0.3	-2.73	10.7	20	20	11.1	50	11.2	60	11.4	40	10.7	10.7	10.7	0	0	161270	0	0	
HOM	3.4	2.8	3.1	3	6000	3.1	3430	3.2	5230	0.2	6.45	3.3	20	8540	3.3	4030	3.4	5510	0	0	3.3	3	3.17	0	0	3454940	0	0	
PSD	11	9	10	9.2	100	9.3	300	9.4	10	-0.6	-6	9.4	10	10	10	400	10.5	330	11	860	9.4	9.4	9.4	0	0	1444977	0	0	
V21	8.9	7.3	8.1	0	0	0	0	0	0	0	0	0	0	0	7.3	50	8.1	300	8.5	50	0	0	8.1	0	0	587649	0	0	
INC	9.2	7.6	8.4	0	0	8	300	8.1	200	0	0	0	0	0	9.2	50	0	0	0	0	0	0	8.4	0	0	98000	0	0	
TDN	6.7	5.5	6.1	5.6	3290	5.7	1850	5.8	1090	-0.3	-4.92	5.8	10	5930	5.9	1260	6	670	6.1	970	6	5.7	5.8	0	0	1439187	0	0	
KSD	6.9	5.7	6.3	0	0	0	0	0	0	0	0	0	0	0	6.3	240	6.5	280	6.7	330	0	0	6.3	0	0	579770	0	0	
TDT	11	9	10	9.7	250	9.8	750	9.9	70	-0.1	-1	9.9	30	3830	10	1080	10.1	1500	10.2	1700	10.1	9.9	9.96	0	0	569411	0	0	
GLT	26.7	21.9	24.3	0	0	22	50	22.5	20	-0.4	-1.65	23.9	50	50	23.8	140	23.9	40	24	100	23.9	23.9	23.9	0	0	247782	0	0	
VMI	0.7	0.5	0.6	0	0	0	0	0	0	0	0	0	0	0	0	0	0	0	0	0	0	0	0.6	0	0	449469	0	0	
NFC	6.2	5.2	5.7	0	0	0	0	0	0	0	0	0	0	0	0	0	0	0	0	0	0	0	5.7	0	0	770591	0	0	
AME	7.8	6.4	7.1	0	0	6.4	110	6.6	200	-0.3	-4.23	6.8	10	10	7.1	10	7.2	10	7.3	10	6.8	6.8	6.8	10	0	1092620	0	0	
NHP	0.5	0.3	0.4	0	0	0	0	0.3	77410	0	0	0.4	20	830	0.4	37330	0.5	26990	0	0	0.4	0.4	0.4	0	0	1335938	0	0	
TTH	2.2	1.8	2	0	0	1.8	13930	1.9	7790	-0.1	-5	1.9	510	20330	2	10080	2.1	12690	2.2	18970	2	1.9	1.9	0	0	1796410	0	0	
NHA	11.2	9.2	10.2	9.9	510	10	1880	10.1	100	0.1	0.98	10.3	10	870	10.3	370	10.4	20	10.5	180	10.3	10.1	10.17	0	0	720054	0	0	
LHC	73.7	60.3	67	67.1	50	67.2	10	67.3	60	2.5	3.73	69.5	280	720	70.5	50	71	200	72	370	69.5	67	69.2	0	0	94466	0	0	
LO5	1.3	1.1	1.2	0	0	0	0	1.1	290	0	0	0	0	0	1.3	2440	0	0	0	0	0	0	1.2	0	0	250399	0	0	
HEV	16.8	13.8	15.3	0	0	0	0	0	0	0	0	0	0	0	15	160	15.2	90	16.8	1990	0	0	15.3	0	0	10644	0	0	
MED	50.6	41.4	46	0	0	41.7	300	42	200	0	0	0	0	0	43.5	100	45	50	45.2	10	0	0	46	0	0	307664	0	0	
MEL	9.6	8	8.8	0	0	0	0	0	0	0	0	0	0	0	8.9	10	9	10	9.2	10	0	0	8.8	0	0	734870	0	0	
MHL	5.6	4.6	5.1	0	0	0	0	0	0	0	0	0	0	0	4.6	2000	0	0	0	0	0	0	5.1	0	0	260421	0	0	
UNI	4.2	3.6	3.9	0	0	3.6	5210	3.7	3030	-0.2	-5.13	3.7	2070	2170	4	50	4.2	60	0	0	3.8	3.7	3.7	0	0	739633	0	0	
KST	21.4	17.6	19.5	0	0	0	0	0	0	0	0	0	0	0	19.5	70	21	20	0	0	0	0	19.5	0	0	144754	0	0	
VIG	1	0.8	0.9	0	0	0	0	0.8	19000	-0.1	-11.11	0.8	1730	69060	0.9	19610	1	20560	0	0	0.9	0.8	0.8	500	0	1633921	0	0	
KSK	0.3	0.1	0.2	0	0	0	0	0	0	0	0	0	0	0	0	0	0	0	0	0	0	0	0.2	0	0	1167342	0	0	
MST	2.9	2.5	2.7	2.6	35130	2.7	50860	2.8	6670	0.1	3.7	2.8	500	153170	2.9	83380	0	0	0	0	2.9	2.6	2.78	0	0	1724909	0	0	
NET	50.9	41.7	46.3	46.3	20	46.4	90	47	30	2.1	4.54	48.4	10	20	48.4	10	48.5	10	48.8	10	48.4	47	47.7	0	10	1080076	0	0	
TKC	3.4	2.8	3.1	0	0	2.8	510	2.9	1680	-0.1	-3.23	3	10	1150	3	1080	3.1	500	3.2	1160	3	2.9	2.9	0	0	556469	0	0	
TMB	14.1	11.7	12.9	0	0	0	0	11.8	90	-0.8	-6.2	12.1	20	220	12.9	500	14.1	100	0	0	12.1	12.1	12.1	200	0	734800	0	0	
VSM	13.2	10.8	12	0	0	10.8	20	11	80	0	0	12	10	20	12	40	13	100	0	0	12	11	11.5	0	0	137591	0	0	
CMC	6.6	5.4	6	0	0	0	0	0	0	-0.5	-8.33	5.5	30	40	5.5	160	0	0	0	0	5.5	5.5	5.5	0	0	217420	0	0	
PGT	5.6	4.6	5.1	0	0	0	0	4.6	90	-0.5	-9.8	4.6	10	10	5	110	5.1	100	5.5	6200	4.6	4.6	4.6	0	0	11432	0	0	
DHP	10.7	8.9	9.8	0	0	9	200	9.5	150	0	0	0	0	0	10.6	10	10.7	90	0	0	0	0	9.8	0	0	414407	0	0	
BED	36.3	29.7	33	0	0	0	0	30	10	0	0	0	0	0	33	10	0	0	0	0	0	0	33	0	0	147000	0	0	
PTD	17.8	14.6	16.2	0	0	0	0	0	0	0	0	0	0	0	0	0	0	0	0	0	0	0	16.2	0	0	85872	0	0	
NRC	9.5	7.9	8.7	8.3	400	8.4	950	8.5	350	-0.2	-2.3	8.5	180	7000	8.9	190	9	840	9.1	50	8.9	8.5	8.61	0	0	671185	0	0	
NST	18.4	15.2	16.8	0	0	0	0	0	0	0	0	0	0	0	15.2	100	16.8	150	17	170	0	0	16.8	0	0	448674	0	0	
NSH	1.4	1.2	1.3	0	0	1.2	8750	1.3	460	0.1	7.69	1.4	10	760	1.4	9490	0	0	0	0	1.4	1.3	1.3	0	90	1010628	0	0	
DS3	3.6	3	3.3	3	690	3.1	1560	3.2	1290	0	0	3.3	110	5330	3.3	1480	3.4	2140	3.5	2590	3.3	3.2	3.21	0	0	516806	0	0	
DTD	14.1	11.7	12.9	12.4	610	12.5	900	12.6	190	0	0	12.9	20	5170	12.9	1130	13	4110	13.1	400	13.1	12.6	12.84	0	0	1202579	0	0	
DST	3.9	3.3	3.6	3.6	22160	3.7	14560	3.8	40200	0.3	8.33	3.9	200	169140	3.9	5040	0	0	0	0	3.9	3.7	3.84	30	0	125	0	0	
BSC	16.7	13.7	15.2	0	0	0	0	0	0	0	0	0	0	0	0	0	0	0	0	0	0	0	15.2	0	0	139186	0	0	
C69	6.3	5.3	5.8	5.5	1580	5.6	2540	5.7	590	-0.1	-1.72	5.7	10	11430	5.8	3740	5.9	1810	6	2290	5.8	5.7	5.72	0	0	734960	0	0	
MCC	12.7	10.5	11.6	0	0	0	0	11.6	210	0	0	11.6	190	190	0	0	0	0	0	0	11.6	11.6	11.6	0	0	240366	0	0	
L35	7.9	6.5	7.2	0	0	0	0	6.6	80	0	0	0	0	0	7.5	40	7.9	80	0	0	0	0	7.2	0	0	159972	0	0	
VIF	19	15.6	17.3	0	0	0	0	15.7	500	0	0	0	0	0	17.9	40	18	80	19	20	0	0	17.3	0	0	0	0	0	
CET	1.8	1.6	1.7	0	0	0	0	1.6	1530	0	0	1.7	10	8340	1.7	2740	1.8	1770	0	0	1.7	1.6	1.6	0	160	295900	0	0	
PHN	29.7	24.3	27	0	0	24.3	620	24.6	100	-2.4	-8.89	24.6	100	400	26.9	150	27	250	27.5	100	26	24.6	25.65	0	0	8	0	0	
BST	15.9	13.1	14.5	0	0	13.5	20	14	460	-0.5	-3.45	14	40	50	14.5	150	14.9	20	15.3	10	14	13.5	13.9	0	0	53740	0	0	
QHD	23.1	18.9	21	19.2	60	20.8	30	21	100	0	0	0	0	0	21.9	50	22	100	22.1	100	0	0	21	0	0	267430	0	0	
