HNXMAN
178.9
1.77	1
10568500	148.72	
CTP	3.3	2.7	3	0	0	2.7	480	2.8	1240	0	0	3	50	300	3	1130	3.1	200	3.2	100	3	3	3	0	0	583701	0	0	
VIT	15.9	13.1	14.5	14.1	410	14.2	10	14.4	40	0	0	14.5	10	10	14.5	620	14.6	140	14.7	130	14.5	14.5	14.5	0	0	944950	0	0	
CTT	10.5	8.7	9.6	0	0	0	0	9.6	50	0	0	0	0	0	0	0	0	0	0	0	0	0	9.6	0	0	228970	0	0	
CTB	34.6	28.4	31.5	29	20	29.5	200	29.7	10	0	0	0	0	0	32	100	33.5	10	34.6	50	0	0	31.5	0	0	586225	0	0	
PMP	9.2	7.6	8.4	7.8	10	7.9	10	8	10	-0.3	-3.57	8.1	10	10	9	20	9.2	30	0	0	8.1	8.1	8.1	0	0	203380	0	0	
SDN	32.2	26.4	29.3	0	0	0	0	0	0	0	0	0	0	0	29.3	10	0	0	0	0	0	0	29.3	0	0	36143	0	0	
SDG	35.6	29.2	32.4	0	0	0	0	0	0	0	0	0	0	0	0	0	0	0	0	0	0	0	32.4	0	0	330987	0	0	
KTS	9	7.4	8.2	7.4	30	7.5	20	8	200	0	0	0	0	0	8.5	10	9	110	0	0	0	0	8.2	0	0	192493	0	0	
TTC	13.2	10.8	12	0	0	0	0	10.8	10	0	0	0	0	0	11.9	20	12	80	12.1	10	0	0	12	0	0	259298	0	0	
TDT	11	9	10	9.7	250	9.8	750	9.9	70	-0.1	-1	9.9	30	3830	10	1080	10.1	1500	10.2	1700	10.1	9.9	9.96	0	0	569411	0	0	
VHE	6.6	5.4	6	5.6	10	5.7	20	5.8	10	-0.2	-3.33	5.8	30	190	6	870	6.2	550	6.4	490	5.9	5.8	5.83	0	0	0	0	0	
MCC	12.7	10.5	11.6	0	0	0	0	11.6	210	0	0	11.6	190	190	0	0	0	0	0	0	11.6	11.6	11.6	0	0	240366	0	0	
NTH	33	27	30	0	0	0	0	0	0	-0.5	-1.67	29.5	100	270	29.5	50	29.6	50	29.7	100	29.5	29.5	29.5	0	0	529300	0	0	
BLF	3	2.6	2.8	0	0	0	0	0	0	0	0	0	0	0	0	0	0	0	0	0	0	0	2.8	0	0	536148	0	0	
NST	18.4	15.2	16.8	0	0	0	0	0	0	0	0	0	0	0	15.2	100	16.8	150	17	170	0	0	16.8	0	0	448674	0	0	
VTS	34.7	28.5	31.6	0	0	0	0	0	0	-3.1	-9.81	28.5	20	20	28.5	710	0	0	0	0	28.5	28.5	28.5	0	0	52936	0	0	
NTP	37.6	30.8	34.2	34.4	410	34.5	960	34.6	100	0.6	1.75	34.8	20	2530	34.9	550	35	430	35.7	3490	34.8	34	34.4	10	0	2987379	0	0	
VTL	17.9	14.7	16.3	0	0	0	0	14.7	10	0	0	0	0	0	17.9	10	0	0	0	0	0	0	16.3	0	0	243261	0	0	
NBW	32.4	26.6	29.5	0	0	0	0	0	0	-2.9	-9.83	26.6	10	710	26.6	250	28	60	28.2	10	26.6	26.6	26.6	0	0	225960	0	0	
HTP	8.8	7.2	8	7.3	90	7.4	30	8	180	0	0	0	0	0	8.8	10	0	0	0	0	0	0	8	0	0	88044	0	0	
SIC	9.5	7.9	8.7	8.1	10	8.2	60	8.3	110	-0.4	-4.6	8.3	30	110	8.7	380	8.8	30	8.9	210	8.3	8.1	8.15	0	0	1168848	0	0	
PBP	7.3	6.1	6.7	6.5	500	6.7	310	6.8	280	0.1	1.49	6.8	20	420	7.1	100	7.2	170	7.3	580	7.2	6.8	6.95	210	0	230901	0	0	
X20	8.9	7.3	8.1	0	0	0	0	0	0	-0.1	-1.23	8	10	40	8	60	0	0	0	0	8	8	8	0	0	845040	0	0	
BTS	4.4	3.6	4	3.8	10	3.9	20	4	80	0.3	7.5	4.3	20	400	4.3	30	4.4	280	0	0	4.3	4	4.12	0	0	5863673	0	0	
DID	5.5	4.5	5	0	0	0	0	0	0	0	0	0	0	0	4.5	1420	5.5	200	0	0	0	0	5	0	0	389730	0	0	
THB	9.1	7.5	8.3	7.6	220	8	10	8.3	100	0	0	8.3	20	20	8.8	50	8.9	70	9	70	8.3	8.3	8.3	20	0	513393	0	0	
PMS	16.2	13.4	14.8	13.6	20	14	100	14.5	20	0.7	4.73	15.5	30	110	15	30	15.5	50	16	50	15.5	14.8	15.05	0	0	315545	0	0	
NHP	0.5	0.3	0.4	0	0	0	0	0.3	77410	0	0	0.4	20	830	0.4	37330	0.5	26990	0	0	0.4	0.4	0.4	0	0	1335938	0	0	
NET	50.9	41.7	46.3	46.3	20	46.4	90	47	30	2.1	4.54	48.4	10	20	48.4	10	48.5	10	48.8	10	48.4	47	47.7	0	10	1080076	0	0	
ALT	13	10.8	11.9	0	0	0	0	10.8	30	0	0	11.9	10	10	13	200	0	0	0	0	11.9	11.9	11.9	0	0	282665	0	0	
PHN	29.7	24.3	27	0	0	24.3	620	24.6	100	-2.4	-8.89	24.6	100	400	26.9	150	27	250	27.5	100	26	24.6	25.65	0	0	8	0	0	
HDA	9.6	8	8.8	9	1320	9.1	2380	9.2	590	0.5	5.68	9.3	20	56940	9.3	1550	9.4	1800	9.5	5820	9.3	8.9	9.05	0	460	497037	0	0	
HCC	11.5	9.5	10.5	10.1	100	10.4	130	10.5	30	0.2	1.9	10.7	160	670	10.7	20	10.8	50	10.9	100	10.7	10.5	10.63	0	0	221080	0	0	
LM7	4.2	3.6	3.9	0	0	0	0	0	0	-0.3	-7.69	3.6	30	70	0	210	3.6	60	3.9	40	3.6	3.6	3.6	0	0	244660	0	0	
GKM	19.4	16	17.7	17.2	480	17.3	210	17.4	50	0	0	17.7	50	15210	17.7	920	17.8	920	17.9	690	17.7	17.6	17.6	0	0	729301	0	0	
TBX	24.5	20.1	22.3	0	0	0	0	0	0	0	0	0	0	0	22	300	0	0	0	0	0	0	22.3	0	0	73981	0	0	
L35	7.9	6.5	7.2	0	0	0	0	6.6	80	0	0	0	0	0	7.5	40	7.9	80	0	0	0	0	7.2	0	0	159972	0	0	
VHL	26.1	21.5	23.8	22.5	10	22.8	20	22.9	10	0	0	0	0	0	24	20	25.8	80	26	140	0	0	23.8	0	0	1174192	0	0	
L43	2.9	2.5	2.7	0	0	0	0	0	0	0	0	0	0	0	2.9	50	0	0	0	0	0	0	2.7	0	0	171450	0	0	
VCS	72.8	59.6	66.2	68.9	200	69	890	69.1	860	2.9	4.38	69.1	20	74070	69.2	1190	69.3	700	69.4	490	69.5	66.2	68.37	310	150	7419220	0	0	
VDL	28	23	25.5	0	0	0	0	0	0	0	0	0	0	0	23	30	25.5	180	25.6	10	0	0	25.5	0	0	706305	0	0	
NBP	12.6	10.4	11.5	10.4	50	11	10	11.5	80	0.4	3.48	11.9	30	30	11.9	170	12	40	12.4	80	11.9	11.9	11.9	0	0	530279	0	0	
CJC	18.8	15.4	17.1	0	0	0	0	0	0	0	0	0	0	0	17	560	17.1	1000	0	0	0	0	17.1	0	0	194710	0	0	
TKU	12.7	10.5	11.6	0	0	0	0	10.5	1000	1	8.62	12.6	20	30	12	1220	12.5	100	12.6	70	12.6	11.6	12.27	0	0	52806	0	0	
PDB	8.8	7.2	8	7.5	180	7.8	10	7.9	110	0	0	8	10	10	8.1	90	8.2	150	8.3	190	8	8	8	0	0	355877	0	0	
ITQ	2.7	2.3	2.5	0	0	0	0	2.3	9870	-0.1	-4	2.4	100	5480	2.4	2110	2.5	12850	2.6	3680	2.4	2.4	2.4	0	0	1165771	0	0	
KVC	0.9	0.7	0.8	0	0	0.7	23400	0.8	93840	0	0	0.8	130	16170	0.9	32530	0	0	0	0	0.9	0.8	0.83	0	0	2272780	0	0	
CET	1.8	1.6	1.7	0	0	0	0	1.6	1530	0	0	1.7	10	8340	1.7	2740	1.8	1770	0	0	1.7	1.6	1.6	0	160	295900	0	0	
GMX	26.4	21.6	24	0	0	0	0	22	200	0	0	0	0	0	24.6	380	0	0	0	0	0	0	24	0	0	250104	0	0	
QNC	3.1	2.7	2.9	2.7	10	2.8	1500	2.9	480	0	0	2.9	50	320	3.1	10	0	0	0	0	2.9	2.9	2.9	0	0	968113	0	0	
MBG	8.2	6.8	7.5	0	0	6.8	940	6.9	80	-0.5	-6.67	7	470	318730	7	3870	7.1	5630	7.2	4460	7.7	6.8	6.94	0	0	2111227	0	0	
VBC	19.2	15.8	17.5	15.8	20	16	50	16.5	100	0	0	17.5	60	100	18.5	30	18.6	120	0	0	17.5	17.5	17.5	0	0	349843	0	0	
GDW	43.2	35.4	39.3	0	0	0	0	0	0	-3.9	-9.92	35.4	10	10	0	30	35.4	780	39.3	10	35.4	35.4	35.4	0	0	415360	0	0	
DZM	2.9	2.5	2.7	2.6	10180	2.7	590	2.8	190	0.1	3.7	2.8	500	33450	2.9	2620	0	0	0	0	2.9	2.5	2.7	0	1000	209329	0	0	
BTW	53.9	44.1	49	0	0	0	0	0	0	-4.9	-10	44.1	10	10	44.1	90	48	200	49	20	44.1	44.1	44.1	0	0	265131	0	0	
MIM	13.5	11.1	12.3	0	0	0	0	0	0	0	0	0	0	0	11.1	30	0	0	0	0	0	0	12.3	0	0	165835	0	0	
SAF	55	45	50	45.2	30	45.5	10	46	10	0	0	0	0	0	50	30	52.9	10	53	10	0	0	50	0	0	359611	0	0	
HKB	0.8	0.6	0.7	0	0	0	0	0.6	70730	0	0	0.7	2000	24330	0.7	32370	0.8	35090	0	0	0.7	0.6	0.63	0	0	2462558	0	0	
HJS	25.3	20.7	23	20.8	50	21.5	50	23	100	0	0	0	0	0	24	10	25	110	25.3	30	0	0	23	0	0	1027132	0	0	
HHC	111.1	90.9	101	0	0	0	0	0	0	0	0	0	0	0	102	10	105	200	0	0	0	0	101	0	0	799044	0	0	
HHP	13.5	11.1	12.3	12.2	2090	12.3	970	12.4	760	0.2	1.63	12.5	50	31030	12.5	310	12.6	500	12.7	610	12.5	12.2	12.41	0	600	851793	0	0	
HVT	40.7	33.3	37	0	0	0	0	35.5	200	-1.4	-3.78	35.6	80	80	36.9	100	37	20	40	30	35.6	35.6	35.6	0	0	518626	0	0	
QHD	23.1	18.9	21	19.2	60	20.8	30	21	100	0	0	0	0	0	21.9	50	22	100	22.1	100	0	0	21	0	0	267430	0	0	
SJ1	27.5	22.5	25	0	0	0	0	0	0	0	0	0	0	0	22.5	620	27	10	27.5	10	0	0	25	0	0	1029806	0	0	
SHE	19.8	16.2	18	17	600	17.2	20	18	40	0	0	18	10	10	19	500	19.2	100	19.5	200	18	18	18	0	0	229040	0	0	
SEB	31.3	25.7	28.5	26.6	20	27.8	500	28	100	0	0	28.5	500	3260	30.4	10	30.5	30	31.2	120	29	28	28.42	0	1000	1563244	0	0	
DHP	10.7	8.9	9.8	0	0	9	200	9.5	150	0	0	0	0	0	10.6	10	10.7	90	0	0	0	0	9.8	0	0	414407	0	0	
NGC	2.9	2.5	2.7	0	0	0	0	0	0	-0.2	-7.41	2.5	20	20	2.8	50	2.9	230	0	0	2.5	2.5	2.5	0	0	81496	0	0	
NHC	38.1	31.3	34.7	0	0	0	0	31.3	10	0	0	0	0	0	34	150	34.5	90	34.6	50	0	0	34.7	0	0	97297	0	0	
CPC	17.1	14.1	15.6	14.5	20	14.6	20	15	40	0	0	15.6	20	60	16	50	16.2	10	16.9	80	15.6	15	15.5	50	0	127917	0	0	
PGN	12.1	9.9	11	0	0	0	0	0	0	-0.3	-2.73	10.7	20	20	11.1	50	11.2	60	11.4	40	10.7	10.7	10.7	0	0	161270	0	0	
TPP	14.6	12	13.3	0	0	0	0	0	0	0	0	0	0	0	13	100	14.6	50	0	0	0	0	13.3	0	0	971887	0	0	
VTH	11.5	9.5	10.5	0	0	0	0	0	0	0	0	0	0	0	11.5	10	0	0	0	0	0	0	10.5	0	0	243990	0	0	
TPH	9.3	7.7	8.5	0	0	0	0	7.7	50	0	0	0	0	0	9	10	0	0	0	0	0	0	8.5	0	0	98452	0	0	
S74	4.7	3.9	4.3	0	0	0	0	0	0	0	0	0	0	0	0	0	0	0	0	0	0	0	4.3	0	0	308588	0	0	
HAD	15.5	12.7	14.1	14	550	14.1	160	14.2	350	0.1	0.71	14.2	100	620	14.5	110	14.6	20	14.7	120	14.3	14.1	14.18	0	0	156539	0	0	
PPS	7.8	6.4	7.1	6.5	10	6.6	550	6.7	10	0	0	7.1	20	2850	7.1	30	7.2	990	7.4	720	7.8	6.8	6.97	1300	0	198008	0	0	
VGS	8.6	7.2	7.9	7.6	580	7.8	230	7.9	720	0.1	1.27	8	100	1190	8	30	8.1	2020	8.2	340	8	7.9	8	0	0	1997555	0	0	
CLH	20	16.4	18.2	16.9	500	17	120	17.1	110	-1.1	-6.04	17.1	10	140	17.9	10	18	220	18.3	50	18.4	16.7	17.74	0	0	488530	0	0	
NAG	5	4.2	4.6	4.4	300	4.5	1620	4.6	1870	0.1	2.17	4.7	10	2600	4.7	660	4.8	1000	4.9	2090	4.7	4.6	4.66	0	0	710567	0	0	
PCE	6.9	5.7	6.3	5.8	50	6.9	450	0	10	0	0	0	0	0	0	0	0	0	0	0	0	0	6.3	0	0	450880	0	0	
STP	7	5.8	6.4	0	0	5.9	10	6.2	60	-0.1	-1.56	6.3	60	60	6.4	240	6.9	1000	0	0	6.3	6.3	6.3	60	0	388193	0	0	
MEL	9.6	8	8.8	0	0	0	0	0	0	0	0	0	0	0	8.9	10	9	10	9.2	10	0	0	8.8	0	0	734870	0	0	
BPC	11.8	9.8	10.8	10.1	100	10.2	20	10.3	30	0.9	8.33	11.7	10	10	11.7	10	11.8	260	0	0	11.7	11.7	11.7	0	0	178873	0	0	
MCF	10.2	8.4	9.3	0	0	8.4	10	8.5	100	-0.1	-1.08	9.2	10	340	9.2	10	9.3	80	9.5	50	9.2	8.4	8.58	10	0	426327	0	0	
DPC	11.2	9.2	10.2	9.5	40	9.6	30	10.3	10	0.1	0.98	10.3	90	300	10.4	50	10.5	160	11	20	10.3	10.2	10.27	0	0	106768	0	0	
MPT	1.3	1.1	1.2	0	0	1.1	22820	1.2	11920	0	0	1.2	330	10060	1.3	19280	0	0	0	0	1.2	1.2	1.2	0	0	823184	0	0	
DGC	36.3	29.7	33	33.3	320	33.4	610	33.5	70	0.5	1.52	33.5	500	17660	33.6	250	33.7	290	33.8	230	33.5	32.8	33.19	0	0	6228460	0	0	
BCC	8	6.6	7.3	7.7	930	7.8	760	7.9	2290	0.7	9.59	8	60	73690	8	5940	0	0	0	0	8	7	7.92	0	0	4905886	0	0	
HLY	49	40.2	44.6	0	0	0	0	0	0	0	0	0	0	0	0	0	0	0	0	0	0	0	44.6	0	0	43044	0	0	
SLS	59.5	48.7	54.1	53.1	20	53.5	40	54	10	0.5	0.92	54.6	10	940	54.5	10	54.6	90	54.7	20	54.6	53	53.9	0	0	443620	0	0	
SGC	59	48.4	53.7	54.6	40	55.5	20	55.6	10	3.3	6.15	57	10	10	58	10	59	10	0	0	57	57	57	0	0	343746	0	0	
TSB	7.7	6.3	7	0	0	0	0	0	0	0	0	7	20	20	0	0	0	0	0	0	7	7	7	0	0	330508	0	0	
PSW	7.3	6.1	6.7	0	0	0	0	6.1	100	0	0	0	0	0	7.3	60	0	0	0	0	0	0	6.7	0	0	817960	0	0	
PSE	8.6	7.2	7.9	0	0	0	0	7.2	50	-0.7	-8.86	7.2	10	450	8.4	40	8.6	50	0	0	7.2	7.2	7.2	0	0	556000	0	0	
EBA	9.9	8.1	9	8.1	10	9	30	9.9	60	0	0	0	0	0	0	0	0	0	0	0	0	0	9	0	0	1550000	0	0	
TNG	15.5	12.7	14.1	14.3	11200	14.4	16950	14.5	3800	0.4	2.84	14.5	10	307230	14.6	9050	14.7	16440	14.8	12770	14.8	14	14.35	100	2690	2767323	0	0	
BCF	59.4	48.6	54	0	0	0	0	0	0	0	0	0	0	0	53	70	54	100	55	20	0	0	54	0	0	0	0	0	
SFN	28	23	25.5	0	0	0	0	23	10	0	0	0	0	0	28	10	0	0	0	0	0	0	25.5	0	0	144576	0	0	
TFC	5	4.2	4.6	0	0	4.3	370	4.4	110	-0.2	-4.35	4.4	10	10	4.7	10	4.8	10	4.9	140	4.4	4.4	4.4	10	0	284979	0	0	
KSK	0.3	0.1	0.2	0	0	0	0	0	0	0	0	0	0	0	0	0	0	0	0	0	0	0	0.2	0	0	1167342	0	0	
KSD	6.9	5.7	6.3	0	0	0	0	0	0	0	0	0	0	0	6.3	240	6.5	280	6.7	330	0	0	6.3	0	0	579770	0	0	
INN	28.3	23.3	25.8	25	270	25.2	180	25.3	110	-0.2	-0.78	25.6	10	1440	25.6	210	25.7	50	25.9	250	26.2	25.3	25.49	20	0	706541	0	0	
HNM	4.9	4.1	4.5	0	0	0	0	0	0	0	0	0	0	0	0	0	0	0	0	0	0	0	4.5	0	0	963835	0	0	
LAS	7	5.8	6.4	6.2	7700	6.3	6700	6.4	6570	0.2	3.12	6.6	100	27390	6.6	3610	6.7	3390	6.8	3380	6.6	6.4	6.47	0	0	5323506	0	0	
NFC	6.2	5.2	5.7	0	0	0	0	0	0	0	0	0	0	0	0	0	0	0	0	0	0	0	5.7	0	0	770591	0	0	
NSH	1.4	1.2	1.3	0	0	1.2	8750	1.3	460	0.1	7.69	1.4	10	760	1.4	9490	0	0	0	0	1.4	1.3	1.3	0	90	1010628	0	0	
LO5	1.3	1.1	1.2	0	0	0	0	1.1	290	0	0	0	0	0	1.3	2440	0	0	0	0	0	0	1.2	0	0	250399	0	0	
L61	14.1	11.7	12.9	0	0	0	0	0	0	0	0	0	0	0	11.7	50	12.5	70	13	20	0	0	12.9	0	0	0	0	0	
L62	7.7	6.3	7	0	0	0	0	0	0	0	0	0	0	0	0	0	0	0	0	0	0	0	7	0	0	0	0	0	
CAN	25.9	21.3	23.6	21.3	20	21.6	40	22	40	-2	-8.47	21.6	10	10	25.9	40	0	0	0	0	21.6	21.6	21.6	0	0	123068	0	0	
CAP	33	27	30	28.5	130	29	50	29.2	40	-0.7	-2.33	29.3	50	1660	29.3	10	29.6	110	29.7	100	30	29.3	29.73	0	0	247998	0	0	
SSM	7.9	6.5	7.2	0	0	0	0	0	0	0	0	0	0	0	7.2	490	7.8	150	7.9	80	0	0	7.2	0	0	248263	0	0	
MAC	5.3	4.5	4.9	0	0	4.5	80	4.6	10	0	0	0	0	0	4.8	10	4.9	400	5	510	0	0	4.9	0	0	713274	0	0	
BXH	15.9	13.1	14.5	0	0	0	0	0	0	0	0	0	0	0	0	0	0	0	0	0	0	0	14.5	0	0	147589	0	0	
HOM	3.4	2.8	3.1	3	6000	3.1	3430	3.2	5230	0.2	6.45	3.3	20	8540	3.3	4030	3.4	5510	0	0	3.3	3	3.17	0	0	3454940	0	0	
BBS	12.6	10.4	11.5	0	0	0	0	0	0	0	0	0	0	0	11.4	90	12	210	0	0	0	0	11.5	0	0	291494	0	0	
DNP	18.7	15.3	17	15.9	220	16	680	16.1	1500	0	0	0	0	0	16.9	70	17	510	17.2	2100	0	0	17	0	0	3019808	0	0	
DNC	61.3	50.3	55.8	0	0	0	0	0	0	0	0	0	0	0	61	20	61.3	20	0	0	0	0	55.8	0	0	200562	0	0	
DNY	1.9	1.7	1.8	0	0	0	0	1.7	500	0	0	0	0	0	0	0	0	0	0	0	0	0	1.8	0	0	1294172	0	0	
