HNXMSCAP
140.58
-0.36	-0.26
9163100	40.89	
HJS	26.4	21.6	24	21.6	110	22.1	50	23	200	-1	-4.17	23	40	140	24.5	100	24.9	10	25	10	23	23	23	0	0	1027132	0	0	
NGC	3.3	2.7	3	0	0	0	0	0	0	-0.3	-10	2.7	10	10	2.7	170	3	80	3.3	50	2.7	2.7	2.7	0	0	81496	0	0	
TSB	7.7	6.3	7	0	0	0	0	0	0	0	0	0	0	0	0	0	0	0	0	0	0	0	7	0	0	330508	0	0	
L43	2.9	2.5	2.7	0	0	0	0	0	0	0	0	0	0	0	2.7	520	2.9	150	0	0	0	0	2.7	0	0	171450	0	0	
VHE	6.8	5.6	6.2	5.7	180	5.8	50	5.9	50	-0.2	-3.23	6	10	220	6.2	640	6.3	500	6.4	570	6.2	6	6.05	0	0	0	0	0	
CSC	24.5	20.1	22.3	21.5	50	21.8	10	22	110	-0.2	-0.9	22.1	10	130	22.5	20	22.6	30	23	100	22.1	22	22.03	0	0	942189	0	0	
VXB	6.3	5.3	5.8	0	0	0	0	5.3	130	-0.5	-8.62	5.3	10	10	6.2	20	6.3	100	0	0	5.3	5.3	5.3	0	0	198381	0	0	
SSM	7.9	6.5	7.2	0	0	0	0	0	0	0	0	0	0	0	7.8	150	7.9	80	0	0	0	0	7.2	0	0	248263	0	0	
LUT	1.9	1.7	1.8	0	0	0	0	0	0	0	0	0	0	0	1.7	70	1.8	150	1.9	170	0	0	1.8	0	0	732722	0	0	
CTC	3.3	2.7	3	3	3600	3.1	20	3.3	10	0.3	10	3.3	20	200	0	0	0	0	0	0	3.3	3.3	3.3	0	0	430569	0	0	
FID	1.1	0.9	1	0	0	0	0	0.9	1160	-0.1	-10	0.9	150	150	1	1230	1.1	3270	0	0	0.9	0.9	0.9	0	0	1153266	0	0	
STP	7.1	5.9	6.5	0	0	0	0	6	10	0	0	0	0	0	6.4	100	6.5	110	0	0	0	0	6.5	0	0	388253	0	0	
KTT	4.5	3.7	4.1	0	0	0	0	0	0	0	0	0	0	0	4.1	10	0	0	0	0	0	0	4.1	0	0	143424	0	0	
KTS	9.3	7.7	8.5	7.7	20	8	200	8.1	10	-0.3	-3.53	8.2	10	10	9	140	0	0	0	0	8.2	8.2	8.2	0	0	192493	0	0	
CTP	3.3	2.7	3	0	0	2.8	110	2.9	40	0	0	3	10	100	3	1330	3.1	50	3.3	100	3	2.8	2.82	0	0	583701	0	0	
SCI	15.4	12.6	14	13.2	800	13.5	450	13.6	970	-0.3	-2.14	13.7	500	27470	13.8	300	13.9	590	14	1180	14.5	13.5	13.78	0	0	592894	0	0	
STC	17	14	15.5	0	0	14.1	10	14.6	60	0.5	3.23	16	10	20	16	10	17	420	0	0	16	14.7	15.35	0	0	245841	0	0	
S55	25.3	20.7	23	20.7	100	22	30	22.5	170	0	0	23	200	200	23.8	40	24.5	800	24.6	100	23	23	23	0	0	485782	0	0	
SED	15.4	12.6	14	13.6	20	13.7	10	13.8	20	0.1	0.71	14.1	60	200	14	100	14.1	40	14.2	10	14.1	14	14.03	0	160	335809	0	0	
EID	11.6	9.6	10.6	10.4	300	10.5	210	10.6	10	0	0	10.6	10	490	10.7	50	10.8	510	10.9	10	10.6	10.5	10.5	60	80	391585	0	0	
THB	9.1	7.5	8.3	7.5	130	7.8	100	8	100	0.6	7.23	8.9	10	10	8.9	30	9	160	9.1	100	8.9	8.9	8.9	0	0	513483	0	0	
BTW	53.9	44.1	49	0	0	0	0	0	0	0	0	0	0	0	45.5	20	49	210	0	0	0	0	49	0	0	265131	0	0	
BTS	4.5	3.7	4.1	0	0	3.7	60	4	60	-0.1	-2.44	4	40	40	4.1	10	4.2	160	4.3	20	4	4	4	0	0	5863673	0	0	
SGD	10	8.2	9.1	9.1	20	9.2	10	9.5	70	0	0	0	0	0	9.9	20	10	10	0	0	0	0	9.1	0	0	196843	0	0	
VMC	11	9	10	9.1	100	9.6	110	9.7	40	-0.3	-3	9.7	10	230	9.8	250	9.9	100	10	550	9.8	9.7	9.8	0	0	921000	0	0	
LIG	3.5	2.9	3.2	0	0	2.9	4940	3	9000	-0.2	-6.25	3	10	3750	3.1	2690	3.2	3820	3.3	1000	3.2	3	3.11	0	0	2136093	0	0	
QST	12.7	10.5	11.6	0	0	0	0	0	0	0	0	0	0	0	0	0	0	0	0	0	0	0	11.6	0	0	79380	0	0	
THT	8.6	7.2	7.9	7.7	510	7.8	1600	7.9	660	0.1	1.27	8	90	2250	8	1690	8.3	1200	8.4	40	8	7.9	7.98	0	0	726556	0	0	
THS	7.9	6.5	7.2	0	0	0	0	0	0	0	0	0	0	0	0	0	0	0	0	0	0	0	7.2	0	0	146790	0	0	
DID	5.5	4.5	5	0	0	0	0	0	0	0	0	0	0	0	4.5	250	0	0	0	0	0	0	5	0	0	389730	0	0	
SFN	28	23	25.5	0	0	0	0	23	10	0	0	0	0	0	27	100	28	10	0	0	0	0	25.5	0	0	144576	0	0	
SHE	19.8	16.2	18	17.5	100	17.6	50	18	300	0	0	0	0	0	18.5	100	19	500	19.8	720	0	0	18	0	0	229040	0	0	
ITQ	2.7	2.3	2.5	0	0	2.3	11690	2.4	5250	0	0	2.5	10	6970	2.5	7410	2.6	11630	2.7	5440	2.5	2.4	2.42	0	0	1165771	0	0	
HTC	25.8	21.2	23.5	0	0	21.5	60	23	50	0	0	0	0	0	25.1	10	25.6	10	0	0	0	0	23.5	0	0	524030	0	0	
PSW	7.3	6.1	6.7	0	0	0	0	0	0	0	0	0	0	0	7.3	60	0	0	0	0	0	0	6.7	0	0	817960	0	0	
CIA	12.9	10.7	11.8	11.3	200	11.4	150	11.5	530	-0.1	-0.85	11.7	130	530	11.8	780	11.9	120	12	40	11.8	11.7	11.75	0	0	565434	0	0	
PSI	2.5	2.1	2.3	0	0	2.1	10	2.3	10	0	0	0	0	0	2.4	20	2.5	20	0	0	0	0	2.3	0	0	2039450	0	0	
PTS	5.6	4.6	5.1	4.6	600	4.8	70	4.9	10	0	0	5.1	100	100	5.2	90	0	0	0	0	5.1	5.1	5.1	0	0	260283	0	0	
SJ1	27.5	22.5	25	0	0	0	0	0	0	0	0	0	0	0	22.5	620	26.5	10	0	0	0	0	25	0	0	1029806	0	0	
HTP	8.8	7.2	8	7.3	60	7.4	30	8	180	0	0	0	0	0	0	0	0	0	0	0	0	0	8	0	0	88044	0	0	
WSS	1.9	1.7	1.8	0	0	0	0	1.7	1280	-0.1	-5.56	1.7	170	570	1.8	200	1.9	190	0	0	1.8	1.7	1.74	0	50	2346830	0	0	
BII	0.8	0.6	0.7	0	0	0.6	104780	0.7	90	0	0	0.7	200	1880	0.8	49200	0	0	0	0	0.8	0.7	0.7	0	0	2470175	0	0	
PVE	2.8	2.4	2.6	0	0	0	0	0	0	0	0	0	0	0	0	0	0	0	0	0	0	0	2.6	0	0	925951	0	0	
CLH	20	16.4	18.2	16.5	100	16.6	30	16.7	10	0	0	18.2	100	110	18.1	1280	18.2	10	18.9	10	19.9	18.2	18.35	0	0	488530	0	0	
PEN	5	4.2	4.6	4.2	290	4.6	30	5	50	0	0	0	0	0	0	0	0	0	0	0	0	0	4.6	0	0	245000	0	0	
VC7	7	5.8	6.4	0	0	0	0	0	0	0.1	1.56	6.5	200	830	6.4	110	6.5	3790	6.7	20	6.6	6.4	6.5	800	0	1117840	0	0	
DPC	11.2	9.2	10.2	9.6	30	10	100	10.1	10	0.1	0.98	10.3	10	40	10.2	100	10.3	460	11	20	10.3	10.2	10.22	0	0	106768	0	0	
VCC	10.4	8.6	9.5	0	0	9	1000	9.5	500	0.1	1.05	9.6	50	50	9.7	550	10	40	10.3	10	9.6	9.6	9.6	0	0	587210	0	0	
VC2	15	12.4	13.7	0	0	0	0	0	0	-1.2	-8.76	12.5	100	250	14.5	80	14.8	10	15	20	12.5	12.5	12.5	0	0	730378	0	0	
VTL	17.9	14.7	16.3	0	0	0	0	14.7	10	0	0	0	0	0	17.9	10	0	0	0	0	0	0	16.3	0	0	243261	0	0	
TPH	9.3	7.7	8.5	0	0	0	0	8.5	280	0	0	8.5	20	20	0	0	0	0	0	0	8.5	8.5	8.5	0	0	98452	0	0	
BLF	2.8	2.4	2.6	0	0	0	0	2.5	410	0.2	7.69	2.8	10	280	2.8	990	0	0	0	0	2.8	2.5	2.53	0	0	536148	0	0	
SMT	13.8	11.4	12.6	0	0	0	0	0	0	0	0	0	0	0	12.3	60	12.4	100	12.5	130	0	0	12.6	0	0	104756	0	0	
NTH	31.6	26	28.8	0	0	0	0	26.2	30	-0.3	-1.04	28.5	10	20	28.5	130	28.8	50	29	100	28.5	28.5	28.5	0	0	529300	0	0	
VE9	1.4	1.2	1.3	0	0	0	0	1.2	4050	0	0	1.3	10	12240	1.3	4850	1.4	8420	0	0	1.3	1.2	1.2	0	10610	525027	0	0	
PIC	9.7	8.1	8.9	0	0	8.3	50	8.6	20	0	0	8.9	70	70	9.6	80	0	0	0	0	8.9	8.9	8.9	0	0	1633642	0	0	
VDL	28	23	25.5	0	0	0	0	0	0	0	0	0	0	0	23	20	25	10	25.5	160	0	0	25.5	0	0	706295	0	0	
DAD	15.9	13.1	14.5	14	10	14.5	10	14.6	10	1.3	8.97	15.8	10	10	15.8	10	15.9	490	0	0	15.8	15.8	15.8	10	0	94030	0	0	
VE4	5.3	4.5	4.9	0	0	0	0	4.5	30	0.1	2.04	5	100	110	5.3	10	0	0	0	0	5.3	5	5.03	10	0	47582	0	0	
VE1	8.3	6.9	7.6	0	0	0	0	0	0	0	0	0	0	0	8.3	390	0	0	0	0	0	0	7.6	0	0	114226	0	0	
LBE	41.4	34	37.7	0	0	0	0	0	0	0	0	0	0	0	0	0	0	0	0	0	0	0	37.7	0	0	53330	0	0	
DBT	11.8	9.8	10.8	9.8	20	10.1	50	10.3	100	-0.3	-2.78	10.5	90	250	10.5	870	10.8	20	0	0	10.5	10.3	10.41	0	0	0	0	0	
CAN	28.8	23.6	26.2	0	0	0	0	0	0	-2.6	-9.92	23.6	20	50	0	20	23.6	60	26.3	10	23.6	23.6	23.6	0	0	123068	0	0	
CAP	36.9	30.3	33.6	32.8	70	32.9	170	33	50	-0.1	-0.3	33.5	10	1640	33.5	430	33.7	60	33.8	80	33.5	32.7	33.06	0	0	247998	0	0	
HKB	0.9	0.7	0.8	0	0	0	0	0.7	12500	-0.1	-12.5	0.7	800	45830	0.8	46470	0.9	32460	0	0	0.8	0.7	0.7	0	0	2462558	0	0	
VGP	11.8	9.8	10.8	10.8	970	10.9	150	11	10	0.2	1.85	11	90	200	11.4	50	11.6	50	11.7	30	11	10.9	10.99	0	0	386555	0	0	
TTC	13.2	10.8	12	0	0	0	0	10.8	50	0	0	0	0	0	11.9	20	12	60	12.1	100	0	0	12	0	0	259298	0	0	
EVS	9.1	7.5	8.3	0	0	0	0	7.5	30	-0.4	-4.82	7.9	10	3110	7.9	90	8	40	8.3	250	8	7.5	7.5	0	0	6000040	0	0	
VGS	8.8	7.2	8	7.6	600	7.8	300	7.9	1500	0	0	8	50	6620	8.1	2150	8.2	850	8.3	3440	8.1	7.9	8.02	0	0	1997555	0	0	
GKM	19.3	15.9	17.6	17.1	470	17.2	180	17.3	60	0.1	0.57	17.7	20	14330	17.7	180	17.8	960	17.9	790	17.7	17.5	17.61	0	0	729301	0	0	
BBS	12.6	10.4	11.5	0	0	0	0	0	0	0	0	0	0	0	0	0	0	0	0	0	0	0	11.5	0	0	291494	0	0	
BAX	42.5	34.9	38.7	38.5	10	38.6	170	38.7	110	0.3	0.78	39	30	60	39.2	10	39.5	20	39.9	50	39	39	39	0	0	388180	0	0	
L62	7.7	6.3	7	0	0	0	0	0	0	0	0	0	0	0	7.7	300	0	0	0	0	0	0	7	0	0	0	0	0	
SD9	5.7	4.7	5.2	0	0	4.8	300	4.9	40	-0.2	-3.85	5	40	240	5.1	30	5.2	2020	5.5	90	5	5	5	0	0	1436671	0	0	
L61	14.1	11.7	12.9	0	0	0	0	0	0	0	0	0	0	0	11.7	50	13	20	0	0	0	0	12.9	0	0	0	0	0	
SEB	31.3	25.7	28.5	28.5	300	28.6	220	28.8	50	2.5	8.77	31	210	490	31	100	0	0	0	0	31	30	30.54	0	0	1563244	0	0	
KVC	1	0.8	0.9	0	0	0	0	0.8	87850	0	0	0.9	280	62830	0.9	50340	1	60430	0	0	0.9	0.8	0.81	0	0	2272780	0	0	
AAV	5.6	4.6	5.1	4.8	2670	4.9	2550	5	250	-0.1	-1.96	5	100	29330	5.1	1950	5.2	2530	5.3	3560	5.1	4.9	5.03	0	0	0	0	0	
MIM	13.5	11.1	12.3	0	0	0	0	0	0	0	0	0	0	0	0	0	0	0	0	0	0	0	12.3	0	0	165835	0	0	
DXP	11.4	9.4	10.4	9.8	30	9.9	100	10	70	-0.1	-0.96	10.3	10	10	10.4	250	10.5	90	10.7	90	10.3	10.3	10.3	10	0	277967	0	0	
CVN	9.4	7.8	8.6	8.5	130	8.6	300	8.8	20	0.2	2.33	8.8	10	2430	9.3	140	9.4	530	0	0	9.4	8.4	9.12	0	0	404110	0	0	
HAD	16	13.2	14.6	13.6	10	14	250	14.1	110	-0.5	-3.42	14.1	10	830	14.2	220	14.5	470	14.6	170	14.5	14.1	14.27	20	0	156539	0	0	
MKV	11	9	10	0	0	0	0	0	0	0	0	0	0	0	10	540	11	20	0	0	0	0	10	0	0	221284	0	0	
CX8	9.4	7.8	8.6	0	0	0	0	0	0	0	0	0	0	0	8.6	30	0	0	0	0	0	0	8.6	0	0	102786	0	0	
HBE	8.6	7.2	7.9	0	0	0	0	0	0	0	0	0	0	0	7.9	140	0	0	0	0	0	0	7.9	0	0	62866	0	0	
QTC	20.2	16.6	18.4	16.6	50	17.1	10	17.2	10	-0.6	-3.26	17.8	10	10	17.9	30	18	20	18.5	50	17.8	17.8	17.8	0	0	48926	0	0	
ATS	29.3	24.1	26.7	0	0	0	0	0	0	0	0	0	0	0	0	0	0	0	0	0	0	0	26.7	0	0	171480	0	0	
HAT	21.2	17.4	19.3	18.5	30	19	110	19.2	270	-0.1	-0.52	19.2	50	300	19.5	100	19.8	50	20	10	19.5	19.2	19.38	120	0	129412	0	0	
SIC	9.7	8.1	8.9	0	0	0	0	8.1	100	-0.2	-2.25	8.7	250	830	8.7	280	8.8	10	8.9	200	8.7	8.7	8.7	0	0	1168848	0	0	
BXH	15.9	13.1	14.5	0	0	0	0	0	0	0	0	0	0	0	0	0	0	0	0	0	0	0	14.5	0	0	147589	0	0	
PBP	7.1	5.9	6.5	5.9	120	6	230	6.1	90	-0.4	-6.15	6.1	10	10	6.5	40	6.6	110	6.9	300	6.1	6.1	6.1	0	0	231111	0	0	
VNT	61.2	50.2	55.7	53.5	20	55.6	10	55.7	500	1.7	3.05	57.4	10	1010	57.5	100	60	100	61.2	50	57.4	55.7	55.72	0	0	410950	0	0	
C92	10.1	8.3	9.2	0	0	0	0	0	0	0	0	0	0	0	8.3	500	10	50	10.1	90	0	0	9.2	0	0	258285	0	0	
HBS	2	1.8	1.9	0	0	1.8	3370	1.9	70	0.1	5.26	2	10	1340	2	2160	0	0	0	0	2	1.9	1.9	0	0	1594625	0	0	
SJC	0.7	0.5	0.6	0.6	3350	0.7	830	0	20090	0.1	16.67	0.7	10	35390	0	0	0	0	0	0	0.7	0.5	0.6	0	0	350709	0	0	
TKU	14	11.6	12.8	0	0	0	0	0	0	0	0	0	0	0	12.4	200	12.5	310	12.7	300	0	0	12.8	0	0	53736	0	0	
CJC	18.8	15.4	17.1	0	0	0	0	0	0	0	0	0	0	0	17.5	560	0	0	0	0	0	0	17.1	0	0	194710	0	0	
NBC	6.8	5.6	6.2	5.8	3000	6	1720	6.1	680	0	0	6.2	40	3560	6.2	3960	6.3	6960	6.4	6720	6.3	6.1	6.13	0	0	1525740	0	0	
NAP	14.3	11.7	13	0	0	0	0	0	0	0	0	0	0	0	0	0	0	0	0	0	0	0	13	0	0	1054342	0	0	
MAC	5	4.2	4.6	4.4	50	4.5	80	4.6	10	0.1	2.17	4.7	10	10	5	490	0	0	0	0	4.7	4.7	4.7	0	0	713274	0	0	
SMN	9.5	7.9	8.7	7.9	70	8	20	8.1	10	0	0	0	0	0	8.7	190	8.9	140	9.4	100	0	0	8.7	0	0	211355	0	0	
NBP	13.2	10.8	12	0	0	0	0	11.2	40	0	0	12	10	10	12	40	12.2	200	12.4	50	12	12	12	0	0	530279	0	0	
BKC	6.4	5.4	5.9	5.4	100	5.5	50	5.6	30	0	0	0	0	0	6.4	100	0	0	0	0	0	0	5.9	0	0	573668	0	0	
VSA	18.7	15.3	17	0	0	0	0	15.5	10	0	0	0	0	0	17.5	50	17.9	150	18.2	10	0	0	17	0	0	635133	0	0	
NBW	32.8	27	29.9	0	0	0	0	0	0	2.8	9.36	32.7	10	10	29	100	29.9	50	31	20	32.7	32.7	32.7	0	0	225960	0	0	
HHP	12.9	10.7	11.8	11.4	1240	11.5	1610	11.6	410	-0.1	-0.85	11.7	10	18610	11.7	450	11.8	380	11.9	550	12	11.5	11.71	0	0	851793	0	0	
VTJ	5.9	4.9	5.4	0	0	0	0	0	0	-0.5	-9.26	4.9	10	10	4.9	40	5.4	50	5.9	150	4.9	4.9	4.9	0	0	558430	0	0	
VTH	11.5	9.5	10.5	0	0	0	0	0	0	0	0	0	0	0	0	0	0	0	0	0	0	0	10.5	0	0	243990	0	0	
VTV	6.9	5.7	6.3	6	100	6.1	400	6.3	160	0	0	0	0	0	6.8	30	6.9	110	0	0	0	0	6.3	0	0	1522519	0	0	
EBS	7.7	6.3	7	6.4	30	6.8	10	6.9	200	0	0	0	0	0	7.1	100	7.2	210	7.4	100	0	0	7	0	0	415310	0	0	
VTS	34.7	28.5	31.6	0	0	0	0	0	0	0	0	0	0	0	28.5	890	31.6	10	0	0	0	0	31.6	0	0	52936	0	0	
MAS	38.7	31.7	35.2	34.6	80	35	60	35.2	110	2.6	7.39	37.8	10	30	37.9	30	38	70	0	0	37.8	35.2	36.07	0	0	163626	0	0	
HHG	1.2	1	1.1	0	0	1	14800	1.1	1260	0	0	1.1	50	4810	1.2	8190	0	0	0	0	1.1	1.1	1.1	0	0	1652328	0	0	
VTC	11	9	10	0	0	9	60	10	20	0	0	10	10	10	10.3	10	10.4	570	11	10	10	10	10	0	0	169242	0	0	
EBA	9.9	8.1	9	8.2	10	9	30	9.9	70	0	0	0	0	0	0	0	0	0	0	0	0	0	9	0	0	1550000	0	0	
DAE	15.4	12.6	14	13.4	20	13.6	20	13.7	10	0	0	0	0	0	14.3	50	14.4	10	14.5	150	0	0	14	0	0	61012	0	0	
VE3	6.7	5.5	6.1	0	0	0	0	0	0	-0.6	-9.84	5.5	90	200	0	6470	5.8	10	5.9	100	5.5	5.5	5.5	0	0	56589	0	0	
PVX	0.9	0.7	0.8	0	0	0	0	0.7	486830	-0.1	-12.5	0.7	50	153920	0.8	4060	0.9	361230	0	0	0.9	0.7	0.79	0	7842	19346783	0	0	
PVC	5.9	4.9	5.4	5	4460	5.1	8370	5.2	5560	-0.1	-1.85	5.3	100	23170	5.3	2150	5.4	2830	5.5	6310	5.4	5.2	5.27	1350	0	1888524	0	0	
PVB	15.6	12.8	14.2	13.5	620	13.6	750	13.7	310	-0.4	-2.82	13.8	10	18380	13.8	260	13.9	1060	14	200	14.4	13.8	14.02	0	0	1057591	0	0	
PVL	1.2	1	1.1	0	0	0	0	1	1980	0.1	9.09	1.2	10	4680	1.2	10130	0	0	0	0	1.2	1	1.1	0	0	2376859	0	0	
PVG	7.5	6.3	6.9	6.6	2600	6.7	1600	6.8	2190	-0.1	-1.45	6.8	60	1060	6.9	3000	7	7380	7.3	1020	6.9	6.8	6.85	0	0	1762139	0	0	
PJC	27.2	22.4	24.8	0	0	0	0	0	0	0	0	0	0	0	24.8	10	27.2	50	0	0	0	0	24.8	0	0	351308	0	0	
TBX	24.5	20.1	22.3	0	0	0	0	0	0	0	0	0	0	0	0	0	0	0	0	0	0	0	22.3	0	0	73981	0	0	
SAF	55	45	50	48.8	20	48.9	20	49	20	0	0	0	0	0	52.7	10	52.8	10	53	30	0	0	50	0	0	359611	0	0	
TV3	31.5	25.9	28.7	0	0	25.9	10	26	10	0	0	0	0	0	31	10	31.2	10	31.4	10	0	0	28.7	0	0	405465	0	0	
TVD	7.4	6.2	6.8	6.5	220	6.6	10	6.7	80	-0.1	-1.47	6.7	10	1910	6.8	820	6.9	20	7	1910	6.8	6.7	6.75	0	0	2190390	0	0	
VKC	2.8	2.4	2.6	0	0	2.4	1930	2.5	650	-0.1	-3.85	2.5	100	110	2.6	2990	2.7	5870	2.8	1430	2.6	2.5	2.51	0	0	695533	0	0	
SVN	1.6	1.4	1.5	0	0	1.4	1280	1.5	2000	0	0	1.5	10	6710	1.6	10	0	0	0	0	1.6	1.4	1.59	20	0	858910	0	0	
PV2	2.7	2.3	2.5	0	0	0	0	2.4	30	0	0	0	0	0	2.6	1130	2.7	1500	0	0	0	0	2.5	0	0	1828500	0	0	
VE8	9.9	8.1	9	0	0	0	0	0	0	0	0	0	0	0	9.2	10	9.5	100	0	0	0	0	9	0	0	87680	0	0	
HLY	49	40.2	44.6	0	0	0	0	0	0	0	0	0	0	0	44.6	10	0	0	0	0	0	0	44.6	0	0	43044	0	0	
HLD	19.9	16.3	18.1	17.9	150	18	490	18.1	110	0	0	18.1	30	600	18.3	40	18.4	150	18.5	60	18.2	18.1	18.13	0	50	808594	0	0	
HLC	8	6.6	7.3	0	0	7.2	50	7.3	50	0	0	0	0	0	7.4	10	7.5	20	7.7	20	0	0	7.3	0	0	1102303	0	0	
ICG	5.8	4.8	5.3	5	50	5.1	130	5.2	50	0	0	5.3	50	650	5.3	200	5.4	190	5.5	310	5.5	5.1	5.16	50	0	844974	0	0	
KHS	12.7	10.5	11.6	0	0	11	110	11.1	100	0	0	0	0	0	12.7	1250	0	0	0	0	0	0	11.6	0	0	584856	0	0	
HCC	11.6	9.6	10.6	10.2	50	10.3	40	10.4	50	-0.1	-0.94	10.5	50	150	10.6	70	10.7	260	10.8	50	10.5	10.5	10.5	0	0	221080	0	0	
HCT	11.9	9.9	10.9	0	0	0	0	0	0	0.1	0.92	11	10	260	11	170	11.9	10	0	0	11	9.9	9.94	0	220	42362	0	0	
VAT	1.7	1.5	1.6	0	0	0	0	1.5	3240	-0.1	-6.25	1.5	280	4790	1.6	7600	1.7	8440	0	0	1.6	1.5	1.5	0	0	199108	0	0	
TA9	9.5	7.9	8.7	8.1	60	8.2	130	8.3	60	0	0	8.7	250	250	8.7	50	8.8	150	9.4	10	8.7	8.7	8.7	0	0	579042	0	0	
ALT	13	10.8	11.9	0	0	0	0	10.8	30	0	0	0	0	0	13	200	0	0	0	0	0	0	11.9	0	0	282665	0	0	
MCO	1.9	1.7	1.8	0	0	1.7	170	1.8	1560	0.1	5.56	1.9	10	40	0	0	0	0	0	0	1.9	1.8	1.82	0	0	192771	0	0	
LCD	7.4	6.2	6.8	0	0	0	0	6.2	10	0	0	0	0	0	0	0	0	0	0	0	0	0	6.8	0	0	73500	0	0	
LCS	2.3	1.9	2.1	0	0	1.9	600	2	1830	0.2	9.52	2.3	10	3630	0	0	0	0	0	0	2.3	1.9	2	0	0	371890	0	0	
VIE	6.7	5.5	6.1	0	0	0	0	0	0	0	0	0	0	0	0	0	0	0	0	0	0	0	6.1	0	0	100079	0	0	
APS	2.5	2.1	2.3	0	0	0	0	2.1	620	-0.1	-4.35	2.2	10	10	2.2	170	2.3	1930	2.4	390	2.2	2.2	2.2	0	0	2750605	0	0	
CTT	10.5	8.7	9.6	0	0	8.8	300	9.6	140	0	0	9.6	160	160	0	0	0	0	0	0	9.6	9.6	9.6	0	0	228970	0	0	
APP	5	4.2	4.6	0	0	4.2	60	4.4	40	0	0	4.6	40	40	4.6	70	0	0	0	0	4.6	4.6	4.6	0	40	226401	0	0	
BCF	59.4	48.6	54	0	0	0	0	0	0	0	0	0	0	0	54	130	56	70	59	10	0	0	54	0	0	0	0	0	
HPM	14.1	11.7	12.9	0	0	0	0	0	0	0	0	12.9	10	10	11.7	90	0	0	0	0	12.9	12.9	12.9	0	0	179520	0	0	
DZM	2.5	2.1	2.3	2.4	2000	2.5	6500	0	1550	0.2	8.7	2.5	10	730	0	0	0	0	0	0	2.5	2.4	2.49	0	0	209329	0	0	
DNY	2	1.8	1.9	0	0	1.8	300	1.9	10	0.1	5.26	2	490	5420	2	10	0	0	0	0	2	1.8	1.94	0	3410	1294172	0	0	
TMX	16.8	13.8	15.3	0	0	0	0	13.8	10	0	0	0	0	0	15.3	20	16.8	30	0	0	0	0	15.3	0	0	244851	0	0	
CLM	17.6	14.4	16	0	0	14.6	50	14.7	20	0	0	0	0	0	17	10	17.5	50	0	0	0	0	16	0	0	0	0	0	
MCF	10.2	8.4	9.3	0	0	8.4	50	8.5	10	0	0	0	0	0	9	20	9.2	30	9.3	220	0	0	9.3	0	0	426337	0	0	
ECI	17.6	14.4	16	0	0	0	0	0	0	0	0	0	0	0	0	0	0	0	0	0	0	0	16	0	0	81210	0	0	
CPC	17.1	14.1	15.6	0	0	0	0	14.2	50	0	0	15.6	10	20	15.6	10	15.7	10	16	10	15.6	15.6	15.6	0	0	127977	0	0	
L18	9.9	8.1	9	0	0	0	0	0	0	0	0	0	0	0	9.2	290	9.3	100	9.9	500	0	0	9	0	0	1124694	0	0	
DC4	15.2	12.6	13.9	0	0	0	0	0	0	0	0	0	0	0	14	80	14.4	10	14.5	120	0	0	13.9	0	0	1468583	0	0	
DC2	6.8	5.6	6.2	0	0	6	1500	6.1	320	0.3	4.84	6.5	10	10	6.5	990	6.7	10	0	0	6.5	6.5	6.5	0	0	123460	0	0	
BPC	13	10.8	11.9	0	0	0	0	10.8	40	0	0	0	0	0	11.9	20	13	120	0	0	0	0	11.9	0	0	178873	0	0	
NHC	38.1	31.3	34.7	0	0	0	0	0	0	0	0	0	0	0	34	200	34.6	50	35	480	0	0	34.7	0	0	97297	0	0	
TFC	4.9	4.1	4.5	0	0	4.1	430	4.2	460	-0.2	-4.44	4.3	10	130	4.3	80	4.6	30	4.7	60	4.3	4.2	4.22	80	0	284999	0	0	
ACM	0.7	0.5	0.6	0	0	0	0	0.5	62180	-0.1	-16.67	0.5	2500	12020	0.6	123520	0.7	57690	0	0	0.6	0.5	0.5	0	0	2471768	0	0	
PCG	5.6	4.6	5.1	0	0	0	0	4.6	30	0	0	0	0	0	5.1	1380	0	0	0	0	0	0	5.1	0	0	29438	0	0	
PCE	6.9	5.7	6.3	6.3	20	6.9	500	0	20	0	0	0	0	0	0	0	0	0	0	0	0	0	6.3	0	0	450880	0	0	
SZB	35.2	28.8	32	30	2030	31	90	31.5	510	0	0	32	10	2140	32	10	32.5	500	33	1030	32	31.5	32	0	0	1470000	0	0	
HDA	8.9	7.3	8.1	7.8	2110	7.9	1880	8	890	-0.1	-1.23	8	1000	24790	8.1	350	8.2	270	8.3	470	8.2	8	8.09	0	0	498057	0	0	
PCT	5.6	4.6	5.1	4.6	30	4.7	40	4.8	50	0	0	5.1	10	100	5.1	240	5.5	20	5.6	40	5.1	5.1	5.1	0	0	1099770	0	0	
NAG	4.7	3.9	4.3	4	1020	4.1	930	4.2	600	0	0	4.3	2200	2950	4.3	2370	4.4	440	4.5	330	4.4	4.2	4.31	0	0	710567	0	0	
VBC	20.4	16.8	18.6	0	0	0	0	16.8	110	-1.6	-8.6	17	10	10	17.5	10	18.6	100	0	0	17	17	17	0	0	349843	0	0	
SLS	60	49.2	54.6	53	100	53.1	110	53.2	30	-0.6	-1.1	54	10	460	54.3	10	54.4	10	54.5	40	54.4	53	53.08	0	0	443620	0	0	
DP3	90.6	74.2	82.4	84	130	85	140	85.2	20	2.9	3.52	85.3	10	2050	85.4	10	85.5	20	86.5	100	90.6	83.5	86.54	10	0	417194	0	0	
DPS	0.4	0.2	0.3	0	0	0	0	0.2	109520	-0.1	-33.33	0.2	400	31480	0.3	106950	0.4	67380	0	0	0.3	0.2	0.2	0	20	1511101	0	0	
D11	19.8	16.2	18	19.6	120	19.8	230	0	50	1.8	10	19.8	50	970	0	0	0	0	0	0	19.8	19	19.5	0	0	320442	0	0	
SPI	1.2	1	1.1	0	0	0	0	1	31710	0	0	1.1	10	11850	1.1	5080	1.2	28790	0	0	1.2	1	1.1	0	0	802505	0	0	
TC6	4.6	3.8	4.2	3.9	350	4	750	4.1	560	0	0	4.2	50	1850	4.2	270	4.3	700	4.4	50	4.2	4.1	4.17	0	0	1494371	0	0	
TV4	12.2	10	11.1	10.6	10	10.8	150	10.9	100	0	0	11.1	70	160	11.1	30	11.2	600	11.3	100	11.1	11.1	11.1	0	0	774742	0	0	
POT	15.7	12.9	14.3	0	0	0	0	13	40	-1.3	-9.09	13	10	30	13.9	350	15	560	0	0	13.7	13	13.23	0	0	950192	0	0	
PPP	17.7	14.5	16.1	0	0	0	0	0	0	-1.1	-6.83	15	10	10	14.9	60	15	200	15.5	1040	15	15	15	0	0	423057	0	0	
VLA	12.7	10.5	11.6	0	0	0	0	0	0	0	0	0	0	0	0	0	0	0	0	0	0	0	11.6	0	0	46370	0	0	
PPS	7.1	5.9	6.5	6.3	20	6.4	20	6.5	70	0	0	0	0	0	6.9	40	7	70	7.1	2690	0	0	6.5	0	0	199738	0	0	
RCL	14.3	11.7	13	12.6	30	12.7	200	12.8	120	0.4	3.08	13.4	10	700	13.4	1010	0	0	0	0	13.4	13	13.01	0	690	475591	0	0	
PPE	6.1	5.1	5.6	0	0	0	0	5.1	320	-0.5	-8.93	5.1	180	190	0	0	0	0	0	0	5.1	5.1	5.1	0	0	97470	0	0	
S74	4.7	3.9	4.3	0	0	0	0	4.3	300	0	0	0	0	0	4.7	50	0	0	0	0	0	0	4.3	0	0	308588	0	0	
PPY	29	23.8	26.4	0	0	0	0	0	0	0	0	0	0	0	0	0	0	0	0	0	0	0	26.4	0	0	403666	0	0	
CKV	15.4	12.6	14	12.7	40	13.5	80	13.6	10	0	0	0	0	0	14	210	15.4	60	0	0	0	0	14	0	0	145057	0	0	
V12	11.4	9.4	10.4	0	0	0	0	0	0	0	0	0	0	0	10.8	30	0	0	0	0	0	0	10.4	0	0	285032	0	0	
WCS	189.2	154.8	172	165	20	166.5	10	166.6	10	-5.5	-3.2	166.5	10	30	168.5	30	172	20	173	10	167	166.5	166.7	0	0	56547	0	0	
HVT	40.7	33.3	37	0	0	0	0	0	0	0	0	37	10	10	37	100	0	0	0	0	37	37	37	0	0	518626	0	0	
VC9	11	9	10	0	0	0	0	0	0	0	0	0	0	0	0	0	0	0	0	0	0	0	10	0	0	556625	0	0	
VC6	7.9	6.5	7.2	6.5	30	7.4	50	7.5	150	0.4	5.56	7.6	100	220	7.9	10	0	0	0	0	7.6	7.5	7.55	0	0	311542	0	0	
VC1	12.7	10.5	11.6	0	0	0	0	0	0	0	0	0	0	0	11.6	10	12	10	12.7	170	0	0	11.6	0	0	557269	0	0	
FDT	42.6	35	38.8	0	0	0	0	0	0	0	0	0	0	0	0	0	0	0	0	0	0	0	38.8	0	0	149670	0	0	
TPP	13.3	10.9	12.1	0	0	0	0	0	0	0	0	0	0	0	13.3	10	0	0	0	0	0	0	12.1	0	0	971887	0	0	
VCM	17.6	14.4	16	15.3	50	16	110	16.1	40	1.6	10	17.6	20	20	0	0	0	0	0	0	17.6	17.6	17.6	0	0	0	0	0	
MDC	7.4	6.2	6.8	0	0	0	0	6.4	100	0	0	0	0	0	7.4	500	0	0	0	0	0	0	6.8	0	0	676439	0	0	
AMC	21.2	17.4	19.3	0	0	0	0	18	10	-1.2	-6.22	18.1	10	10	0	0	0	0	0	0	18.1	18.1	18.1	0	0	128530	0	0	
MEC	0.7	0.5	0.6	0	0	0	0	0.5	3780	-0.1	-16.67	0.5	170	1710	0.6	2760	0.7	11350	0	0	0.6	0.5	0.5	0	0	340608	0	0	
HKT	4.4	3.6	4	3.6	400	3.7	430	3.8	100	-0.2	-5	3.8	10	50	4.3	20	4.4	220	0	0	3.8	3.8	3.8	0	0	298207	0	0	
LDP	22	18	20	0	0	0	0	18.1	10	0	0	0	0	0	20	20	20.9	10	21	500	0	0	20	0	0	0	0	0	
TCS	9	7.4	8.2	8	1730	8.2	890	8.3	120	0.8	9.76	9	130	4170	9	2490	0	0	0	0	9	8.3	8.45	0	0	1178283	0	0	
HMH	9.5	7.9	8.7	8	500	8.1	100	8.3	200	-0.1	-1.15	8.6	10	220	8.7	100	8.9	90	9.3	60	8.6	8.6	8.6	220	0	391712	0	0	
KDM	2	1.8	1.9	0	0	1.8	990	1.9	170	0	0	0	0	0	2	2380	0	0	0	0	0	0	1.9	0	0	345553	0	0	
API	10.8	9	9.9	9.5	10	9.6	10	9.7	10	0.7	7.07	10.6	10	220	10.7	10	10.8	50	0	0	10.6	9.8	9.84	0	0	177107	0	0	
HNM	4.9	4.1	4.5	0	0	0	0	0	0	0	0	0	0	0	0	0	0	0	0	0	0	0	4.5	0	0	963835	0	0	
ARM	32.5	26.7	29.6	0	0	26.8	20	27	10	0	0	0	0	0	0	0	0	0	0	0	0	0	29.6	0	0	126933	0	0	
ONE	3.5	2.9	3.2	3	700	3.1	210	3.2	1050	0	0	0	0	0	3.3	30	3.4	300	3.5	450	0	0	3.2	0	0	321976	0	0	
SGC	63.3	51.9	57.6	52.1	120	53	10	53.2	500	0	0	0	0	0	0	0	0	0	0	0	0	0	57.6	0	0	343746	0	0	
DIH	16.6	13.6	15.1	0	0	0	0	0	0	0	0	0	0	0	0	10	15.1	90	16.6	170	0	0	15.1	0	0	293414	0	0	
ADC	14.5	11.9	13.2	13	100	13.1	20	13.2	20	-0.5	-3.79	12.7	10	330	14.1	30	14.2	260	14.5	70	13.2	12.7	13.18	0	320	104499	0	0	
IDC	18.8	15.4	17.1	17	520	17.1	4000	17.2	50	0.1	0.58	17.2	50	2240	17.4	30	17.5	210	17.8	110	17.3	17.1	17.29	0	0	14608167	0	0	
PSE	8.6	7.2	7.9	0	0	0	0	0	0	0	0	0	0	0	7.9	20	8	50	8.6	120	0	0	7.9	0	0	556000	0	0	
LM7	4.7	3.9	4.3	0	0	0	0	0	0	-0.4	-9.3	3.9	10	50	3.9	330	4.3	750	4.4	30	3.9	3.9	3.9	0	0	244660	0	0	
KKC	5.9	4.9	5.4	0	0	4.9	50	5	50	0	0	0	0	0	5.4	190	5.5	200	5.6	90	0	0	5.4	0	0	203178	0	0	
KMT	8.2	6.8	7.5	0	0	0	0	0	0	0	0	0	0	0	8	240	8.1	700	0	0	0	0	7.5	0	0	482411	0	0	
PIA	29.5	24.3	26.9	24.3	1200	24.5	10	24.6	10	-2.2	-8.18	24.7	10	20	26	10	26.3	10	27	10	24.7	24.3	24.5	0	10	158403	0	0	
VE2	7.7	6.3	7	0	0	0	0	6.3	100	0	0	0	0	0	7.7	50	0	0	0	0	0	0	7	0	0	104103	0	0	
NDX	13.3	10.9	12.1	12.1	450	12.2	100	12.4	100	0.4	3.31	12.5	70	970	12.5	130	0	0	0	0	12.5	12.1	12.18	0	0	281411	0	0	
TST	8.1	6.7	7.4	0	0	6.7	10	7	50	0	0	0	0	0	8	570	8.1	250	0	0	0	0	7.4	0	0	219980	0	0	
DDG	29.2	24	26.6	26.4	100	26.5	420	26.6	20	0.1	0.38	26.7	10	7850	26.7	90	26.8	430	26.9	380	26.7	26.2	26.41	0	0	1199990	0	0	
SRA	13	10.8	11.9	11.6	290	11.7	190	11.8	650	0	0	11.9	100	3990	11.9	3400	12	2500	12.1	5000	12.1	11.9	11.93	0	0	837361	0	0	
KSQ	1.2	1	1.1	0	0	1	7750	1.1	1970	0.1	9.09	1.2	10	2590	1.2	10910	0	0	0	0	1.2	1.1	1.1	0	0	1457160	0	0	
PMS	15.4	12.6	14	12.8	120	13.5	100	13.6	100	-0.3	-2.14	13.7	100	110	15	50	15.2	50	15.3	100	13.7	12.8	13.62	0	0	315545	0	0	
TTZ	1.8	1.6	1.7	0	0	1.6	6260	1.7	1020	0.1	5.88	1.8	10	2900	1.8	8940	0	0	0	0	1.8	1.6	1.71	0	0	169112	0	0	
TET	33.2	27.2	30.2	0	0	0	0	0	0	0	0	0	0	0	0	0	0	0	0	0	0	0	30.2	0	0	279394	0	0	
VIT	15.9	13.1	14.5	14	850	14.1	10	14.2	130	-0.3	-2.07	14.2	160	210	14.6	120	14.7	120	14.8	150	14.5	14.2	14.26	0	0	944950	0	0	
GMX	26.6	21.8	24.2	0	0	0	0	22	10	0	0	0	0	0	24	200	0	0	0	0	0	0	24.2	0	0	250304	0	0	
TXM	2.9	2.5	2.7	0	0	0	0	2.5	1050	-0.1	-3.7	2.6	10	250	2.7	40	2.8	130	2.9	50	2.6	2.5	2.52	0	0	218727	0	0	
BDB	11.8	9.8	10.8	0	0	0	0	0	0	0	0	0	0	0	11	100	0	0	0	0	0	0	10.8	0	0	55197	0	0	
TJC	7.1	5.9	6.5	0	0	6	20	6.1	50	-0.1	-1.54	6.4	10	110	0	0	0	0	0	0	7.1	6.4	7.04	0	0	419386	0	0	
X20	8.9	7.3	8.1	0	0	0	0	0	0	0	0	0	0	0	0	0	0	0	0	0	0	0	8.1	0	0	845040	0	0	
PSC	16.5	13.5	15	0	0	13.6	20	14	20	0	0	0	0	0	16	10	16.5	20	0	0	0	0	15	0	0	350363	0	0	
MPT	1.4	1.2	1.3	0	0	0	0	1.2	26230	0	0	1.3	90	510	1.3	3200	1.4	33090	0	0	1.3	1.2	1.25	0	0	823184	0	0	
DNC	64.9	53.1	59	0	0	0	0	0	0	3	5.08	62	20	30	62	80	63	50	64	220	62	62	62	0	0	200562	0	0	
DNM	39.6	32.4	36	34.5	140	34.6	40	35	20	-1	-2.78	35	10	1070	35.5	40	35.9	110	36	150	36	34.6	35.37	0	0	196634	0	0	
CMS	2.7	2.3	2.5	0	0	2.3	340	2.4	2310	0	0	2.5	10	60	2.5	720	2.6	810	2.7	440	2.5	2.5	2.5	0	0	816716	0	0	
GDW	43.2	35.4	39.3	0	0	0	0	0	0	0	0	0	0	0	0	10	35.4	960	39.3	10	0	0	39.3	0	0	415360	0	0	
QNC	3.1	2.7	2.9	0	0	0	0	2.7	500	0	0	0	0	0	3.1	620	0	0	0	0	0	0	2.9	0	0	968113	0	0	
PMP	8.4	7	7.7	0	0	0	0	7.7	60	0	0	0	0	0	0	0	0	0	0	0	0	0	7.7	0	0	203380	0	0	
TDN	6.8	5.6	6.2	5.8	400	5.9	1000	6	4070	-0.1	-1.61	6.1	10	7560	6.1	660	6.2	3230	6.3	2090	6.5	5.6	5.81	10	0	1439147	0	0	
PMC	55	45	50	48.3	10	48.5	30	48.6	30	0.3	0.6	50.3	10	80	50.4	10	50.5	80	50.6	90	50.4	47.6	49.25	10	0	254057	0	0	
PMB	9.7	8.1	8.9	0	0	0	0	0	0	-0.4	-4.49	8.5	100	100	9	200	9.5	300	0	0	8.5	8.5	8.5	0	0	461560	0	0	
TDT	11.1	9.1	10.1	9.7	520	9.8	650	9.9	1320	-0.1	-0.99	10	20	4290	10	220	10.1	2320	10.2	1310	10.1	9.9	10	0	0	569411	0	0	
SDA	2.5	2.1	2.3	0	0	0	0	0	0	-0.2	-8.7	2.1	80	520	2.1	280	2.3	1500	2.4	80	2.1	2.1	2.1	0	0	0	0	0	
SDG	35.6	29.2	32.4	0	0	0	0	0	0	0	0	0	0	0	29.2	10	32.4	20	0	0	0	0	32.4	0	0	330987	0	0	
SDC	17.8	14.6	16.2	0	0	0	0	0	0	0	0	0	0	0	16.8	20	17	10	0	0	0	0	16.2	0	0	107988	0	0	
SD6	2.6	2.2	2.4	0	0	2.2	2300	2.3	740	0	0	2.4	10	60	2.4	200	2.5	1050	2.6	3230	2.4	2.3	2.32	10	0	1226664	0	0	
SD5	5.6	4.6	5.1	0	0	0	0	4.6	50	-0.2	-3.92	4.9	10	580	4.9	70	5	150	5.1	210	4.9	4.7	4.8	10	0	1017959	0	0	
SD4	4.1	3.5	3.8	0	0	0	0	0	0	0	0	3.8	10	40	3.8	20	3.9	380	4.1	600	3.8	3.8	3.8	0	0	464786	0	0	
SD2	6.3	5.3	5.8	5.7	10	5.8	90	6.1	50	0.4	6.9	6.2	50	2210	6.2	210	6.3	5680	0	0	6.3	6.1	6.27	0	0	619005	0	0	
SDN	32.2	26.4	29.3	0	0	0	0	0	0	0	0	0	0	0	0	0	0	0	0	0	0	0	29.3	0	0	36143	0	0	
SDU	7.4	6.2	6.8	0	0	0	0	6.2	1070	0	0	0	0	0	0	0	0	0	0	0	0	0	6.8	0	0	977790	0	0	
SDT	3.1	2.7	2.9	0	0	2.7	180	2.8	160	0	0	2.9	10	30	2.9	4460	3	4970	3.1	400	2.9	2.8	2.87	0	0	1717326	0	0	
SGH	45.5	37.3	41.4	0	0	0	0	37.8	60	0	0	0	0	0	45.3	10	45.4	100	45.5	70	0	0	41.4	0	0	600180	0	0	
VNF	31.4	25.8	28.6	0	0	0	0	0	0	0	0	0	0	0	27.5	400	28	300	28.6	150	0	0	28.6	0	0	377695	0	0	
VNC	36.5	29.9	33.2	30.3	20	32.3	10	32.4	50	0	0	0	0	0	33.1	50	33.3	10	35.2	20	0	0	33.2	0	0	375839	0	0	
PRC	10.4	8.6	9.5	0	0	0	0	0	0	0	0	0	0	0	0	0	0	0	0	0	0	0	9.5	0	0	58680	0	0	
PDC	7.8	6.4	7.1	0	0	0	0	0	0	0	0	0	0	0	6.4	960	6.8	90	7.1	480	0	0	7.1	0	0	734590	0	0	
PDB	8.8	7.2	8	7.7	650	7.9	10	8	10	0	0	8	10	10	8.1	20	8.2	560	8.3	190	8	8	8	0	0	355877	0	0	
V21	8.9	7.3	8.1	0	0	0	0	0	0	0	0	0	0	0	7.3	300	8	50	8.8	10	0	0	8.1	0	0	587649	0	0	
TTT	41.5	34.1	37.8	34.5	100	34.6	110	34.9	10	0	0	0	0	0	37.8	490	39	10	41.5	60	0	0	37.8	0	0	197210	0	0	
INC	8.4	7	7.7	0	0	0	0	7	100	0	0	0	0	0	8.4	10	0	0	0	0	0	0	7.7	0	0	98000	0	0	
GLT	29.5	24.3	26.9	0	0	0	0	0	0	0	0	0	0	0	24.9	50	25	10	25.4	140	0	0	26.9	0	0	247782	0	0	
VMI	0.7	0.5	0.6	0	0	0	0	0	0	0	0	0	0	0	0	0	0	0	0	0	0	0	0.6	0	0	449469	0	0	
VMS	6.3	5.3	5.8	0	0	5.4	240	5.7	120	0	0	5.8	10	20	0	0	0	0	0	0	6.3	5.8	6.05	10	0	435360	0	0	
TMC	13.2	10.8	12	0	0	0	0	10.8	50	0	0	12	20	40	12	190	0	0	0	0	12	11.9	11.95	0	0	596900	0	0	
MED	47.3	38.7	43	0	0	0	0	42	200	0	0	43	10	20	43	40	43.3	30	43.5	50	43	43	43	0	0	307664	0	0	
MEL	9.6	8	8.8	0	0	0	0	0	0	0	0	0	0	0	9	10	0	0	0	0	0	0	8.8	0	0	734870	0	0	
AME	7.8	6.4	7.1	0	0	0	0	6.6	200	0	0	7.1	10	20	7.1	10	7.2	10	7.4	10	7.1	7.1	7.1	0	0	1092620	0	0	
TTH	2	1.8	1.9	0	0	1.8	41690	1.9	5890	0.1	5.26	2	800	14540	2	14420	0	0	0	0	2	1.9	1.93	0	0	1796410	0	0	
KST	21.1	17.3	19.2	0	0	0	0	0	0	0	0	0	0	0	21	30	0	0	0	0	0	0	19.2	0	0	144754	0	0	
VIG	1	0.8	0.9	0	0	0	0	0.8	68140	0	0	0.9	140	8850	0.9	250	1	18480	0	0	0.9	0.8	0.9	160	0	1634811	0	0	
KSD	6.9	5.7	6.3	0	0	0	0	0	0	0	0	0	0	0	6.3	190	6.5	20	6.6	10	0	0	6.3	0	0	579770	0	0	
KSK	0.3	0.1	0.2	0	0	0	0	0	0	0	0	0	0	0	0	0	0	0	0	0	0	0	0.2	0	0	1167342	0	0	
MHL	5.6	4.6	5.1	0	0	0	0	0	0	0	0	0	0	0	0	0	0	0	0	0	0	0	5.1	0	2	260421	0	0	
HOM	3.4	2.8	3.1	2.8	5200	2.9	5000	3	1540	0	0	3.1	200	2730	3.1	1870	3.2	2680	3.3	3130	3.1	3	3.01	0	0	3454940	0	0	
LHC	77.2	63.2	70.2	65.1	10	66	150	66.1	60	-4	-5.7	66.2	10	730	69.5	30	69.9	30	70	340	69.5	66	69.26	0	40	94456	0	0	
PSD	11	9	10	9.5	420	9.6	60	9.8	100	0	0	0	0	0	10	210	10.2	10	10.5	50	0	0	10	0	0	1444977	0	0	
UNI	4.5	3.7	4.1	0	0	3.7	50	3.8	1050	0	0	0	0	0	4.2	150	0	0	0	0	0	0	4.1	0	0	739633	0	0	
HEV	16.8	13.8	15.3	0	0	0	0	13.8	10	0	0	0	0	0	16.8	1980	0	0	0	0	0	0	15.3	0	0	10644	0	0	
PGN	11.9	9.9	10.9	0	0	10	50	10.1	10	0	0	0	0	0	11.4	150	11.8	10	0	0	0	0	10.9	0	0	161270	0	0	
MST	3	2.6	2.8	0	0	0	0	2.6	61670	-0.1	-3.57	2.7	10	164100	2.7	2910	2.8	23780	2.9	70660	2.9	2.6	2.73	0	110	1724909	0	0	
NFC	6.2	5.2	5.7	0	0	0	0	0	0	0	0	0	0	0	0	0	0	0	0	0	0	0	5.7	0	0	770591	0	0	
NET	52.8	43.2	48	44.4	30	45	300	46	200	1	2.08	49	10	50	49	50	49.5	30	49.8	10	49	44	45.84	0	0	1080076	0	0	
DS3	3.6	3	3.3	3	3970	3.1	1000	3.2	520	0	0	3.3	90	6830	3.3	650	3.4	2880	3.5	4050	3.5	3.2	3.27	10	100	516806	0	0	
L35	7.9	6.5	7.2	0	0	0	0	6.6	100	0	0	0	0	0	7.5	40	7.9	100	0	0	0	0	7.2	0	0	159972	0	0	
DTD	13.4	11	12.2	11.8	510	11.9	890	12	770	-0.1	-0.82	12.1	450	8130	12.1	240	12.2	200	12.3	490	12.4	12	12.22	0	0	1202779	0	0	
DST	3.3	2.7	3	3.2	20510	3.3	105890	0	66270	0.3	10	3.3	210	7510	0	0	0	0	0	0	3.3	3.3	3.3	0	0	155	0	0	
NHP	0.4	0.2	0.3	0	0	0.2	23090	0.3	111110	0.1	33.33	0.4	10	630	0.4	55530	0	0	0	0	0.4	0.4	0.4	0	0	1335938	0	0	
NHA	11.1	9.1	10.1	9.9	670	10	40	10.1	10	0	0	10.1	60	2820	10.2	190	10.3	340	10.4	100	10.2	10	10.07	0	0	720094	0	0	
VIF	17.6	14.4	16	15.2	50	15.5	300	16	10	0.6	3.75	16.6	30	90	17.4	10	17.5	10	0	0	16.6	16.6	16.6	0	0	0	0	0	
BSC	16.7	13.7	15.2	0	0	0	0	0	0	0	0	0	0	0	0	0	0	0	0	0	0	0	15.2	0	0	139186	0	0	
CET	1.9	1.7	1.8	0	0	0	0	1.7	210	0	0	1.8	10	8740	1.8	1890	1.9	2750	0	0	1.8	1.7	1.7	10	0	295740	0	0	
DHP	10.7	8.9	9.8	0	0	9	100	9.5	50	0	0	0	0	0	10.6	20	10.7	90	0	0	0	0	9.8	0	0	414407	0	0	
C69	6.7	5.5	6.1	0	0	5.5	5840	5.6	1890	-0.5	-8.2	5.6	480	29230	5.7	20	5.8	1000	5.9	940	6.1	5.6	5.86	0	0	734960	0	0	
BED	36.3	29.7	33	0	0	0	0	0	0	0	0	0	0	0	33	20	0	0	0	0	0	0	33	0	0	147000	0	0	
TMB	14.1	11.7	12.9	0	0	0	0	11.7	550	0	0	0	0	0	12.8	500	12.9	40	14	500	0	0	12.9	0	0	735000	0	0	
LO5	1.2	1	1.1	0	0	1	320	1.1	200	0.1	9.09	1.2	20	110	0	0	0	0	0	0	1.2	1.2	1.2	0	0	250399	0	0	
NRC	9.4	7.8	8.6	8.4	2940	8.5	580	8.6	1100	0	0	8.6	10	2050	8.8	1100	8.9	40	9	410	8.8	8.6	8.72	20	0	669305	0	0	
VSM	13.2	10.8	12	0	0	0	0	10.9	100	0	0	0	0	0	12	50	13	50	0	0	0	0	12	0	0	137591	0	0	
NST	18.4	15.2	16.8	0	0	0	0	0	0	0	0	0	0	0	15.2	950	16.8	100	0	0	0	0	16.8	0	0	448674	0	0	
CMC	7.4	6.2	6.8	0	0	0	0	0	0	-0.6	-8.82	6.2	10	30	6.2	180	7.4	20	0	0	6.2	6.2	6.2	0	10	216940	0	0	
NSH	1.5	1.3	1.4	0	0	0	0	1.3	2020	0	0	1.4	10	470	1.4	7550	1.5	3710	0	0	1.4	1.3	1.4	0	0	1010628	0	0	
PGT	5.6	4.6	5.1	0	0	0	0	0	0	0	0	0	0	0	5	20	5.1	100	5.5	6200	0	0	5.1	0	0	11432	0	0	
BST	15.9	13.1	14.5	0	0	0	0	13.1	60	0	0	0	0	0	15	20	15.1	30	0	0	0	0	14.5	0	0	53740	0	0	
TKC	3.5	2.9	3.2	0	0	2.9	40	3	30	-0.1	-3.12	3.1	10	420	3.1	930	3.2	1040	3.3	1200	3.2	3.1	3.2	0	0	556469	0	0	
PTD	17.8	14.6	16.2	0	0	0	0	0	0	0	0	0	0	0	0	0	0	0	0	0	0	0	16.2	0	0	85872	0	0	
QHD	21.7	17.9	19.8	18.2	10	19	300	19.1	100	-0.7	-3.54	19.1	10	10	21.1	50	21.2	100	21.3	100	19.1	19.1	19.1	0	0	267430	0	0	
PHN	29.7	24.3	27	0	0	24.6	100	26.5	10	0	0	0	0	0	27	200	27.9	50	28.2	120	0	0	27	0	0	8	0	0	
MCC	12.6	10.4	11.5	0	0	0	0	11.5	200	0	0	0	0	0	0	0	0	0	0	0	0	0	11.5	0	0	240366	0	0	
