HOSE
852.74
-9.99	-1.17
859.29	-0.4	6658071	104.93	
854.26	-0.99	279098635	4742.09	
852.74	-1.17	303976346	5283.95	
AAA	13.4	11.7	12.55	12.25	19012	12.3	13484	12.35	8221	-0.2	-1.59	12.35	12630	169687	12.4	100	12.45	200	12.5	7995	12.35	12.65	12.35	2007	1141	6225808	
AAM	12.5	10.9	11.7	11.05	203	11.2	28	11.5	26	-0.2	-1.71	11.5	11	274	11.6	7	11.7	59	11.95	100	0	11.5	11.5	0	0	592374	
ABS	14.95	13.05	14	14.05	110	14.1	500	14.15	300	0.2	1.43	14.2	2000	22705	14.2	239	14.3	94	14.4	250	14.2	14.2	13.75	0	0	1409802	
ABT	36.15	31.45	33.8	31.6	100	32	26	32.1	1	-1.3	-3.85	32.5	1	13	35	1	35.45	1	35.5	5	32.5	33.8	31.5	0	0	654959	
ACC	19.65	17.15	18.4	18.3	2134	18.35	265	18.4	100	0.3	1.63	18.7	1	962	18.7	30	18.75	4	18.8	20	18.7	18.7	18.4	0	0	298442	
ACL	26.3	22.9	24.6	25.2	100	25.3	260	25.4	951	0.9	3.66	25.5	507	40726	25.5	1031	25.9	954	26	1755	25.5	26.3	24.8	537	0	847206	
ADS	10.75	9.35	10.05	9.65	15	9.66	10	9.68	1	0.1	1	10.15	1	1	10.1	30	10.15	420	10.25	10	0	10.15	10.15	0	0	1248247	
AGG	29.4	25.6	27.5	26.9	472	27	701	27.1	550	-0.3	-1.09	27.2	900	24321	27.2	356	27.3	229	27.4	566	27.2	27.6	26.7	0	0	1622591	
AGM	13.8	12	12.9	12.9	180	12.95	378	13	29	0.1	0.78	13	1	5036	13.15	237	13.2	120	13.3	121	13	13.15	12.8	0	0	742614	
AGR	3.54	3.08	3.31	3.28	224	3.29	21	3.3	1926	0	0	3.31	125	23160	3.31	473	3.32	487	3.34	57	3.31	3.4	3.29	160	0	9960332	
AMD	3.42	2.98	3.2	3.11	27133	3.12	12673	3.13	5140	-0.07	-2.19	3.13	16095	244726	3.17	440	3.19	721	3.2	13967	3.13	3.2	3.12	51	2890	7716133	
ANV	19.45	16.95	18.2	18	3253	18.05	36	18.1	659	-0.1	-0.55	18.1	2006	22536	18.15	100	18.2	799	18.25	683	18.1	18.3	18.1	364	0	6095415	
APC	18.9	16.5	17.7	17.55	355	17.6	50	17.65	16	-0.05	-0.28	17.65	84	1484	17.7	615	17.85	300	17.9	410	17.65	18	17.55	0	0	652866	
APG	9.57	8.33	8.95	8.8	1948	8.82	110	8.83	534	-0.09	-1.01	8.86	20	89147	8.86	74	8.91	77	8.95	270	8.86	9	8.8	2566	1006	3162488	
ASM	5.78	5.04	5.41	5.33	1100	5.34	2910	5.35	3376	-0.06	-1.11	5.35	6980	182207	5.37	3100	5.38	4914	5.39	1013	5.35	5.43	5.35	104	2127	12342545	
ASP	5.85	5.09	5.47	5.35	101	5.36	50	5.37	84	-0.1	-1.83	5.37	200	928	5.4	38	5.45	499	5.5	1090	0	5.5	5.37	2	0	0	
AST	58.1	50.5	54.3	52.8	70	52.9	51	53	767	-1.3	-2.39	53	1683	10955	53.5	267	53.9	59	54	495	53	54.4	53	12	716	251319	
ATG	0.56	0.5	0.53	0.5	9381	0.51	4403	0.52	104	0	0	0.53	600	7165	0.53	154	0.54	406	0.55	1167	0.53	0.54	0.51	0	0	720620	
BBC	47.3	41.2	44.25	44.5	1	44.9	4	45	50	1.25	2.82	45.5	55	392	45.5	1	45.6	37	45.7	20	45.5	46	44.9	0	0	34507	
BCE	8.22	7.16	7.69	7.62	550	7.63	100	7.64	14	-0.05	-0.65	7.64	1114	8770	7.69	300	7.7	1069	7.72	95	7.64	7.7	7.61	0	0	1360116	
BCG	6.12	5.32	5.72	5.59	1762	5.6	100	5.62	20	-0.04	-0.7	5.68	980	13386	5.68	85	5.69	712	5.7	1000	5.68	5.72	5.58	1000	672	1664859	
BFC	13.55	11.85	12.7	12.45	725	12.5	1542	12.55	1367	-0.15	-1.18	12.55	2913	80448	12.65	2944	12.7	2228	12.75	1267	12.55	12.95	12.3	1442	142	2490947	
BHN	60.5	52.7	56.6	54.1	10	55	3	55.5	256	-0.6	-1.06	56	1	921	56	108	56.4	1	56.5	105	0	56.6	56	56	0	7293422	
BIC	25	21.8	23.4	22.7	30	22.8	10	22.85	5	-0.4	-1.71	23	62	166	22.9	88	23.1	2	23.2	27	23	23.4	23	50	0	162575	
BID	42.45	36.95	39.7	39.2	1154	39.25	22	39.3	5044	-0.4	-1.01	39.3	5752	114083	39.4	31	39.45	5	39.5	1534	39.3	40	39.3	202	4199	49445883	
BMC	13.6	11.9	12.75	12.2	570	12.25	120	12.3	405	-0.25	-1.96	12.5	175	662	12.5	279	12.6	50	12.75	3101	12.5	12.5	12.25	95	35	325584	
BMI	22.85	19.95	21.4	21	6520	21.05	1000	21.1	873	-0.3	-1.4	21.1	1882	28537	21.2	175	21.25	399	21.3	1120	21.1	21.6	21	895	4297	1222724	
BMP	49.8	43.3	46.55	46.7	155	46.75	10	46.8	374	0.2	0.43	46.75	1136	40139	46.9	44	46.95	239	47	1867	46.75	47	46.5	35626	10916	1628001	
BRC	11.7	10.2	10.95	10.2	100	10.5	6	10.9	2	0.05	0.46	11	1	1	11	49	11.4	100	11.5	100	0	11	11	0	0	600909	
BSI	8.23	7.17	7.7	7.7	110	7.71	134	7.72	300	0.1	1.3	7.8	393	484	7.91	2	7.92	21	7.93	50	7.8	7.8	7.7	0	0	4950453	
BTP	15.8	13.8	14.8	14.55	110	14.6	20	14.65	10	0	0	14.8	15	2220	14.8	1160	14.85	140	14.9	290	14.8	14.85	14.5	0	0	2402867	
BTT	43.85	38.15	41	0	0	0	0	38.2	50	-0.5	-1.22	40.5	10	163	40.5	10	41	90	42	100	0	40.5	38.15	0	0	660455	
BVH	53.6	46.6	50.1	49.05	60	49.1	1916	49.15	3	-0.95	-1.9	49.15	3097	89198	49.2	10	49.4	5	49.45	450	49.15	50.4	49.1	6080	4056	15253864	
BWE	23.15	20.15	21.65	21.6	738	21.65	433	21.7	90	0.1	0.46	21.75	135	15439	21.75	9	21.8	225	21.85	1226	21.75	21.85	21.6	712	0	5952717	
C32	26.55	23.15	24.85	24.85	300	24.9	114	25.2	110	0.35	1.41	25.2	1	5568	25.4	1263	25.5	935	25.7	304	25.2	25.5	24.9	411	0	339736	
C47	11.75	10.25	11	11.65	4	11.7	20	11.75	2014	0.75	6.82	11.75	901	7071	0	0	0	0	0	0	11.75	11.75	11.6	0	6	829793	
CAV	68.4	59.6	64	63	206	63.1	2	63.7	5	-0.2	-0.31	63.8	2	3	64	119	65	22	66	145	0	63.8	63.8	0	0	2805762	
CCI	14.95	13.05	14	13.05	88	13.4	1	13.9	30	0	0	0	0	0	14	2163	14.2	101	14.5	19	0	0	0	0	0	823571	
CCL	7.74	6.74	7.24	7	1984	7.01	250	7.02	71	-0.22	-3.04	7.02	384	13208	7.13	40	7.19	211	7.2	598	7.02	7.25	7	0	0	2111832	
CDC	16.05	13.95	15	0	0	0	0	15	100	0	0	0	0	0	15.5	20	16	1	16.05	1	0	0	0	0	0	764368	
CEE	16.25	14.15	15.2	0	0	14.15	5	14.2	50	0	0	0	0	0	14.95	220	15.1	97	15.15	60	0	0	0	0	0	2021552	
CHP	20.65	17.95	19.3	19	288	19.05	190	19.1	88	-0.05	-0.26	19.25	1	751	19.25	68	19.3	170	19.5	593	19.25	19.25	19.1	0	0	6311919	
CIG	1.76	1.54	1.65	1.55	1006	1.6	1200	1.61	10	0	0	1.65	5	136	1.7	2300	1.76	23	0	0	0	1.65	1.65	0	0	1545178	
CII	21.5	18.7	20.1	19.6	4005	19.65	11290	19.7	6452	-0.4	-1.99	19.7	4649	146584	19.8	2464	19.85	603	19.9	38	19.7	20.25	19.7	655	76196	7025667	
CKG	10.75	9.35	10.05	10.6	540	10.65	310	10.7	91	0.7	6.97	10.75	1206	65786	10.75	1276	0	0	0	0	10.75	10.75	10.05	10	0	2403490	
CLC	29.2	25.4	27.3	27	125	27.1	20	27.2	93	-0.1	-0.37	27.2	1	1015	27.25	23	27.3	2	27.4	303	27.2	27.4	27.2	0	589	1220319	
CLG	1.49	1.31	1.4	1.4	2652	1.42	1690	1.43	54	0.03	2.14	1.43	672	12354	1.44	200	1.45	1209	1.46	1240	1.43	1.45	1.4	0	0	1029699	
CLL	31.45	27.35	29.4	27.4	5	27.5	85	27.6	79	-1.8	-6.12	27.6	1	122	29	38	29.4	159	30	10	0	27.7	27.4	0	0	1419078	
CLW	29.35	25.55	27.45	0	0	0	0	26	500	0	0	0	0	0	27.4	100	27.5	99	27.6	100	0	0	0	0	0	573966	
CMG	30.2	26.3	28.25	27.8	710	27.85	40	27.9	871	-0.25	-0.88	28	20	5086	28	502	28.35	72	28.4	427	28	28.4	27.9	1518	643	1167974	
CMV	13.95	12.15	13.05	12.2	1210	12.25	100	12.3	25	-0.9	-6.9	12.15	5	46	13.7	12	13.8	94	13.85	7	12.15	13	12.15	0	0	590605	
CMX	17.4	15.2	16.3	16.4	235	16.45	796	16.5	460	0.35	2.15	16.65	1947	38692	16.65	622	16.7	1470	16.8	153	16.65	17	16	260	100	1159911	
CNG	22.2	19.3	20.75	20.5	233	20.55	8	20.6	5	0	0	20.75	1	1669	20.75	17	20.95	10	21	218	20.75	20.75	20.4	53	0	755755	
COM	48.15	41.85	45	41.9	14	43	24	43.5	1	0.6	1.33	45.6	1	1	47.3	4	47.4	1	47.5	10	0	45.6	45.6	0	0	685800	
CRC	12.1	10.6	11.35	11.1	28	11.2	116	11.3	112	0	0	11.35	13	5074	11.35	93	11.4	230	11.5	299	11.35	11.35	11.3	0	0	734797	
CRE	16.4	14.3	15.35	15.2	1489	15.25	3718	15.3	890	-0.05	-0.33	15.3	1833	34552	15.35	1178	15.4	784	15.45	4353	15.3	15.55	15.3	131	32	1962441	
CSM	17.5	15.3	16.4	15.8	2145	15.85	1720	15.9	91	-0.5	-3.05	15.9	50	4897	16	11	16.1	20	16.15	10	15.9	16.45	15.9	0	32	4861346	
CSV	23.7	20.6	22.15	21.65	820	21.7	1374	21.75	40	-0.4	-1.81	21.75	2321	24531	21.8	11	21.85	1100	21.9	100	21.75	22.5	21.7	310	298	1818987	
CTD	74.3	64.7	69.5	67.8	172	67.9	101	68	1544	-1.4	-2.01	68.1	1150	27432	68.1	122	68.7	113	68.8	46	68.1	69.9	68	107	969	195822	
CTF	22.75	19.85	21.3	20.3	9	20.35	17	20.5	12	-0.3	-1.41	21	25	14210	21	97	21.1	248	21.25	100	21	21.35	20.55	75	490	2230188	
CTG	24.55	21.35	22.95	22.7	13523	22.75	3504	22.8	24076	-0.15	-0.65	22.8	39061	763785	22.85	406	22.9	7940	22.95	7035	22.8	23.6	22.65	141348	92141	1381072	
CTI	20.2	17.6	18.9	18.85	201	18.9	335	18.95	20	0.1	0.53	19	1425	192265	19	2295	19.1	240	19.2	210	19	19.8	18.4	59	18138	2017640	
CTS	6.69	5.83	6.26	6.13	60	6.15	700	6.18	430	0.01	0.16	6.27	500	12682	6.27	597	6.28	950	6.29	750	6.27	6.29	6.13	500	2100	4049422	
CVT	18.75	16.35	17.55	17.8	5298	17.85	1992	17.9	211	0.35	1.99	17.9	1310	50451	17.95	1760	18	1670	18.05	201	17.9	18.3	17.55	1113	0	3270072	
D2D	62	54	58	58	1893	58.1	1470	58.2	609	0.6	1.03	58.6	1311	26585	58.6	69	58.7	156	58.8	749	58.6	59.3	58.1	413	91	901642	
DAG	5.69	4.95	5.32	5.26	105	5.28	102	5.29	40	-0.02	-0.38	5.3	336	17836	5.3	2572	5.32	800	5.33	457	5.3	5.36	5.16	0	0	2102390	
DAH	12.8	11.2	12	12.1	773	12.15	1561	12.2	666	0.2	1.67	12.2	11	58846	12.25	271	12.3	662	12.35	1000	12.2	12.25	11.75	3941	0	1647612	
DAT	7.31	6.37	6.84	6.37	1	6.84	1	7.31	4	0	0	0	0	0	0	0	0	0	0	0	0	0	0	0	0	2253957	
DBC	36.8	32	34.4	34.65	50	34.7	1207	34.75	1	0.4	1.16	34.8	9387	291883	34.8	518	34.85	1000	34.9	1694	34.8	35.25	34.3	43	16742	4168045	
DBD	54.7	47.65	51.2	50.8	60	50.9	12	51	32	-0.2	-0.39	51	10	2957	51.1	293	51.3	329	51.4	430	0	51.7	51	8	0	5235781	
DCL	21.75	18.95	20.35	20.2	570	20.25	247	20.3	2000	0.2	0.98	20.55	1	3055	20.35	255	20.55	49	20.6	250	0	20.65	20.2	0	26	1680866	
DCM	9.08	7.9	8.49	8.53	50	8.55	10	8.56	20	0.09	1.06	8.58	2902	239043	8.58	471	8.6	3534	8.62	139	8.58	8.87	8.4	957	2821	24931107	
DGW	28.85	25.15	27	26.75	932	26.8	1483	26.85	413	-0.1	-0.37	26.9	1679	33897	26.9	294	26.95	102	27	1670	26.9	27.3	26.75	837	115	1046933	
DHA	34.1	29.7	31.9	31.3	90	31.4	325	31.5	74	0	0	31.9	1	638	31.9	400	32	35	32.1	25	31.9	31.9	31.1	0	0	600651	
DHC	39.05	33.95	36.5	35.9	240	36	5791	36.1	1617	-0.4	-1.1	36.1	528	9411	36.4	20	36.5	664	36.55	315	36.1	36.5	36.1	884	79	700521	
DHG	100	87	93.5	92.2	1	92.3	56	92.4	10	-0.6	-0.64	92.9	10	851	92.9	6	93	11	93.1	4	92.9	93.6	92	49	56	5963066	
DHM	9.3	8.1	8.7	8.72	716	8.85	366	8.9	188	0.3	3.45	9	930	31486	9	1436	9.09	200	9.1	2050	9	9	8.56	0	0	1531338	
DIC	1.8	1.58	1.69	1.69	4743	1.7	742	1.71	20	0.05	2.96	1.74	1214	21858	1.74	659	1.75	1225	1.76	4220	1.74	1.78	1.67	0	0	1287512	
DIG	13.05	11.35	12.2	12	6166	12.05	8618	12.1	897	0	0	12.2	15013	73491	12.2	10845	12.25	1800	12.3	3649	12.2	12.3	12	507	73	4554864	
DLG	1.57	1.37	1.47	1.45	20878	1.46	41283	1.47	123195	0	0	1.47	21950	396088	1.48	799	1.49	26105	1.5	56883	1.47	1.5	1.46	13147	0	13831201	
DMC	57.4	49.95	53.7	52.2	442	52.3	270	52.4	123	-1.3	-2.42	52.4	1140	18076	52.9	315	53	140	53.4	112	52.4	54.7	52.1	1112	1848	1456305	
DPG	27.15	23.65	26.4	0	0	23.65	2955	23.7	1256	-2.7	-10.23	23.7	6059	54875	23.8	1000	24	160	24.05	34	23.7	25.8	23.7	519	857	2191195	
DPM	15.05	13.15	14.1	14.35	10310	14.4	9915	14.45	2207	0.4	2.84	14.5	13990	412411	14.5	5090	14.55	7184	14.6	39760	14.5	14.7	14	5696	344	14177660	
DPR	39.55	34.45	37	37.3	30	37.5	30	37.65	1	1	2.7	38	34	3525	38	16	38.1	59	38.15	10	0	38.7	37	1	865	1497397	
DQC	19.65	17.15	18.4	17.5	1192	17.55	1	17.6	35	-0.8	-4.35	17.6	20	4872	17.85	300	18	733	18.15	2	17.6	18.4	17.3	6	0	1591844	
DRC	20.5	17.9	19.2	18.8	2457	18.85	3438	18.9	108	-0.3	-1.56	18.9	3479	50313	18.95	1195	19	1005	19.1	140	18.9	19.25	18.85	175	9401	3350479	
DRH	7.16	6.24	6.7	6.68	270	6.7	2875	6.72	915	0.02	0.3	6.72	6991	182821	6.73	14224	6.74	4110	6.75	5822	6.72	6.99	6.63	433	5980	2869304	
DRL	55.6	48.4	52	49	50	49.6	100	50	110	0	0	52	5	55	52	124	52.3	194	52.5	150	0	52	48.4	0	0	459278	
DSN	50.6	44.05	47.35	47.3	520	47.35	1776	47.4	10	0.15	0.32	47.5	3	1974	47.5	10	47.6	55	47.65	100	47.5	47.7	47.35	0	0	372503	
DTA	4.62	4.02	4.32	0	0	0	0	4.02	733	-0.3	-6.94	4.02	100	2453	4.16	5	4.17	8	4.18	49	4.02	4.1	4.02	0	0	882946	
DTL	13.65	11.95	12.8	0	0	0	0	0	0	-0.85	-6.64	11.95	1	37	11.95	1080	13.6	4	13.65	218	11.95	13.65	11.95	0	0	3008564	
DTT	15.45	13.45	14.45	0	0	0	0	0	0	-1	-6.92	13.45	1	1	14.45	20	15.4	8	0	0	13.45	13.45	13.45	0	1	397857	
DVP	36.35	31.65	34	33.8	344	33.9	401	34	13	0	0	34	387	1140	34.1	4	34.15	10	34.2	52	34	34.1	33.6	1	0	1407378	
DXG	12.15	10.65	11.4	10.95	3899	11	13330	11.05	10255	-0.3	-2.63	11.1	21355	464707	11.1	8409	11.15	310	11.2	9690	11.1	11.55	11	103616	105545	4746333	
DXV	2.55	2.23	2.39	2.31	301	2.32	401	2.33	199	-0.06	-2.51	2.33	1	50	2.39	3	2.4	101	2.41	500	2.33	2.39	2.33	0	0	480908	
E1VFVN30	14.65	12.75	13.7	13.3	990	13.35	372	13.4	2440	-0.28	-2.04	13.42	104	177061	13.42	21	13.43	1	13.44	200	13.42	13.7	13.35	377407	545071	707627	
EIB	18.6	16.2	17.4	16.8	3169	16.85	1918	16.9	887	-0.5	-2.87	16.9	253	64170	17.1	147	17.2	3047	17.25	251	16.9	17.5	16.55	0	801	12905	
ELC	5.67	4.93	5.3	5.21	251	5.23	20	5.25	40	-0.05	-0.94	5.25	229	1478	5.28	47	5.29	5587	5.3	20	5.25	5.26	5.21	15	0	1462214	
EMC	11.55	10.05	10.8	0	0	0	0	10.05	10	0	0	0	0	0	0	0	0	0	0	0	0	0	0	0	0	749034	
EVE	10.55	9.21	9.9	9.7	200	9.71	114	9.72	52	-0.18	-1.82	9.72	10	694	9.9	20	9.91	50	9.92	10	9.72	9.93	9.7	253	0	1480677	
EVG	2.6	2.26	2.43	2.45	320	2.46	150	2.47	1	0.05	2.06	2.48	1602	32930	2.48	3607	2.49	4400	2.5	1650	2.48	2.49	2.43	0	0	2859519	
FCM	6.79	5.91	6.35	6.21	22	6.22	3458	6.23	20	-0.01	-0.16	6.34	20	7228	6.33	200	6.34	453	6.35	210	0	6.42	6.22	0	0	1909220	
FCN	9.88	8.6	9.24	9.08	1932	9.09	1752	9.1	1301	-0.12	-1.3	9.12	8186	45330	9.12	3256	9.15	500	9.18	4460	9.12	9.2	9.09	0	2818	2933157	
FDC	15.6	13.6	14.6	0	0	0	0	0	0	-1	-6.85	13.6	32	267	14.6	187	14.7	100	14.8	100	13.6	14.6	13.6	0	0	1891253	
FIR	31	27	29	29.8	1133	29.9	370	30	393	1	3.45	30	459	10679	30.1	251	30.15	324	30.2	104	30	30	29.2	674	0	1007300	
FIT	6.45	5.61	6.03	5.83	2750	5.84	520	5.85	1113	-0.18	-2.99	5.85	4440	61298	5.89	3832	5.9	513	5.91	100	5.85	6.11	5.75	887	1649	12141142	
FLC	3.12	2.72	2.92	2.87	6390	2.88	48531	2.89	56885	-0.03	-1.03	2.89	45291	378950	2.9	1218	2.91	27937	2.92	49883	2.89	2.93	2.89	7581	27293	32873155	
FMC	28.35	24.65	26.5	26.05	88	26.1	114	26.15	73	-0.1	-0.38	26.4	200	8326	26.4	331	26.5	589	26.55	100	26.4	26.65	26	560	14	1983888	
FPT	52.7	45.85	49.3	48.35	907	48.4	3420	48.45	162	-0.85	-1.72	48.45	15798	173172	48.5	202	48.55	100	48.6	224	48.45	49	48.45	0	0	0	
FRT	26.75	23.25	25	24.85	5023	24.9	6864	24.95	60	0	0	25	14068	154659	25	25	25.3	602	25.35	407	25	26	24.9	2916	11058	984345	
FTM	1.64	1.44	1.54	1.46	2031	1.47	1315	1.48	121	-0.06	-3.9	1.48	874	12656	1.49	635	1.5	1498	1.51	390	1.48	1.54	1.47	0	0	2435626	
FTS	11.95	10.45	11.2	11.1	2154	11.15	1012	11.2	1014	0.15	1.34	11.35	20	2050	11.35	187	11.4	810	11.45	69	0	11.35	11.15	0	0	9459637	
FUCTVGF1	12.7	11.1	11.9	0	0	0	0	0	0	0	0	0	0	0	0	0	0	0	0	0	0	0	0	0	0	734571	
FUCTVGF2	10.25	8.91	9.58	0	0	0	0	0	0	0	0	0	0	0	0	0	0	0	0	0	0	0	0	0	0	808607	
FUCVREIT	8.88	7.72	8.3	0	0	0	0	0	0	0	0	0	0	0	8.2	70	8.3	108	8.5	2	0	0	0	0	0	239050	
FUESSV50	12.51	10.89	11.7	11.4	1200	11.5	1000	11.6	100	-0.1	-0.85	11.6	1000	5035	11.61	990	11.7	980	11.74	1130	0	11.74	11.6	30	0	438508	
FUESSVFL	9.91	8.63	9.27	9.23	1657	9.24	1926	9.25	1640	0.05	0.54	9.32	200	202	9.32	10727	9.33	9592	9.34	11461	0	9.38	9.32	0	0	1212404	
FUEVFVND	13.05	11.35	12.2	12.1	11	12.11	2510	12.15	23	0.12	0.98	12.32	1059	54556	12.32	914	12.33	1000	12.5	2511	12.32	12.5	12.15	89843	3086	0	
GAB	161.3	140.3	150.8	149.8	6725	149.9	5463	150	2868	-0.8	-0.53	150	898	4254	150.1	30	150.2	32	150.8	126	150	151	150	0	7	660551	
GAS	80.2	69.8	75	73.7	2158	73.8	3807	73.9	1230	-1.1	-1.47	73.9	5136	98270	74	413	74.1	559	74.2	815	73.9	74.9	73.6	15658	7027	87480744	
GDT	29.6	25.8	27.7	27.15	1	27.2	5	27.3	1	-0.3	-1.08	27.4	50	1291	27.4	32	27.5	589	27.6	14	27.4	27.6	27.2	0	0	486390	
GEG	22.45	19.55	21	20.9	996	20.95	365	21	182	0.05	0.24	21.05	1643	37947	21.05	357	21.1	8	21.15	92	21.05	21.3	20.9	0	30	2462595	
GEX	18.05	15.75	16.9	17	31087	17.05	12203	17.1	18912	0.2	1.18	17.1	28357	563482	17.15	8415	17.2	9567	17.25	5549	17.1	17.55	17.05	7302	4828	16545729	
GIL	20.1	17.5	18.8	18.5	1294	18.55	152	18.6	678	-0.2	-1.06	18.6	706	16655	18.75	129	18.8	600	18.85	310	18.6	18.8	18.45	560	0	1056851	
GMC	19.7	17.2	18.45	18.2	328	18.3	61	18.35	103	0	0	18.45	13	1065	18.6	110	18.7	110	18.9	227	18.45	18.65	18.35	0	0	1034769	
GMD	20.75	18.05	19.4	19.2	4807	19.25	1877	19.3	345	-0.1	-0.52	19.3	2960	30883	19.35	400	19.4	608	19.45	570	19.3	19.5	19.25	215	0	0	
GSP	10.95	9.54	10.25	9.65	3	10	10	10.25	30	0.1	0.98	10.35	11	12	10.3	257	10.35	397	10.4	11	10.35	10.35	10.35	0	0	1313258	
GTA	12.05	10.55	11.3	10.65	5	10.7	13	10.75	5	0	0	11.3	1	54	11.3	55	11.35	100	11.4	100	0	11.3	10.6	0	0	506428	
GTN	18.2	15.9	17.05	16.8	9172	16.85	756	16.9	7279	-0.15	-0.88	16.9	7627	89503	16.95	5000	17	782	17.05	5836	16.9	17.2	16.9	1009	898	24924612	
GVR	13.65	11.95	12.8	12.35	2022	12.4	7245	12.45	3469	-0.3	-2.34	12.5	8658	140118	12.5	2252	12.6	1339	12.65	1106	12.5	12.85	12.4	1478	2478	49582480	
HAG	4.42	3.86	4.14	4.13	28490	4.14	19407	4.15	3680	0.01	0.24	4.15	14400	315953	4.16	4500	4.17	4655	4.18	1820	4.15	4.24	4.07	849	990	38008254	
HAH	11.7	10.2	10.95	10.75	1241	10.85	114	10.9	2	-0.05	-0.46	10.9	218	3506	10.95	2229	11	2302	11.05	150	10.9	10.95	10.7	0	0	1368753	
HAI	3.22	2.8	3.01	2.97	8816	2.98	4966	2.99	3308	0	0	3.01	17136	159857	3.01	23422	3.02	2972	3.03	5768	3.01	3.02	2.97	6411	500	8637485	
HAP	3.37	2.93	3.15	3.1	1100	3.11	800	3.12	436	-0.01	-0.32	3.14	1	1352	3.14	384	3.15	1156	3.17	130	3.14	3.15	3.12	0	0	2326943	
HAR	3.04	2.66	2.85	2.86	500	2.87	439	2.88	2100	0.07	2.46	2.92	2166	86171	2.92	2765	2.93	567	2.94	205	2.92	3	2.81	0	0	4944902	
HAS	8.23	7.17	7.7	0	0	0	0	7.17	50	-0.53	-6.88	7.17	5	109	7.5	96	7.7	52	7.8	10	0	7.5	7.17	0	0	235559	
HAX	12.7	11.1	11.9	11.55	55	11.6	829	11.65	446	-0.15	-1.26	11.75	41	11214	11.75	507	11.8	855	11.85	675	11.75	11.9	11.6	50	0	1539607	
HBC	9.35	8.13	8.74	8.8	18672	8.81	2385	8.82	226	0.08	0.92	8.82	16662	479810	8.85	1242	8.86	374	8.87	747	8.82	9.12	8.75	20	16344	6642690	
HCD	3.22	2.8	3.01	2.99	1089	3	392	3.01	284	0	0	3.01	702	44667	3.02	5041	3.04	2000	3.05	4456	3.01	3.11	2.98	0	0	1320269	
HCM	19.75	17.25	18.5	18.4	4571	18.45	7704	18.5	6770	0	0	18.5	20463	292016	18.6	1894	18.65	129	18.7	987	18.5	19.15	18.35	6663	42036	14083548	
HDB	26.8	23.3	25.05	23.8	4519	23.85	1643	23.9	698	-1.15	-4.59	23.9	5280	104664	24.05	110	24.1	2830	24.15	762	23.9	24.5	23.85	1454	10476	8701482	
HDC	19.95	17.35	18.65	17.55	1251	17.6	2517	17.65	2823	-1	-5.36	17.65	26194	206117	17.7	30	17.85	400	17.9	1445	17.65	18.65	17.6	716	14619	2427396	
HDG	28.6	24.9	26.75	25.8	330	25.9	1001	26	5757	-0.75	-2.8	26	3803	57765	26.1	500	26.2	1193	26.4	450	26	26.75	26	100	822	3913377	
HHS	4.49	3.91	4.2	4.1	15375	4.11	7580	4.12	8583	-0.08	-1.9	4.12	28600	215116	4.14	5000	4.16	5000	4.17	10	4.12	4.24	4.12	0	9453	12590299	
HID	2.66	2.32	2.49	2.44	1610	2.45	3295	2.46	650	-0.02	-0.8	2.47	533	6221	2.47	1297	2.49	429	2.5	1987	2.47	2.5	2.45	0	0	2825338	
HII	13.9	12.1	13	13.8	239	13.85	116	13.9	1326	0.9	6.92	13.9	300	37772	0	0	0	0	0	0	13.9	13.9	13	2036	20	1355843	
HMC	15.15	13.25	14.2	0	0	13.35	200	13.6	19	-0.6	-4.23	13.6	191	2344	14.8	50	14.9	11	14.95	166	13.6	14.8	13.6	0	0	1003126	
HNG	15.6	13.6	14.6	14.3	1294	14.35	2057	14.4	399	-0.1	-0.68	14.5	3003	40126	14.5	845	14.55	2216	14.6	3785	14.5	14.7	14.35	0	1006	53995551	
HOT	44.4	38.6	41.5	0	0	0	0	0	0	0	0	0	0	0	41.5	5	41.8	6	42	13	0	0	0	0	0	391818	
HPG	28.35	24.65	26.5	27.1	19981	27.15	25332	27.2	55148	0.75	2.83	27.25	87629	1625281	27.25	6008	27.3	28007	27.35	23487	27.25	27.45	26.25	252881	365119	33486441	
HPX	28.75	25.05	26.9	26.7	3	26.75	23	26.8	60	-0.1	-0.37	26.8	332	32532	26.85	626	26.9	107	26.95	152	0	26.9	26.75	288	0	8087427	
HQC	1.15	1.01	1.08	1.06	78799	1.07	50730	1.08	36596	0	0	1.08	79792	363517	1.09	178024	1.1	86861	1.11	63430	1.08	1.09	1.06	0	18423	21494005	
HRC	40.65	35.35	38	0	0	36	200	38	153	0	0	38	1	47	40	87	40.65	412	0	0	0	38	38	0	0	1456552	
HSG	9.91	8.63	9.27	9.64	1829	9.65	400	9.66	110	0.43	4.64	9.7	36122	1041391	9.7	19471	9.71	150	9.72	4442	9.7	9.75	9.1	51314	97221	14475999	
HSL	5.98	5.2	5.59	5.46	150	5.47	6	5.5	47	-0.05	-0.89	5.54	1	5895	5.54	298	5.55	305	5.56	561	5.54	5.6	5.5	0	0	1361151	
HT1	14.55	12.65	13.6	13.5	3158	13.55	1254	13.6	1035	0	0	13.6	3220	36749	13.65	60	13.75	141	13.8	1347	13.6	13.9	13.5	780	2560	16247352	
HTI	12.8	11.2	12	11.4	25	11.55	501	11.9	33	0	0	12	33	300	12	110	12.2	38	12.3	370	12	12.2	12	0	0	791573	
HTL	14.1	12.3	13.2	12.4	10	12.5	55	13.2	30	0	0	0	0	0	13.8	1	13.85	20	13.9	30	0	0	0	0	0	30155	
HTN	18.65	16.25	17.45	17.3	259	17.35	322	17.4	129	0.05	0.29	17.5	2	9338	17.5	298	17.55	240	17.6	485	17.5	17.7	17.3	0	0	1428262	
HTT	0.73	0.65	0.69	0	0	0	0	0	0	0	0	0	0	0	0	0	0	0	0	0	0	0	0	0	0	956200	
HTV	14.75	12.85	13.8	13	10	13.05	3	13.5	1	0	0	13.8	30	30	13.8	360	13.9	350	14.2	100	13.8	13.8	13.8	0	0	455926	
HU1	6.31	5.49	5.9	0	0	0	0	5.5	59	-0.4	-6.78	5.5	74	74	5.89	28	5.9	432	6.31	3	0	5.5	5.5	0	0	453177	
HU3	7.91	6.89	7.4	7.09	15	7.1	15	7.4	50	0.2	2.7	7.6	4	4	7.6	216	7.9	725	7.91	216	0	7.6	7.6	0	4	434335	
HUB	17.65	15.35	16.5	0	0	15.5	56	16	10	0	0	16.5	9	559	16.5	18	16.9	98	17.5	10	16.5	16.5	16.5	0	0	747054	
HVG	5.77	5.03	5.4	0	0	0	0	0	0	0	0	0	0	0	0	0	0	0	0	0	0	0	0	0	0	9040458	
HVH	8.51	7.41	7.96	7.84	4	7.85	1300	7.88	200	-0.05	-0.63	7.91	45	16928	7.91	213	7.92	10	7.93	991	7.91	8	7.85	659	388	961941	
HVN	29.2	25.4	27.3	26.8	3185	26.85	1017	26.9	5659	-0.4	-1.47	26.9	16243	96198	27	1150	27.05	2421	27.1	1739	26.9	27.4	26.9	245	4363	29291598	
HVX	4.01	3.49	3.75	0	0	0	0	0	0	0	0	0	0	0	3.75	168	3.8	30	4	1	0	0	0	0	0	1924059	
IBC	23.5	20.5	22	21.85	132	21.9	135	21.95	123	0	0	22	3	8186	22	994	22.1	191	22.2	198	22	22.05	21.4	100	0	1976514	
ICT	17.1	14.9	16	15.55	119	15.6	43	15.65	1	-0.1	-0.62	15.9	200	2956	15.9	259	15.95	500	16	1026	15.9	16	15.5	1000	300	3214071	
IDI	4.57	3.99	4.28	4.16	2795	4.17	7859	4.18	3180	-0.09	-2.1	4.19	1323	128151	4.19	1468	4.2	400	4.21	380	4.19	4.28	4.15	0	2379	10976274	
IJC	12.8	11.2	12	11.85	906	11.9	36	11.95	20	0	0	12	1013	14392	12	546	12.1	1106	12.2	1660	12	12.1	11.85	5	288	6516258	
ILB	17.4	15.2	16.3	15.5	336	15.6	200	16.2	28	0	0	16.3	1	438	16.3	411	16.5	10	17	513	16.3	16.35	16.2	0	0	0	
IMP	57.2	49.8	53.5	52.6	150	52.7	21	52.8	621	-0.6	-1.12	52.9	862	7041	52.9	122	53.5	200	53.7	19	52.9	53.7	52.9	0	1035	0	
ITA	2.79	2.43	2.61	2.59	54750	2.6	12253	2.61	6510	0.01	0.38	2.62	40561	723205	2.62	8277	2.63	30811	2.64	26268	2.62	2.64	2.59	10725	11348	39450894	
ITC	13.4	11.7	12.55	12.1	101	12.2	20	12.4	1	-0.15	-1.2	12.4	20	57	12.95	29	13	487	13.2	156	12.4	12.95	12.4	0	0	3518729	
ITD	9.2	8	8.6	8.33	1	8.45	1	8.46	4	-0.13	-1.51	8.47	4	42	8.47	35	8.5	523	8.58	399	8.47	8.58	8.47	0	0	682375	
JVC	2.87	2.51	2.69	2.64	1891	2.65	9471	2.66	3435	-0.03	-1.12	2.66	5777	44701	2.69	908	2.7	6222	2.71	7590	2.66	2.7	2.66	0	2500	298220	
KBC	13.9	12.1	13	12.7	8135	12.75	2906	12.8	19111	-0.15	-1.15	12.85	8539	324496	12.85	9641	12.9	18390	12.95	33215	12.85	13.05	12.8	1570	27452	12831523	
KDC	30.1	26.2	28.15	28.8	2070	28.85	60	28.9	50	0.85	3.02	29	1826	94253	29	173	29.05	136	29.1	3583	29	30	28.3	1050	4327	20951237	
KDH	23.5	20.5	22	21.2	1825	21.25	2179	21.3	2862	-0.7	-3.18	21.3	8705	65416	21.55	190	21.6	203	21.65	200	21.3	22.05	21.25	13	4627	2793845	
KHP	8.93	7.77	8.35	8.27	2	8.3	4	8.33	5	0	0	8.35	1	32	8.35	478	8.48	2	8.5	180	8.35	8.5	8.3	1	0	1168728	
KMR	2.35	2.05	2.2	2.14	856	2.15	1100	2.16	175	-0.03	-1.36	2.17	1138	16981	2.17	22	2.18	619	2.19	320	2.17	2.19	2.12	0	0	2120047	
KOS	31.35	27.25	29.3	28.2	1304	28.3	2765	28.4	1055	-0.8	-2.73	28.5	6384	38720	28.5	586	28.6	149	28.7	94	28.5	29	28.4	722	0	5049341	
KPF	21.1	18.4	19.75	0	0	0	0	0	0	-1.35	-6.84	18.4	100	191	18.4	870	19.5	40	19.6	14	18.4	20.5	18.4	0	0	882579	
KSB	21.8	19	20.4	21.65	13042	21.7	8410	21.75	9144	1.4	6.86	21.8	24681	255063	21.8	22197	0	0	0	0	21.8	21.8	20.4	4573	18988	2049867	
L10	14.85	12.95	13.9	0	0	13	1010	13.2	59	-0.7	-5.04	13.2	1	12	0	0	0	0	0	0	13.2	14.85	13.2	0	0	475275	
LAF	9.63	8.37	9	0	0	8.37	1	8.38	5	0	0	0	0	0	9	30	9.49	5	9.5	645	0	0	0	0	0	686619	
LBM	30.15	26.25	28.2	26.25	1	27.05	53	27.1	110	-0.1	-0.35	28.1	9	19	28.2	101	29	101	29.5	45	0	28.2	28.1	10	0	433840	
LCG	6.9	6	6.45	6.25	560	6.26	110	6.28	741	-0.15	-2.33	6.3	6787	57330	6.29	218	6.35	597	6.37	304	6.3	6.5	6.3	0	0	1883635	
LCM	0.69	0.61	0.65	0.61	2278	0.62	534	0.63	10	-0.01	-1.54	0.64	2	607	0.65	66	0.66	854	0.67	500	0	0.65	0.61	0	0	995529	
LDG	5.77	5.03	5.4	5.23	3050	5.24	3000	5.25	1603	-0.15	-2.78	5.25	30942	376552	5.28	1000	5.29	700	5.3	10305	5.25	5.51	5.25	500	6894	11469651	
LEC	18.05	15.75	16.9	0	0	0	0	15.75	1	0	0	16.9	20	20	16.8	41	16.9	37	0	0	16.9	16.9	16.9	0	0	1278863	
LGC	46.3	40.3	43.3	0	0	0	0	0	0	0	0	43.3	228	231	40.3	300	43.3	342	46.3	100	0	43.3	40.3	0	201	768009	
LGL	5.17	4.51	4.84	4.75	150	4.76	36	4.79	10	0	0	4.84	55	4639	4.84	996	4.85	3199	4.86	180	4.84	4.89	4.66	0	0	2261195	
LHG	18.5	16.1	17.3	17.2	41	17.25	801	17.3	2333	0	0	17.3	1200	28634	17.35	2325	17.4	4267	17.45	956	17.3	17.35	17	673	56	2057440	
LIX	64.7	56.3	60.5	58.6	30	58.7	200	58.8	86	-1	-1.65	59.5	207	4710	59.5	69	59.8	50	60	1486	59.5	60.5	58.8	373	422	1251631	
LM8	19.2	16.7	17.95	16.75	2	16.8	6	16.85	2	-0.55	-3.06	17.4	2	814	17.4	26	17.45	5	17.5	36	17.4	17.55	16.7	0	0	443472	
LMH	1.07	0.93	1	0	0	0	0	0	0	-0.07	-7	0.93	2	31702	0.93	282935	0.94	377	0.95	48	0.93	0.93	0.93	0	0	2562923	
LSS	5.13	4.47	4.8	4.66	521	4.67	200	4.68	241	-0.12	-2.5	4.68	402	4202	4.69	40	4.72	98	4.75	449	4.68	4.8	4.65	101	0	3317491	
MBB	18.8	16.4	17.6	17.15	11519	17.2	28506	17.25	38108	-0.35	-1.99	17.25	55954	770521	17.3	21781	17.35	4055	17.4	14435	17.25	17.65	17.2	10000	52670	0	
MCG	1.76	1.54	1.65	0	0	1.55	301	1.56	100	0	0	0	0	0	1.64	62	1.65	323	1.66	49	0	0	0	0	0	2546182	
MCP	14.3	12.5	13.4	0	0	0	0	12.55	11	0	0	0	0	0	0	0	0	0	0	0	0	0	0	0	0	735596	
MDG	12.6	11	11.8	0	0	0	0	11.1	1	0	0	11.8	1	2	11.8	99	12	300	12.5	166	11.8	11.8	11.5	0	0	533562	
MHC	3.04	2.66	2.85	2.84	500	2.85	1356	2.86	471	0.04	1.4	2.89	1	2165	2.87	27	2.88	530	2.89	1418	0	2.9	2.85	0	0	1947119	
MSH	38.6	33.6	36.1	35.9	412	35.95	202	36	100	-0.1	-0.28	36	154	7837	36.1	147	36.2	1	36.3	108	36	36.4	35.85	697	1227	2235276	
MSN	68.2	59.4	63.8	61.8	2891	61.9	2625	62	8514	-1.8	-2.82	62	20543	131085	62.1	10	62.2	20	62.5	143	62	63.7	62	3068	3629	11240676	
MWG	93	81	87	84.8	5115	84.9	2081	85	4957	-2	-2.3	85	20527	147582	85.2	1	85.3	250	85.4	923	85	87.1	85	8458	8458	0	
NAF	27.8	24.2	26	24.8	73	24.9	26	24.95	26	-1	-3.85	25	300	1893	25	66	25.1	52	25.4	85	25	25.7	24.9	0	0	4117225	
NAV	20.55	17.95	19.25	0	0	18	40	20.05	1	-1.3	-6.75	17.95	1	1	20.5	10	0	0	0	0	0	17.95	17.95	0	0	381738	
NBB	20.7	18	19.35	19.05	29	19.1	500	19.15	2	-0.15	-0.78	19.2	50	824	19.2	114	19.3	297	19.35	275	0	19.2	19.1	0	0	3106156	
NCT	65.4	57	61.2	61	61	61.1	321	61.2	48	0	0	61.2	301	1729	61.3	110	61.4	130	61.5	373	61.2	61.5	61.2	0	0	1001465	
NHH	52.4	45.6	49	48	10	48.2	20	48.5	15	0	0	49	1	23773	49	169	49.5	150	50	450	0	49.15	48.5	56	0	1676586	
NKG	7.63	6.65	7.14	7.41	6297	7.42	4555	7.43	5334	0.3	4.2	7.44	24008	550861	7.44	9423	7.45	7040	7.46	14637	7.44	7.46	7.25	8876	101672	13978109	
NLG	25.25	21.95	23.6	22.95	7431	23	4781	23.05	897	-0.6	-2.54	23	7118	81342	23.1	3000	23.2	195	23.25	204	23	23.7	22.95	60	807	415095	
NNC	50.2	43.75	47	45.6	2	45.65	11	45.7	2	0	0	47	5	136	47	270	47.2	338	47.25	1000	0	47	45.1	0	0	685647	
NSC	67.9	59.1	63.5	63.2	53	63.4	6	63.5	25	0.3	0.47	63.8	47	235	63.8	114	64	1087	64.3	100	63.8	64	63.5	0	114	681214	
NT2	22	19.2	20.6	20.4	3860	20.45	603	20.5	135	-0.1	-0.49	20.5	593	19722	20.6	500	20.65	60	20.7	545	20.5	20.7	20.45	1151	0	8998477	
NTL	18.8	16.4	17.6	17.25	180	17.3	480	17.35	225	-0.15	-0.85	17.45	451	13073	17.45	89	17.6	2608	17.7	420	17.45	17.8	17.35	0	348	2836924	
NVL	57.2	49.8	53.5	53	1867	53.1	1200	53.2	1000	-0.2	-0.37	53.3	4108	105149	53.3	1825	53.4	2404	53.5	1861	53.3	54.3	52.4	0	1245	31417829	
NVT	5.36	4.66	5.01	5	5	5.01	63	5.03	50	0.1	2	5.11	10	194	5.24	90	5.25	144	5.28	1050	0	5.25	5.01	0	0	7325534	
OGC	3.41	2.97	3.19	3.15	16545	3.16	2110	3.17	779	0	0	3.19	1737	67285	3.19	2805	3.2	2129	3.22	30	3.19	3.26	3.16	0	1040	14555065	
OPC	59.3	51.7	55.5	56	316	56.1	10	56.2	50	0.8	1.44	56.3	4	724	56.5	74	57	210	58.4	15	0	58.5	56	10	0	1166801	
PAC	24.35	21.25	22.8	0	0	0	0	0	0	-1.55	-6.8	21.25	1037	7272	21.25	1122	22.55	142	22.6	432	21.25	22.7	21.25	250	0	1308616	
PAN	23.5	20.5	22	21.6	50	21.7	50	21.8	1300	-0.1	-0.45	21.9	652	2927	21.9	48	22	338	22.2	148	21.9	22.4	21.9	42	62	1033860	
PC1	17.95	15.65	16.8	16.7	8493	16.75	2364	16.8	42	0	0	16.8	372	72007	16.85	1225	16.9	1214	16.95	113	16.8	17	16.75	161	180	4629176	
PDN	68.4	59.6	64	60.7	5	63	19	64	12	2	3.12	66	75	80	65	7	65.6	1	66	45	0	66	66	0	0	902258	
PDR	26.7	23.25	28.2	24.7	1099	24.75	1363	24.85	243	-3.35	-11.88	24.85	1192	81979	25.05	387	25.1	560	25.2	990	24.85	25.05	24.65	1250	522	15040192	
PET	9.82	8.54	9.18	9.02	1000	9.1	564	9.11	891	-0.07	-0.76	9.11	1324	32323	9.18	8	9.2	1471	9.22	400	9.11	9.39	9.08	700	673	2785128	
PGC	14.95	13.05	14	14	1040	14.1	130	14.2	20	0.3	2.14	14.3	360	4255	14.25	380	14.3	362	14.45	500	14.3	14.3	14	0	0	2498762	
PGD	32.3	28.1	30.2	30.3	10	30.4	5	30.5	261	0.7	2.32	30.9	1	16	30.9	157	30.95	2	31	304	30.9	31	30.3	0	0	179205	
PGI	17	14.8	15.9	15.9	120	15.95	1	16	105	0.1	0.63	16	100	600	16.5	200	16.9	6	17	1199	0	16	16	0	0	2515023	
PHC	10.25	8.93	9.6	9.5	170	9.51	20	9.59	300	0	0	9.6	262	3063	9.6	2647	9.62	100	9.8	150	9.6	9.61	9.52	0	0	1258456	
PHR	49.2	42.8	46	45.4	1578	45.45	672	45.5	1920	-0.5	-1.09	45.5	5445	117398	45.6	611	45.65	330	45.7	1007	45.5	46.45	45.45	970	1335	5429543	
PIT	4.01	3.49	3.75	0	0	3.49	302	3.5	31	-0.25	-6.67	3.5	4	30	3.8	35	0	0	0	0	3.5	3.8	3.5	0	0	733742	
PJT	10.75	9.35	10.05	10.1	11	10.15	1356	10.2	30	0.35	3.48	10.4	4	238	10.5	51	10.75	205	0	0	0	10.4	10.15	0	0	713071	
PLP	9.2	8	8.6	8.4	200	8.42	166	8.43	53	-0.17	-1.98	8.43	100	2741	8.5	100	8.55	100	8.58	226	8.43	8.8	8.43	0	0	977806	
PLX	50.2	43.75	47	46.25	707	46.3	2530	46.35	905	-0.6	-1.28	46.4	5753	79593	46.4	336	46.5	7373	46.6	141	46.4	46.9	46.2	83	2574	8642081	
PME	62.2	54.2	58.2	58.5	1415	58.6	642	58.7	1353	0.8	1.37	59	302	2717	59	8	59.4	28	59.6	1	59	59.9	58.2	0	20	2844281	
PMG	13.05	11.35	12.2	12.15	5	12.2	203	12.3	230	0.25	2.05	12.45	6	133	12.45	111	12.5	20	12.65	141	12.45	12.45	12.25	0	0	2018910	
PNC	9.73	8.47	9.1	8.66	20	8.7	5	8.8	1	-0.3	-3.3	8.8	2	4	9.2	25	9.6	9	9.7	94	0	9.2	8.8	0	0	532156	
PNJ	68.4	59.6	64	63	15495	63.1	4077	63.2	1940	-0.8	-1.25	63.2	4145	80120	63.3	670	63.4	1932	63.5	1828	63.2	63.7	62.8	8444	8444	0	
POM	5.09	4.43	4.76	4.7	120	4.71	100	4.76	927	0.04	0.84	4.8	300	4409	4.8	45	4.85	63	4.9	100	0	4.85	4.76	0	0	11501847	
POW	10.9	9.49	10.2	10	55384	10.05	23071	10.1	76518	-0.1	-0.98	10.1	17845	342786	10.15	40063	10.2	70319	10.25	22787	10.1	10.2	10.1	174947	128735	88195272	
PPC	26.05	22.65	24.35	23.95	13	24	2956	24.05	2470	-0.3	-1.23	24.05	2970	17638	24.3	205	24.35	818	24.4	830	24.05	24.45	24	4511	4210	10605651	
PTB	49.7	43.2	46.45	46.15	373	46.2	659	46.3	308	-0.15	-0.32	46.3	344	11366	46.5	998	46.6	160	46.65	242	46.3	46.8	46.15	193	101	1472083	
PTC	9.09	7.91	8.5	8.25	8	8.26	100	8.5	548	0	0	8.5	9	952	8.55	38	9.07	743	9.08	1046	0	8.5	8.5	0	0	876766	
PTL	3.53	3.07	3.3	0	0	3.07	652	3.08	44	-0.06	-1.82	3.24	1	2001	3.24	49	3.28	160	3.29	150	3.24	3.24	3.07	0	0	4874916	
PVD	11.55	10.05	10.8	10.65	9612	10.7	38366	10.75	3646	-0.05	-0.46	10.75	27233	740437	10.8	17963	10.85	5124	10.9	9959	10.75	11.2	10.7	16083	562	15378854	
PVT	11.4	9.96	10.7	10.4	7179	10.45	446	10.5	2899	-0.2	-1.87	10.5	32970	221138	10.55	741	10.6	1885	10.65	810	10.5	10.8	10.5	100	50012	6708330	
PXI	2.84	2.48	2.66	0	0	0	0	0	0	0.1	3.76	2.76	2	2	2.75	20	2.76	49	2.77	22	0	2.76	2.76	0	0	1457811	
PXS	4.7	4.1	4.4	4.19	100	4.2	142	4.3	9	-0.1	-2.27	4.3	202	8780	4.37	500	4.38	3370	4.39	273	4.3	4.39	4.2	0	0	2291217	
PXT	1.2	1.06	1.13	0	0	1.06	207	1.1	7	0	0	1.13	1	5	1.11	52	1.12	993	1.13	100	0	1.14	1.06	0	0	960326	
QBS	2.02	1.76	1.89	1.85	515	1.86	321	1.87	606	-0.01	-0.53	1.88	101	2207	1.88	606	1.9	499	1.91	37	1.88	1.9	1.88	0	0	0	
QCG	8.56	7.44	8	7.73	200	7.75	1110	7.78	898	-0.22	-2.75	7.78	7693	59314	7.9	454	7.92	10	7.93	339	7.78	8.1	7.78	761	74	13329649	
RAL	89.9	78.3	84.1	82.1	50	82.3	1	82.5	1	-0.1	-0.12	84	59	714	84	144	84.1	30	85	62	84	84	82	0	0	547134	
RDP	7.83	6.81	7.32	7.2	200	7.25	2	7.3	300	0.18	2.46	7.5	1	1	7.5	99	7.76	50	7.77	100	7.5	7.5	7.5	0	0	1811791	
REE	34	29.6	31.8	31.1	2849	31.15	2315	31.2	151	-0.6	-1.89	31.2	3599	40866	31.3	400	31.35	339	31.4	473	31.2	31.6	31.2	0	0	0	
RIC	5.02	4.38	4.7	0	0	0	0	0	0	0	0	0	0	0	4.6	9	4.68	1	4.69	7	0	0	0	0	0	473284	
ROS	3.87	3.37	3.62	3.47	10942	3.48	5726	3.49	15325	-0.13	-3.59	3.49	18667	408688	3.5	5083	3.51	17947	3.52	9087	3.49	3.6	3.47	48525	21907	26353241	
S4A	29.6	25.8	27.7	26.5	8	26.55	1	27.2	2	-0.3	-1.08	27.4	50	50	27.4	146	27.5	171	28.2	896	0	27.4	27.4	0	0	2066289	
SAB	188.3	163.7	176	173.5	1004	173.9	91	174	1368	-2	-1.14	174	635	4522	175	133	175.1	10	175.2	13	174	176	173	1331	838	23512067	
SAM	9.89	8.61	9.25	9.14	478	9.15	299	9.2	1530	0	0	9.25	2253	7353	9.25	996	9.29	300	9.3	274	9.25	9.25	9.14	0	392	12169662	
SAV	9.73	8.47	9.1	8.65	40	8.67	40	8.72	100	0.19	2.09	9.29	9	478	9.28	101	9.29	336	9.3	81	0	9.29	9.2	0	0	0	
SBA	15.3	13.3	14.3	13.9	100	14.05	100	14.1	200	0	0	14.3	146	1400	14.3	54	14.35	40	14.4	205	0	14.3	14.2	0	0	2961980	
SBT	16.15	14.05	15.1	14.8	2324	14.85	1756	14.9	2064	-0.2	-1.32	14.9	11418	228860	14.95	300	15	3665	15.05	2077	14.9	15.2	14.75	2700	4622	55288368	
SBV	9.75	8.49	9.12	9.2	110	9.25	60	9.3	50	0.63	6.91	9.75	128	3459	0	0	0	0	0	0	9.75	9.75	9.15	0	501	845666	
SC5	22.2	19.3	20.75	0	0	0	0	0	0	-1.45	-6.99	19.3	10	11	19.8	80	21.85	1	21.9	4	19.3	21.9	19.3	0	0	667153	
SCD	23.3	20.3	21.8	21.4	50	21.45	8	21.5	29	-0.3	-1.38	21.5	21	400	22	129	22.2	2	22.35	20	0	22	21.2	0	0	344700	
SCR	4.93	4.29	4.61	4.56	952	4.57	2110	4.58	3169	-0.02	-0.43	4.59	18875	109507	4.59	34	4.61	2195	4.63	100	4.59	4.65	4.59	376	1270	17414397	
SCS	121.9	106.1	114	116	144	116.1	14	116.2	20	2.3	2.02	116.3	136	4201	116.3	101	116.4	55	116.5	154	116.3	116.4	114	2190	22	1400375	
SFC	21.45	18.65	20.05	19.2	101	19.3	10	19.5	300	0	0	0	0	0	21.3	7	21.45	57	0	0	0	0	0	0	0	544500	
SFG	6.08	5.3	5.69	5.33	550	5.34	140	5.35	69	-0.34	-5.98	5.35	100	1501	5.4	199	5.5	150	5.59	20	5.35	5.59	5.34	0	0	2256084	
SFI	20.85	18.15	19.5	18.65	3	18.7	2	18.8	1	0.9	4.62	20.4	4	355	20.4	16	20.6	17	20.8	1	20.4	20.4	20	3	0	563379	
SGN	76.6	66.6	71.6	71.6	157	71.7	198	72	195	0.4	0.56	72	5	700	72.3	460	72.4	132	72.5	516	72	72.5	71.6	83	0	930868	
SGR	15.5	13.5	14.5	14	6	14.2	1	14.6	1	0.1	0.69	14.6	90	110	14.75	4	15.35	30	15.4	3	0	14.8	14.6	0	0	2231257	
SGT	4.49	3.91	4.2	3.91	350	4.21	875	4.22	120	0.27	6.43	4.47	1	32	4.47	88	4.48	500	4.49	1356	4.47	4.49	4.2	0	0	2599672	
SHA	4.46	3.88	4.17	4	11	4.01	11	4.05	21	-0.01	-0.24	4.16	50	50	4.17	2000	4.18	1000	4.19	1169	0	4.16	4.16	0	0	1455502	
SHI	9.41	8.19	8.8	8.55	10	8.6	102	8.75	17	0.08	0.91	8.88	1	53493	8.88	1534	8.89	100	8.9	118	8.88	8.9	8.65	582	0	4200691	
SHP	25.65	22.35	24	23.3	501	23.6	300	23.7	1	0	0	24	1	2	24	427	24.2	101	24.3	107	0	24.3	24	0	1	4123400	
SII	19	16.6	17.8	0	0	16.6	22	16.7	16	-0.35	-1.97	17.45	32	34	17.4	5	17.45	10	17.5	5	17.45	17.45	16.65	0	0	2732	
SJD	18.15	15.85	17	16.8	707	16.9	202	17	643	0	0	17	7	3102	17.1	260	17.2	2182	17.5	115	0	17	16.75	1000	300	1564837	
SJF	1.99	1.73	1.86	1.81	1050	1.82	3017	1.83	1399	-0.03	-1.61	1.83	618	17349	1.84	244	1.85	2000	1.86	288	1.83	1.91	1.82	0	1000	3856613	
SJS	20.3	17.7	19	18.9	1300	18.95	2078	19	60	0.05	0.26	19.05	70	5622	19.05	329	19.1	294	19.2	612	19.05	19.3	18.95	532	490	5374987	
SKG	11.1	9.68	10.4	10.15	2001	10.2	4156	10.25	2667	-0.15	-1.44	10.25	560	17184	10.3	83	10.35	100	10.4	1076	10.25	10.45	10.25	0	0	229078	
SMA	20.4	17.8	19.1	0	0	0	0	0	0	-1.3	-6.81	17.8	4	40	17.8	2762	18	101	19.1	802	0	17.8	17.8	0	0	928092	
SMB	34	29.6	31.8	31.3	1	31.4	20	31.5	1	0.2	0.63	32	410	1328	32	230	32.5	357	32.9	1	32	32	31.8	210	0	1082527	
SMC	11.65	10.15	10.9	10.55	223	10.6	10	10.9	60	0.4	3.67	11.3	2	57	11.3	825	11.35	473	11.4	98	11.3	11.4	10.9	4	0	969906	
SPM	11.15	9.72	10.45	9.85	3	9.9	1	10	1	0.15	1.44	10.6	1	97	10.6	90	10.65	32	10.95	20	0	10.65	9.85	20	0	642095	
SRC	17.5	15.3	16.4	16.05	9	16.1	71	16.15	16	0	0	16.4	50	837	16.4	233	16.5	253	16.55	11	16.4	16.4	16.1	0	0	1372379	
SRF	13.8	12	12.9	12.55	11	12.75	91	12.85	10	0.6	4.65	13.5	7	10	13.45	293	13.5	212	13.6	300	13.5	13.5	13.45	0	1	70934	
SSC	62.4	54.4	58.4	0	0	54.5	3	54.6	1	0	0	0	0	0	56	10	58	94	58.4	69	0	0	0	0	0	718874	
SSI	15.35	13.35	14.35	14.2	12715	14.25	4540	14.3	6884	-0.05	-0.35	14.3	29551	745501	14.35	591	14.4	1171	14.45	6120	14.3	14.7	14.1	9150	33532	29846869	
ST8	13.05	11.35	12.2	11.4	1100	11.45	50	11.5	40	0	0	0	0	0	12.1	3	12.2	74	12.3	120	0	0	0	0	0	0	
STB	11.2	9.77	10.5	10.1	58384	10.15	11902	10.2	11243	-0.3	-2.86	10.2	115770	1487014	10.25	20230	10.3	15878	10.35	10332	10.2	10.6	10.2	5730	46807	27315563	
STG	17.1	14.9	16	14.9	320	15	20	15.05	2	0	0	16	1	207	16	122	16.3	3	16.5	100	16	16	14.9	0	0	4806165	
STK	18.35	15.95	17.15	17.1	271	17.15	203	17.2	1137	0.05	0.29	17.2	266	5550	17.3	430	17.4	480	17.5	1090	17.2	17.4	17.15	2076	0	3168727	
SVC	75.1	65.3	70.2	70.2	309	72.5	39	73.5	10	3.8	5.41	74	51	2021	74	50	75	106	75.1	84	74	74	70.1	0	1790	1143984	
SVI	85	74	79.5	0	0	0	0	0	0	0	0	79.5	1	1	79.1	100	79.5	103	80	180	0	79.5	79.5	0	0	623497	
SVT	8.77	7.63	8.2	8.4	10	8.5	50	8.6	55	0.4	4.88	8.6	45	115	8.77	2	0	0	0	0	0	8.6	8.2	0	5	515360	
SZC	20.3	17.7	19	18.7	10473	18.75	5075	18.8	56	-0.15	-0.79	18.85	2755	87853	18.85	1161	18.9	2887	18.95	754	18.85	19.1	18.6	278	188	4876804	
SZL	42.25	36.75	39.5	38.2	115	38.5	111	38.6	5	-0.5	-1.27	39	291	5507	38.95	12	39	100	39.15	55	39	39.7	39	5	0	818514	
TAC	33.35	29.05	31.2	32	617	32.1	65	32.9	200	1.8	5.77	33	1311	6418	33	128	33.2	120	33.3	262	33	33.35	31.2	0	100	1617213	
TBC	25.1	21.9	23.5	22.9	3	23	3	23.3	1100	0	0	23.5	10	220	23.5	5	23.9	201	24	90	23.5	24	23.3	0	0	3079085	
TCB	23.5	20.5	22	20.95	58	21	37853	21.05	21145	-0.95	-4.32	21.05	30690	332204	21.1	3000	21.15	2694	21.2	3764	21.05	21.6	21.05	35074	35074	0	
TCD	10.35	9.01	9.68	0	0	0	0	9.01	6	-0.08	-0.83	9.6	30	421	9.57	46	9.58	20	9.6	9	9.6	9.89	9.01	0	0	1444541	
TCH	23.75	20.65	22.2	22.55	6174	22.6	55555	22.65	1700	0.55	2.48	22.75	12361	306246	22.75	6042	22.8	2201	22.85	1564	22.75	22.85	21.6	3169	3470	16191436	
TCL	24.15	21.05	22.6	22.5	502	22.7	209	22.8	74	0.2	0.88	22.8	646	7284	22.85	100	22.9	152	23	1598	22.8	23	22.3	0	43	1059729	
TCM	17.45	15.25	16.35	16.15	354	16.2	5810	16.25	3266	-0.05	-0.31	16.3	2691	59899	16.3	700	16.35	10598	16.4	2222	16.3	16.6	16.2	4	1908	26918	
TCO	9.76	8.5	9.13	8.5	36	8.6	60	8.61	7	0.63	6.9	9.76	10	41	9.76	30	0	0	0	0	0	9.76	8.5	0	0	873496	
TCR	3.26	2.84	3.05	0	0	0	0	2.84	11	0.1	3.28	3.15	1	1	2.98	1	2.99	1	3	122	0	3.15	3.15	0	0	0	
TCT	35.6	31	33.3	32.5	28	32.6	84	32.7	50	-0.5	-1.5	32.8	12	1006	33	504	33.5	851	33.8	1	32.8	33.2	32.8	0	728	366993	
TDC	8.49	7.39	7.94	7.89	207	7.9	2511	7.91	379	-0.03	-0.38	7.91	600	15189	7.92	633	7.93	1030	7.94	1718	7.91	7.97	7.9	800	0	4668720	
TDG	1.85	1.61	1.73	1.68	4710	1.69	5600	1.7	5412	-0.03	-1.73	1.7	1374	30414	1.71	1990	1.72	12551	1.73	3228	1.7	1.73	1.7	0	0	791710	
TDH	9.29	8.09	8.69	8.55	1887	8.59	2100	8.6	2334	-0.09	-1.04	8.6	5891	57686	8.63	500	8.66	600	8.67	2100	8.6	8.7	8.6	9879	737	1727030	
TDM	22.05	19.25	20.65	20.6	2004	20.65	1497	20.7	487	0.2	0.97	20.85	1900	26151	20.85	1095	20.9	310	20.95	10	20.85	20.85	20.5	5672	911	3695182	
TDW	26.15	22.75	24.45	24	5	24.45	2	24.5	50	0.55	2.25	25	1	1	0	0	0	0	0	0	0	25	25	0	0	394670	
TEG	5.08	4.42	4.75	4.95	355	5.07	5	5.08	9016	0.33	6.95	5.08	100	1477	0	0	0	0	0	0	0	5.08	5.08	0	0	1572181	
TGG	0.92	0.8	0.86	0.83	5943	0.84	6371	0.85	6	0	0	0.86	1	6771	0.86	11653	0.87	1870	0.88	4352	0.86	0.86	0.84	0	0	1253509	
THG	52.1	45.35	48.75	48.05	20	48.1	1	48.2	8	0.15	0.31	48.9	49	132	48.9	33	49	204	49.2	98	48.9	49.2	48.2	0	0	640252	
THI	27.9	24.3	26.1	25.6	210	26	100	26.1	198	0	0	26.1	2	2	27.4	57	27.9	30	0	0	0	26.1	26.1	0	0	2388065	
TIP	19.75	17.25	18.5	18.15	829	18.2	1798	18.25	762	-0.25	-1.35	18.25	515	10797	18.3	100	18.4	440	18.5	360	18.25	18.75	18.25	100	1200	979926	
TIX	32.9	28.6	30.75	0	0	28.7	2	30	55	-0.75	-2.44	30	20	25	32	7	32.8	7	32.9	5	0	30	30	0	0	1467467	
TLD	6.47	5.63	6.05	5.91	5	5.96	5	6	586	0	0	6.05	50	10853	6.05	617	6.1	1050	6.15	473	6.05	6.15	6	0	0	891177	
TLG	35.2	30.6	32.9	31.9	1437	31.95	500	32	797	-0.7	-2.13	32.2	442	28283	32.2	402	32.4	604	32.5	1800	32.2	33	31.9	505	18136	5873481	
TLH	3.49	3.05	3.27	3.2	392	3.21	700	3.22	2027	-0.04	-1.22	3.23	4752	17754	3.23	548	3.27	48	3.28	1211	3.23	3.28	3.2	0	0	4905566	
TMP	35.7	31.1	33.4	32.7	27	33	274	33.1	12	-0.3	-0.9	33.1	1	271	34.5	33	35	36	0	0	0	33.5	33.1	0	0	3407009	
TMS	27.05	23.55	25.3	25.1	3	25.2	10	25.3	6	0.1	0.4	25.4	1	2	25.8	49	25.95	22	26	509	25.4	26	25.4	0	0	0	
TMT	5.67	4.93	5.3	5.1	214	5.2	20	5.28	25	-0.02	-0.38	5.28	75	77	5.4	76	5.5	3	5.65	1	5.28	5.28	5.28	0	77	1733944	
TN1	69.6	60.6	65.1	64	30	64.2	30	64.6	31	-0.4	-0.61	64.7	50	167	64.7	30	64.8	5	64.9	79	0	65.1	64.7	0	0	649888	
TNA	19.3	16.8	18.05	18	1750	18.05	2581	18.1	1200	0.45	2.49	18.5	8381	58211	18.5	317	18.6	734	18.7	1012	18.5	18.8	18	100	360	1477911	
TNC	19.75	17.25	18.5	17.55	100	17.6	115	17.65	14	-0.9	-4.86	17.6	15	117	18.4	50	18.5	1113	19.2	108	0	19.5	17.55	0	0	898643	
TNI	11.05	9.63	10.35	10.2	1561	10.25	852	10.3	416	0	0	10.35	160	49254	10.35	1607	10.4	2009	10.45	2388	10.35	10.4	10.3	175	0	2517558	
TNT	1.61	1.41	1.51	1.47	31	1.48	571	1.49	389	-0.01	-0.66	1.5	410	2092	1.5	401	1.51	2007	1.52	500	1.5	1.51	1.49	0	0	1237141	
TPB	23.3	20.3	21.8	20.7	50	20.95	100	21	1060	-0.8	-3.67	21	1467	16667	21.4	203	21.45	1765	21.55	84	21	22	21	0	0	0	
TPC	8.76	7.62	8.19	8.06	10	8.1	10	8.11	2	0.11	1.34	8.3	5	58	8.29	1	8.3	9	8.34	40	8.3	8.64	8	0	0	1156357	
TRA	62.5	54.5	58.5	56.5	130	57	115	57.5	23	0.4	0.68	58.9	50	62	59	132	59.5	25	59.8	10	58.9	59	57.5	0	0	208035	
TRC	29.95	26.05	28	27.7	100	27.8	82	27.9	7	-0.1	-0.36	27.9	1	866	28	1	28.65	1	28.7	404	27.9	29	27.7	0	0	1220704	
TS4	3.1	2.7	2.9	2.92	300	2.93	255	2.94	484	0.1	3.45	3	3	1704	3	59	3.01	145	3.02	167	0	3.02	2.91	0	0	762159	
TSC	2.52	2.2	2.36	2.3	4662	2.31	2041	2.32	2254	-0.04	-1.69	2.32	1552	30658	2.36	1280	2.37	2338	2.38	6579	2.32	2.38	2.32	0	0	7176660	
TTB	4.05	3.53	3.79	3.85	1002	3.86	400	3.88	250	0.11	2.9	3.9	10277	242054	3.9	1244	3.93	2075	3.95	218	3.9	4	3.7	1900	9729	2258917	
TTE	14.85	12.95	13.9	0	0	0	0	0	0	0	0	0	0	0	14.85	1	0	0	0	0	0	0	0	0	0	1452958	
TTF	2.85	2.49	2.67	2.66	2340	2.67	8888	2.68	3093	0.01	0.37	2.68	15486	283320	2.69	315	2.7	300	2.72	2660	2.68	2.82	2.61	1600	0	15187819	
TV2	73.4	63.8	68.6	68	812	68.1	826	68.2	14	-0.4	-0.58	68.2	159	3787	68.4	1	68.5	1	68.6	276	68.2	68.6	68	0	54	15704	
TVB	11.05	9.63	10.35	10	3550	10.05	1266	10.1	1467	-0.25	-2.42	10.1	1095	46650	10.15	883	10.2	3811	10.25	1830	10.1	10.35	10.1	0	2205	2357265	
TVS	11.4	9.96	10.7	10.55	122	10.6	50	10.7	1185	0	0	10.7	375	845	10.75	179	10.8	100	10.85	100	10.7	10.75	10.5	0	0	2175153	
TVT	21.4	18.6	20	19.7	1	19.8	19	20	78	0	0	20	79	104	20.4	15	20.5	116	20.7	12	0	20	20	0	0	1026451	
TYA	13.3	11.6	12.45	12.25	210	12.3	818	12.35	1	0	0	12.45	50	3244	12.45	10134	12.5	399	12.55	1057	0	12.5	12.35	0	43	389161	
UDC	3.1	2.7	2.9	2.7	279	2.8	250	2.85	100	0.04	1.38	2.94	200	796	2.94	101	2.95	27	2.99	51	2.94	2.99	2.9	0	0	1713749	
UIC	43.7	38	40.85	40.45	5	40.5	215	40.7	29	-0.05	-0.12	40.8	1	1505	40.8	136	40.85	53	40.9	20	40.8	41	40.35	11	0	230175	
VAF	6.86	5.98	6.42	6	4	6.42	2	6.86	3	0	0	0	0	0	0	0	0	0	0	0	0	0	0	0	0	1845588	
VCB	86.8	75.6	81.2	80.7	1107	80.8	5031	80.9	621	-0.2	-0.25	81	7086	80571	81	655	81.1	656	81.2	4560	81	81.3	80	139544	93966	23406260	
VCF	224.7	195.3	210	206.2	1	206.3	1	206.4	1	11.8	5.62	221.8	1	69	218	10	219.7	1	219.8	1	0	224	206	66	1	1287767	
VCI	24.9	21.7	23.3	23.1	500	23.15	1011	23.2	4218	-0.1	-0.43	23.2	7689	79819	23.25	68	23.35	5	23.4	36	23.2	23.85	22.8	3264	32528	11491566	
VDP	40.1	34.9	37.5	35.55	2	35.6	1	36.9	10	-0.5	-1.33	37	195	349	37	3	37.6	30	37.9	27	0	37.9	37	0	0	621813	
VDS	6.73	5.85	6.29	5.87	1	5.88	5	5.89	131	-0.4	-6.36	5.89	49	171	6.19	145	6.2	20	6.25	1	0	6.29	5.89	0	0	4865369	
VFG	42.25	36.75	39.5	38.1	1	38.5	10	39	9	-0.5	-1.27	39	1	78	39.5	119	39.6	9	39.7	6	39	39.5	39	0	32	1484261	
VGC	18.6	16.2	17.4	17.55	1211	17.6	1535	17.65	28	0.25	1.44	17.65	70	34215	17.7	5051	17.8	4453	17.9	3722	17.65	17.7	17.1	3053	0	17538575	
VHC	36.05	31.35	33.7	33.7	2496	33.75	870	33.8	5072	0.1	0.3	33.8	3031	60175	33.9	450	34	875	34.05	10	33.8	34.5	33.65	205	1416	12396061	
VHM	83.4	72.6	78	76.3	9006	76.4	1402	76.5	4344	-1.5	-1.92	76.5	17441	215446	76.6	824	76.7	1550	76.8	940	76.5	77.4	75.6	138268	103814	118066519	
VIC	104.8	91.2	98	96.2	11	96.3	104	96.4	713	-1.6	-1.63	96.4	2795	29293	96.6	20	96.7	30	96.8	42	96.4	98	96.4	3325	6204	76756812	
VID	3.68	3.2	3.44	3.6	44	3.65	50	3.68	7671	0.24	6.98	3.68	40	8548	0	0	0	0	0	0	0	3.68	3.5	0	0	1354422	
VIP	5.25	4.57	4.91	4.87	562	4.88	220	4.9	379	0.04	0.81	4.95	200	12386	4.95	1200	4.96	321	4.97	213	4.95	4.99	4.9	1804	0	2943748	
VIS	22.35	19.45	20.9	0	0	0	0	19.45	45	0	0	20.9	15	758	20.9	85	21	145	21.5	196	20.9	20.9	19.45	0	0	1910919	
VJC	123	107	115	113.7	145	113.8	200	113.9	8	-1	-0.87	114	2683	39786	114	657	114.2	300	114.4	763	114	114.8	113	1191	11280	6179745	
VMD	22.65	19.75	21.2	20.15	88	20.2	23	20.25	20	0	0	21.2	1	1	21.1	40	21.2	29	21.25	13	0	21.2	21.2	0	0	729271	
VND	12.9	11.3	12.1	12.25	2539	12.3	13038	12.35	12378	0.3	2.48	12.4	2986	127590	12.4	916	12.45	1578	12.5	5493	12.4	12.7	12.05	651	11443	2876326	
VNE	5.02	4.38	4.7	4.62	63	4.65	510	4.66	402	-0.04	-0.85	4.66	100	11683	4.7	500	4.74	931	4.75	1300	4.66	4.75	4.62	30	0	3929067	
VNG	14.85	12.95	13.9	13.75	139	13.8	210	13.85	300	0	0	13.9	838	18100	13.9	1278	13.95	1408	14	971	13.9	13.95	13.6	0	249	4753425	
VNL	15.05	13.15	14.1	0	0	0	0	0	0	-0.95	-6.74	13.15	1	1	14.1	7	14.4	45	14.5	289	0	13.15	13.15	0	0	357902	
VNM	123	107	115	114.1	134	114.2	50	114.3	500	-0.6	-0.52	114.4	6379	108306	114.4	6800	114.5	3577	114.6	2207	114.4	114.8	113.5	66628	28561	71940125	
VNS	10	8.7	9.35	9.23	3	9.24	48	9.25	17	-0.1	-1.07	9.25	21	868	9.35	5	9.36	50	9.37	100	9.25	9.35	9.23	0	0	1947011	
VOS	1.57	1.37	1.47	1.41	461	1.42	794	1.44	471	-0.03	-2.04	1.44	140	15593	1.45	1074	1.46	650	1.47	4504	1.44	1.47	1.42	0	0	6617382	
VPB	26.4	23	24.7	24.05	5532	24.1	62724	24.15	7732	-0.55	-2.23	24.15	43425	484087	24.2	1002	24.25	3552	24.3	8071	24.15	24.75	24.1	371614	302878	0	
VPD	15.05	13.15	14.1	13.85	40	13.9	1172	14	283	-0.1	-0.71	14	20	530	14.2	296	14.3	85	14.5	20	14	14.2	13.8	0	0	5218527	
VPG	20.55	17.95	19.25	0	0	18.25	61	19.4	1	0.25	1.3	19.5	9	1645	19.5	91	19.6	10	19.7	16	19.5	19.5	18.2	0	54	1294269	
VPH	4.33	3.77	4.05	4	16	4.04	100	4.05	1009	0	0	4.05	110	2583	4.13	300	4.14	884	4.15	302	4.05	4.14	4.04	0	0	3417541	
VPI	45.4	39.5	42.45	42.25	132	42.3	146	42.35	1	-0.1	-0.24	42.35	912	53711	42.4	812	42.5	748	42.55	573	42.35	42.7	42.35	2336	0	7166567	
VPS	10.7	9.3	10	9.4	50	9.6	10	9.8	17	-0.2	-2	9.8	33	270	9.95	1	10	58	10.5	25	0	9.95	9.8	0	0	1181843	
VRC	6.95	6.05	6.5	6.31	501	6.32	530	6.35	984	-0.11	-1.69	6.39	1014	18998	6.39	273	6.4	90	6.42	13	6.39	6.57	6.3	0	492	2388123	
VRE	28.1	24.5	26.3	25.7	9634	25.75	1451	25.8	3347	-0.5	-1.9	25.8	25713	593813	25.85	500	25.9	2309	25.95	5983	25.8	26.1	25.5	189238	121185	42197260	
VSC	28.35	24.65	26.5	26.9	2	27	1692	27.2	378	0.95	3.58	27.45	125	9058	27.4	33	27.45	148	27.5	525	27.45	27.5	26.1	1098	1644	781742	
VSH	19.05	16.65	17.85	17.7	50	17.8	17	17.85	102	0	0	17.85	20	567	18.05	62	18.1	2	18.2	203	17.85	18.05	17.85	0	70	7529255	
VSI	25.3	22	23.65	0	0	22	11	22.2	5	0	0	23.65	200	514	23.65	322	24.5	153	25.3	1000	0	24.7	22	1	0	639871	
VTB	10.7	9.3	10	9.95	50	9.98	157	10	2	0.15	1.5	10.15	1	272	10.1	132	10.15	34	10.2	20	0	10.15	9.98	0	0	493240	
VTO	7.75	6.75	7.25	7.18	107	7.22	5	7.24	320	0	0	7.25	1	754	7.25	118	7.28	90	7.29	5	7.25	7.25	7.19	0	0	3718162	
YBM	3.64	3.18	3.41	3.41	334	3.42	4	3.49	1	0.09	2.64	3.5	3	2842	3.5	69	3.51	30	3.55	32	3.5	3.5	3.41	0	0	688731	
YEG	65.4	57	61.2	58.1	750	58.5	118	59	42	-2.2	-3.59	59	233	2611	59.5	48	59.6	13	60	156	59	61.1	59	109	0	2167743	
