HOSE
859.04
6.3	0.73
852.9	0.02	7938367	102.15	
858.5	0.67	292713142	5561.00	
859.04	0.73	307226679	5868.06	
AAA	13.2	11.5	12.35	12.35	4135	12.4	5137	12.45	5118	0.15	1.21	12.5	6886	203771	12.5	1811	12.55	10642	12.6	23428	12.5	12.65	12.25	7809	600	6219528	
AAM	12.3	10.7	11.5	0	0	11.05	203	11.2	44	0	0	11.5	10	205	11.5	20	11.6	2	11.65	42	0	11.65	11.5	0	0	592374	
ABS	15.15	13.25	14.2	13.8	807	13.85	69	13.9	1852	0	0	14.2	240	15633	14.1	565	14.2	1229	14.25	1486	14.2	14.3	13.9	0	252	1409987	
ABT	34.75	30.25	32.5	32.05	2	32.5	33	32.6	8	0	0	32.5	1	1	33	1	34	6	34.5	2	0	32.5	32.5	1	0	654958	
ACC	20	17.4	18.7	18.5	5	18.55	62	18.6	92	0.3	1.6	19	46	274	19	455	19.4	5	19.5	136	19	19.5	18.55	0	46	298444	
ACL	27.25	23.75	25.5	24.55	11	24.8	850	24.9	328	-0.5	-1.96	25	518	8581	25	132	25.1	500	25.3	476	25	25.5	24.5	600	0	846626	
ADS	10.85	9.44	10.15	9.71	5	9.8	152	9.81	11	-0.15	-1.48	10	5	246	10	22	10.15	55	10.2	100	0	10.1	9.8	0	0	1248247	
AGG	29.1	25.3	27.2	27	953	27.1	520	27.2	310	0	0	27.2	820	30255	27.3	593	27.4	441	27.5	793	27.2	27.5	26.7	0	0	1622591	
AGM	13.9	12.1	13	13.5	861	13.8	300	13.9	753	0.9	6.92	13.9	60	3547	0	0	0	0	0	0	13.9	13.9	13	0	0	742614	
AGR	3.54	3.08	3.31	3.27	10	3.28	21	3.29	4041	-0.01	-0.3	3.3	554	14074	3.3	2875	3.32	10	3.33	317	3.3	3.35	3.3	0	0	9960332	
AMD	3.34	2.92	3.13	3.14	11695	3.15	13745	3.16	654	0.03	0.96	3.16	11486	231660	3.17	70	3.18	8549	3.19	6948	3.16	3.21	3.13	16619	800	7699514	
ANV	19.35	16.85	18.1	18.55	560	18.65	250	18.8	1	0.7	3.87	18.8	3099	31132	18.85	1	18.9	133	18.95	8	18.8	18.8	18	2524	0	6094283	
APC	18.85	16.45	17.65	17.55	250	17.6	74	17.65	228	0.05	0.28	17.7	10	1152	17.7	100	17.85	50	17.9	519	0	18	17.6	0	142	652866	
APG	9.48	8.24	8.86	8.8	348	8.81	35	8.86	38	0.04	0.45	8.9	1	101271	8.9	248	8.95	325	9	904	8.9	8.9	8.7	2655	911	3160711	
ASM	5.72	4.98	5.35	5.41	2752	5.42	2935	5.43	30	0.09	1.68	5.44	7862	252842	5.44	78	5.45	872	5.46	210	5.44	5.44	5.35	12819	0	12332880	
ASP	5.74	5	5.37	5.23	500	5.25	104	5.27	49	-0.12	-2.23	5.25	1	2782	5.35	74	5.37	2	5.41	2	5.25	5.35	5.22	0	0	0	
AST	56.7	49.3	53	53.2	793	53.3	642	53.4	130	0.8	1.51	53.8	112	8843	53.8	132	53.9	121	54	203	53.8	54.1	53	221	5132	256010	
ATG	0.56	0.5	0.53	0.51	3699	0.52	500	0.53	1087	0	0	0.53	540	4337	0.54	495	0.55	2102	0.56	1510	0.53	0.54	0.51	15	0	720605	
BBC	48.65	42.35	45.5	48	82	48.6	4	48.65	22	3.15	6.92	48.65	2	883	0	0	0	0	0	0	0	48.65	46.9	0	200	34507	
BCE	8.17	7.11	7.64	7.75	400	7.76	161	7.77	63	0.13	1.7	7.77	147	8421	7.79	79	7.8	558	7.89	10	7.77	7.77	7.59	0	0	1360116	
BCG	6.07	5.29	5.68	5.85	811	5.91	600	5.92	500	0.28	4.93	5.96	2565	50107	5.96	188	5.97	1247	5.98	2141	5.96	5.98	5.65	2892	72	1662083	
BFC	13.4	11.7	12.55	13.25	128	13.3	791	13.35	195	0.85	6.77	13.4	12335	144799	13.4	7128	0	0	0	0	13.4	13.4	12.4	4665	0	2593138	
BHN	59.9	52.1	56	55	95	55.4	20	55.5	234	-0.5	-0.89	55.5	72	676	56	493	56.1	41	56.5	123	55.5	56.1	55.5	0	0	7293442	
BIC	24.6	21.4	23	22	126	22.1	30	22.2	75	-0.7	-3.04	22.3	279	1051	22.3	43	22.95	21	23	157	22.3	23	22.3	100	600	162475	
BID	42.05	36.55	39.3	39.55	1567	39.6	1682	39.65	293	0.35	0.89	39.65	3815	88830	39.7	1375	39.75	1368	39.8	4066	39.65	39.8	39	368	16592	49476751	
BMC	13.35	11.65	12.5	12.3	190	12.4	50	12.45	48	-0.05	-0.4	12.45	222	1079	12.5	257	12.6	70	12.8	20	12.45	12.5	12.2	92	22	325500	
BMI	22.55	19.65	21.1	21.05	1045	21.1	122	21.2	100	0.3	1.42	21.4	1003	29301	21.4	302	21.5	1910	21.6	2426	21.4	21.4	20.65	7706	3658	1216150	
BMP	50	43.5	46.75	46.5	1372	46.7	13	46.8	58	0.25	0.53	47	335	26633	47	1605	47.1	206	47.2	183	47	47	46.25	13951	1211	1631191	
BRC	11.75	10.25	11	0	0	10.25	1	10.3	6	-0.7	-6.36	10.3	1	1	11	1024	11.4	100	11.5	100	0	10.3	10.3	0	0	600909	
BSI	8.34	7.26	7.8	7.61	66	7.8	89	7.85	1	0.05	0.64	7.85	80	752	7.9	536	7.95	100	7.96	32	7.85	7.9	7.8	0	52	4950453	
BTP	15.8	13.8	14.8	14.5	944	14.55	595	14.6	100	-0.1	-0.68	14.7	10	2056	14.7	612	14.8	260	14.85	72	14.7	14.7	14.55	114	0	2402753	
BTT	43.3	37.7	40.5	0	0	0	0	37.7	200	0	0	0	0	0	41	40	41.2	100	41.6	100	0	0	0	0	0	660455	
BVH	52.5	45.75	49.15	49.35	352	49.4	2540	49.45	80	0.35	0.71	49.5	3864	61823	49.5	1792	49.55	310	49.6	2121	49.5	49.75	49	1757	9352	15268512	
BWE	23.25	20.25	21.75	22.55	71	22.6	848	22.65	501	1	4.6	22.75	1892	27882	22.75	746	22.8	1469	22.9	1212	22.75	22.75	21.8	331	0	5952386	
C32	26.95	23.45	25.2	24.85	1	24.9	13	24.95	7	-0.25	-0.99	24.95	135	1881	25.2	677	25.3	289	25.4	100	24.95	25.2	24.8	1	0	339735	
C47	12.55	10.95	11.75	11.95	12	12	536	12.45	90	0.75	6.38	12.5	57	2951	12.5	756	12.55	471	0	0	12.5	12.55	11.9	0	6	829793	
CAV	68.2	59.4	63.8	64.2	2	64.8	19	66	19	2.7	4.23	66.5	17	849	66.5	335	67	810	67.5	10	66.5	66.5	63	17	0	2805745	
CCI	14.95	13.05	14	13.05	562	13.1	114	13.15	2	0	0	14	1	332	14	2162	14.2	101	14.5	45	14	14	13.1	0	0	823571	
CCL	7.51	6.53	7.02	6.96	320	7	30	7.01	400	0.08	1.14	7.1	75	24288	7.1	410	7.11	156	7.12	130	7.1	7.1	6.92	0	200	2112039	
CDC	16.05	13.95	15	0	0	13.95	72	14	10	1	6.67	16	100	120	16	95	0	0	0	0	0	16	16	0	0	764368	
CEE	16.25	14.15	15.2	14.25	1	14.3	500	14.4	8	-0.8	-5.26	14.4	2	364	16	189	16.1	100	16.15	6	14.4	16.2	14.2	0	0	2021552	
CHP	20.55	17.95	19.25	18.8	10	19	198	19.1	190	-0.15	-0.78	19.1	100	690	19.4	130	19.5	33	19.55	33	0	19.5	19	0	0	6311919	
CIG	1.76	1.54	1.65	1.54	535	1.55	500	1.56	65	0	0	1.65	11	627	1.65	189	1.68	160	1.69	200	1.65	1.65	1.56	0	0	1545178	
CII	21.05	18.35	19.7	19.65	1310	19.7	9654	19.75	4766	0.1	0.51	19.8	2441	120564	19.8	819	19.9	1951	19.95	1740	19.8	20	19.7	5105	65000	7065500	
CKG	11.5	10	10.75	0	0	0	0	10	3819	-0.75	-6.98	10	6273	19775	10.5	300	10.65	40	10.7	44	10	11.5	10	0	0	2403490	
CLC	29.1	25.3	27.2	27	38	27.2	60	27.3	100	0.3	1.1	27.5	1	711	27.5	39	27.7	2	28.35	1	27.5	27.5	27	0	384	1220519	
CLG	1.53	1.33	1.43	1.38	1	1.39	1	1.4	329	-0.02	-1.4	1.41	30	2727	1.41	2235	1.42	1031	1.43	1540	1.41	1.43	1.41	0	0	1029699	
CLL	29.5	25.7	27.6	27	36	27.2	12	27.5	6	-0.1	-0.36	27.5	4	31	28.6	366	28.7	276	28.9	1	0	28.8	27.5	0	0	1419078	
CLW	29.35	25.55	27.45	0	0	0	0	27	9	-0.45	-1.64	27	89	588	27.5	7	27.6	100	0	0	0	27	27	0	0	573966	
CMG	29.95	26.05	28	27.85	36	27.9	180	28	262	0.2	0.71	28.2	50	3704	28.2	38	28.25	100	28.3	136	28.2	28.2	27.85	152	20	1168057	
CMV	13	11.3	12.15	12.15	100	12.2	57	12.3	5	0.2	1.65	12.35	1	13	13	6	0	0	0	0	0	13	12.35	0	0	590605	
CMX	17.8	15.5	16.65	16.5	102	16.55	54	16.6	99	-0.15	-0.9	16.5	1000	50402	16.65	956	16.7	1628	16.75	440	16.5	16.8	16.5	0	0	1160211	
CNG	22.2	19.3	20.75	20.65	25	20.7	6	20.75	112	0.05	0.24	20.8	5	386	21	79	21.5	50	22	130	20.8	21	20.65	0	0	756195	
COM	48.75	42.45	45.6	43	1	43.5	2	43.55	16	0	0	45.6	1	6	45.6	2	45.65	78	48	6	45.6	45.65	43.55	0	0	685800	
CRC	12.1	10.6	11.35	11.3	18	11.35	30	11.4	7	0.05	0.44	11.4	83	4656	11.45	170	11.5	275	11.6	342	0	11.6	11.35	0	0	734797	
CRE	16.35	14.25	15.3	15.3	2554	15.35	4323	15.4	2520	0.15	0.98	15.45	4080	54448	15.45	4366	15.5	5006	15.55	5638	15.45	15.55	15.3	603	0	1961886	
CSM	17	14.8	15.9	15.8	370	15.85	50	15.9	1165	0	0	15.9	140	3734	15.95	216	16	383	16.05	50	15.9	16	15.7	0	150	4861346	
CSV	23.25	20.25	21.75	21.65	1161	21.7	2040	21.75	1421	0	0	21.75	2100	20972	21.95	921	22	562	22.15	668	21.75	22.2	21.6	2140	305	1816877	
CTD	72.8	63.4	68.1	67.7	516	67.8	825	67.9	31	-0.1	-0.15	68	862	20771	68	194	68.1	391	68.2	200	68	68.4	67.5	178	1794	195694	
CTF	22.45	19.55	21	20.45	9	20.5	19	20.6	20	0.25	1.19	21.25	39	16653	21.25	28	21.35	35	21.4	525	21.25	21.4	20.8	0	294	2230440	
CTG	24.35	21.25	22.8	22.9	13454	22.95	10332	23	5829	0.25	1.1	23.05	16933	673127	23.05	4669	23.1	14443	23.15	11231	23.05	23.35	22.7	27700	22715	1367334	
CTI	20.3	17.7	19	18.85	1407	18.9	522	18.95	1	-0.05	-0.26	18.95	1659	41106	19	4023	19.05	500	19.1	1010	18.95	19.4	18.9	0	11463	2024915	
CTS	6.7	5.84	6.27	6.19	446	6.2	1336	6.21	475	-0.01	-0.16	6.26	850	12931	6.26	182	6.27	1370	6.28	2200	6.26	6.27	6.18	1500	2900	4052022	
CVT	19.15	16.65	17.9	17.7	1926	17.75	710	17.8	4236	-0.1	-0.56	17.8	1650	8587	17.85	70	17.9	908	17.95	1060	17.8	17.9	17.7	95	0	3269977	
D2D	61	53.2	58.6	59.8	360	59.9	150	60	595	1.4	2.39	60	2951	46836	60.1	1540	60.2	732	60.3	210	60	60.1	56.9	3680	36	897962	
DAG	5.67	4.93	5.3	5.24	274	5.25	375	5.26	185	-0.04	-0.75	5.26	350	19685	5.28	5	5.29	300	5.3	1644	5.26	5.35	5.2	0	0	2102391	
DAH	13.05	11.35	12.2	11.85	564	11.9	419	11.95	25	-0.2	-1.64	12	8	40806	12	29	12.05	419	12.1	521	12	12.4	11.95	2283	0	1645329	
DAT	7.31	6.37	6.84	6.85	10	7	200	7.31	3	0	0	0	0	0	0	0	0	0	0	0	0	0	0	0	0	2253957	
DBC	37.2	32.4	34.8	37.1	3653	37.15	4126	37.2	45650	2.4	6.9	37.2	547	255653	0	0	0	0	0	0	37.2	37.2	35.3	8327	316	4159718	
DBD	54.5	47.45	51	50.2	402	50.3	40	50.4	1	0	0	51	1	686	51	337	51.2	300	51.4	310	51	51	50.2	53	0	5235728	
DCL	21.95	19.15	20.55	20.2	925	20.25	141	20.3	218	-0.25	-1.22	20.3	148	3647	20.5	59	20.55	978	20.6	506	20.3	20.65	20.25	0	8	1680866	
DCM	9.18	7.98	8.58	8.84	10000	8.85	10500	8.88	300	0.31	3.61	8.89	9734	239263	8.89	343	8.9	5286	8.92	100	8.89	9.04	8.5	902	832	24931688	
DGW	28.75	25.05	26.9	26.95	1569	27	799	27.1	304	0.2	0.74	27.1	1600	42323	27.15	15	27.25	375	27.3	283	27.1	27.6	26.75	1535	3400	1045398	
DHA	34.1	29.7	31.9	31.2	14	31.3	10	31.4	68	-0.15	-0.47	31.75	20	1582	31.75	280	31.8	460	31.9	121	31.75	31.9	31	0	0	600651	
DHC	38.6	33.6	36.1	35.85	250	35.9	966	35.95	627	-0.15	-0.42	35.95	618	15257	36	1973	36.05	300	36.1	2180	35.95	36.3	35.8	1901	0	698920	
DHG	99.4	86.4	92.9	92.5	4	92.6	107	93	3	0.2	0.22	93.1	156	1000	93.1	34	93.4	35	93.5	70	93.1	93.1	92.5	174	30	5963025	
DHM	9.63	8.37	9	8.66	620	8.7	310	8.8	804	0	0	9	1	23569	8.9	7	9	994	9.09	1700	0	9.1	8.7	0	0	1531338	
DIC	1.86	1.62	1.74	1.73	8510	1.74	2095	1.75	652	0.03	1.72	1.77	565	30930	1.77	1206	1.78	5441	1.79	1370	1.77	1.78	1.74	0	0	1287512	
DIG	13.05	11.35	12.2	12	7763	12.05	5132	12.1	2098	-0.1	-0.82	12.1	3230	120405	12.15	300	12.2	3596	12.25	820	12.1	12.4	11.9	100	4258	4596064	
DLG	1.57	1.37	1.47	1.43	47117	1.44	54217	1.45	37954	-0.01	-0.68	1.46	42609	654723	1.46	2503	1.47	101319	1.48	32053	1.46	1.48	1.44	6064	0	13829550	
DMC	56	48.75	52.4	52.4	570	52.5	2	52.7	1	0.6	1.15	53	713	6685	53	146	53.1	200	53.2	231	53	53.2	52	1158	40	1455195	
DPG	25.35	22.05	23.7	24.15	510	24.2	1464	24.25	415	0.55	2.32	24.25	905	28216	24.35	73	24.4	403	24.5	908	24.25	24.5	23.7	1179	431	2190072	
DPM	15.5	13.5	14.5	15.2	10114	15.25	5437	15.3	8411	0.8	5.52	15.3	22607	697786	15.35	7937	15.4	17336	15.45	18764	15.3	15.5	14.55	22056	11321	14337937	
DPR	40.65	35.35	38	37.5	99	37.7	285	38	291	0	0	38	35	437	38.55	20	38.6	250	38.7	20	38	38.4	37.2	185	5	1497800	
DQC	18.8	16.4	17.6	17.3	128	17.4	502	17.45	180	-0.15	-0.85	17.45	660	6287	17.6	50	18	10	18.05	114	17.45	18.05	17.3	31	0	1591837	
DRC	20.2	17.6	18.9	19.2	1441	19.25	53	19.35	100	0.5	2.65	19.4	10738	70689	19.4	126	19.45	3812	19.5	7015	19.4	19.4	18.8	708	7800	3354879	
DRH	7.19	6.25	6.72	6.83	847	6.87	3689	6.88	4326	0.17	2.53	6.89	7320	200515	6.89	90	6.9	2110	6.91	3149	6.89	6.91	6.66	1413	2858	2868197	
DRL	55.6	48.4	52	50.2	2	50.7	49	50.8	1	0	0	0	0	0	52	122	53	101	54	102	0	0	0	0	0	459278	
DSN	50.8	44.2	47.5	47.3	95	47.35	67	47.4	72	-0.1	-0.21	47.4	50	1874	47.45	231	47.5	321	47.6	6	47.4	47.5	47.4	406	0	372097	
DTA	4.3	3.74	4.02	3.95	53	3.97	20	3.98	120	0.08	1.99	4.1	1	113	4.1	137	4.14	92	4.2	5	4.1	4.1	3.97	0	0	882946	
DTL	12.75	11.15	11.95	0	0	0	0	0	0	-0.8	-6.69	11.15	50	54	11.15	130	11.95	22	12.7	2	11.15	11.15	11.15	0	33	3008564	
DTT	14.35	12.55	13.45	0	0	0	0	12.55	1	0	0	0	0	0	14.35	1	0	0	0	0	0	0	0	0	0	397868	
DVP	36.35	31.65	34	34.1	651	34.15	30	34.2	335	0.25	0.74	34.25	52	1753	34.25	197	34.3	25	34.4	40	34.25	34.25	33.8	0	37	1407378	
DXG	11.85	10.35	11.1	11.15	4692	11.2	4781	11.25	4184	0.2	1.8	11.3	9017	292885	11.3	12491	11.35	6888	11.4	6075	11.3	11.35	10.95	18685	29776	4822047	
DXV	2.49	2.17	2.33	2.32	310	2.34	179	2.35	57	0.07	3	2.4	1501	1625	2.4	888	2.41	900	2.45	738	0	2.41	2.34	0	0	480908	
E1VFVN30	14.35	12.49	13.42	13.33	54	13.35	2	13.37	1	-0.02	-0.15	13.4	1	61508	13.4	198	13.41	7018	13.42	139	13.4	13.46	13.32	220408	495789	580440	
EIB	18.05	15.75	16.9	16.7	2284	16.8	617	16.9	490	0	0	16.9	16	38924	16.95	98	17	2676	17.05	1151	16.9	17.15	16.5	0	2018	12906	
ELC	5.61	4.89	5.25	5.15	550	5.2	520	5.22	182	0.04	0.76	5.29	1	6902	5.29	21	5.3	350	5.4	574	5.29	5.29	5.22	0	0	1462214	
EMC	11.55	10.05	10.8	0	0	0	0	10.05	10	0	0	0	0	0	0	0	0	0	0	0	0	0	0	0	0	749034	
EVE	10.4	9.04	9.72	9.73	200	9.8	10	9.89	6	0.27	2.78	9.99	100	1572	9.99	560	10	158	10.05	10	0	10	9.72	2	0	1480675	
EVG	2.65	2.31	2.48	2.49	537	2.5	215	2.51	222	0.07	2.82	2.55	201	45885	2.55	1920	2.56	1490	2.57	670	2.55	2.58	2.48	0	0	2859519	
FCM	6.78	5.9	6.34	6.24	132	6.26	119	6.32	125	-0.01	-0.16	6.33	90	2483	6.33	129	6.34	90	6.35	300	6.33	6.42	6.23	0	0	1909220	
FCN	9.75	8.49	9.12	9.17	48	9.18	1199	9.19	10	0.08	0.88	9.2	5433	87014	9.2	5376	9.21	1232	9.22	1714	9.2	9.29	9.08	1672	0	2933328	
FDC	14.55	12.65	13.6	0	0	0	0	0	0	-0.95	-6.99	12.65	72	585	12.65	1	13.75	1	13.8	2	12.65	14.45	12.65	0	0	1891253	
FIR	32.1	27.9	30	30.05	550	30.1	207	30.2	377	0.2	0.67	30.2	873	9271	30.25	201	30.3	113	30.35	204	30.2	30.3	29.9	262	0	1007038	
FIT	6.25	5.45	5.85	5.91	74	5.96	1	5.97	5152	0.13	2.22	5.98	3702	33580	5.98	468	5.99	260	6	2680	5.98	5.98	5.85	1442	4010	12140360	
FLC	3.09	2.69	2.89	2.86	44295	2.87	49549	2.88	5110	0	0	2.89	14309	421712	2.89	25351	2.9	38285	2.91	22181	2.89	2.92	2.87	931	28774	32875839	
FMC	28.2	24.6	26.4	26.55	1311	26.6	300	26.65	1	0.4	1.52	26.8	894	6883	26.8	516	26.9	20	27	66	26.8	26.8	26.3	478	215	1983410	
FPT	51.8	45.1	48.45	48.3	70	48.35	20	48.4	55	0	0	48.45	10291	203300	48.45	180	48.5	5575	48.55	2296	48.45	48.6	47.8	8000	8152	0	
FRT	26.75	23.25	25	26.55	490	26.6	200	26.65	500	1.75	7	26.75	9653	189842	26.75	5891	0	0	0	0	26.75	26.75	23.9	1843	8894	1020173	
FTM	1.58	1.38	1.48	1.43	683	1.44	100	1.46	26	-0.02	-1.35	1.46	180	14783	1.47	963	1.48	53	1.5	1034	1.46	1.48	1.39	0	0	2435626	
FTS	12.1	10.6	11.35	10.95	230	11	2394	11.05	2213	-0.3	-2.64	11.05	1015	7209	11.1	15	11.2	1695	11.3	4	11.05	11.35	11.05	610	0	9459027	
FUCTVGF1	12.7	11.1	11.9	0	0	0	0	0	0	0	0	0	0	0	0	0	0	0	0	0	0	0	0	0	0	734571	
FUCTVGF2	10.25	8.91	9.58	0	0	0	0	0	0	0	0	0	0	0	0	0	0	0	0	0	0	0	0	0	0	808607	
FUCVREIT	8.88	7.72	8.3	0	0	0	0	0	0	-0.58	-6.99	7.72	24	24	8.3	108	8.88	591	0	0	7.72	7.72	7.72	0	0	239050	
FUESSV50	12.41	10.79	11.6	11.45	1	11.5	1000	11.6	1231	0.05	0.43	11.65	2	4077	11.65	648	11.75	1202	11.85	1000	0	11.65	11.6	0	0	438493	
FUESSVFL	9.97	8.67	9.32	9.23	1977	9.24	1977	9.25	22	-0.01	-0.11	9.31	7	18	9.3	100	9.31	9672	9.32	9867	0	9.33	9.25	0	0	1215247	
FUEVFVND	13.18	11.46	12.32	12.13	370	12.14	1000	12.2	100	-0.02	-0.16	12.3	300	48270	12.25	1871	12.3	5595	12.35	150	12.3	12.39	12.01	40763	10204	48101	
GAB	160.5	139.5	150	149.8	2665	149.9	4339	150	1200	0	0	150	325	5094	150.3	706	150.4	9	150.5	759	150	151	149.3	0	0	660566	
GAS	79	68.8	73.9	73.5	5059	73.6	7447	73.7	1032	-0.2	-0.27	73.7	2538	55499	73.8	1210	73.9	1286	74	3074	73.7	74.1	73.4	8013	22099	87481610	
GDT	29.3	25.5	27.4	28.3	190	28.7	550	28.75	168	1.65	6.02	29.05	39	2595	29.05	3	29.1	180	29.15	10	29.05	29.05	27.6	2	10	486388	
GEG	22.5	19.6	21.05	21.2	940	21.25	756	21.3	520	0.3	1.43	21.35	3761	50497	21.35	369	21.4	1215	21.5	1797	21.35	21.35	20.9	1368	0	2461227	
GEX	18.25	15.95	17.1	17.7	15320	17.75	19890	17.8	15771	0.75	4.39	17.85	27989	427941	17.85	9487	17.9	13100	17.95	17034	17.85	17.95	17.25	13690	966	16538599	
GIL	19.9	17.3	18.6	18.6	1938	18.7	439	18.75	380	0.2	1.08	18.8	2922	27525	18.8	271	18.9	637	19	1956	18.8	18.8	18.45	0	0	1056851	
GMC	19.7	17.2	18.45	18.7	39	19	238	19.05	12	0.65	3.52	19.1	450	4029	19.1	1	19.3	132	19.35	3	19.1	19.3	18	0	0	1034769	
GMD	20.65	17.95	19.3	19.2	2802	19.25	2448	19.3	1497	0.1	0.52	19.4	4075	24093	19.4	311	19.45	2421	19.5	4802	19.4	19.45	19.15	215	0	0	
GSP	11.05	9.63	10.35	9.63	10	9.7	10	9.9	3	0.05	0.48	10.4	1	32	10.4	660	10.45	2	10.7	69	10.4	10.4	10.35	0	0	1313758	
GTA	12.05	10.55	11.3	10.55	25	10.6	5	10.65	4	-0.55	-4.87	10.75	12	29	11	2	11.1	5	11.3	249	10.75	10.8	10.75	1	0	506427	
GTN	18.05	15.75	16.9	17	3124	17.05	2456	17.1	500	0.25	1.48	17.15	6758	160605	17.15	1912	17.2	5540	17.25	1700	17.15	17.15	16.55	6100	1994	24918512	
GVR	13.35	11.65	12.5	13	4279	13.05	8035	13.1	497	0.6	4.8	13.1	11760	389158	13.15	10476	13.2	13060	13.25	2180	13.1	13.15	12.4	25007	1413	49557673	
HAG	4.44	3.86	4.15	4.14	34165	4.15	27646	4.16	13269	0.01	0.24	4.16	4132	201871	4.17	6766	4.18	4673	4.19	8016	4.16	4.19	4.1	10402	0	38023778	
HAH	11.65	10.15	10.9	10.75	2285	10.8	2110	10.85	591	0.05	0.46	10.95	30	4318	10.95	1602	11	4330	11.05	5	10.95	11	10.7	0	0	1368753	
HAI	3.22	2.8	3.01	3.03	6145	3.04	10217	3.05	7409	0.04	1.33	3.05	20918	349869	3.07	328	3.08	10194	3.09	5257	3.05	3.14	3.01	24659	0	8615996	
HAP	3.35	2.93	3.14	3.1	600	3.11	763	3.12	300	-0.01	-0.32	3.13	350	3155	3.13	150	3.14	1562	3.15	1020	3.13	3.14	3.08	0	300	2326944	
HAR	3.12	2.72	2.92	2.96	1185	2.97	1450	2.98	480	0.08	2.74	3	2643	71920	3	407	3.03	1580	3.04	212	3	3.09	2.93	0	6530	4944902	
HAS	7.67	6.67	7.17	0	0	0	0	6.67	150	0	0	0	0	0	7.2	100	7.5	200	7.67	252	0	0	0	0	0	235559	
HAX	12.55	10.95	11.75	11.3	710	11.35	2079	11.4	344	-0.35	-2.98	11.4	2430	17305	11.6	100	11.65	20	11.7	185	11.4	11.6	11.2	0	0	1539607	
HBC	9.43	8.21	8.82	8.86	1655	8.87	729	8.88	720	0.07	0.79	8.89	7757	227882	8.89	1702	8.9	4774	8.91	1010	8.89	8.97	8.82	2897	2799	6645486	
HCD	3.22	2.8	3.01	3.2	5000	3.21	16082	3.22	2487	0.21	6.98	3.22	1	205342	0	0	0	0	0	0	3.22	3.22	2.98	0	0	1320269	
HCM	19.75	17.25	18.5	18.85	302	18.9	1417	18.95	16022	0.5	2.7	19	12786	227324	19	8319	19.05	897	19.1	11741	19	19	18.5	5880	51042	14119168	
HDB	25.55	22.25	23.9	24	2428	24.05	110	24.1	4229	0.2	0.84	24.1	11844	94260	24.3	1587	24.35	2196	24.4	1800	24.1	24.4	23.8	20005	24301	8684324	
HDC	18.85	16.45	17.65	18.2	396	18.25	2002	18.3	10	0.75	4.25	18.4	3945	79421	18.4	1165	18.5	3682	18.6	500	18.4	18.4	17.65	4246	1294	2423863	
HDG	27.8	24.2	26	27.6	1620	27.7	82	27.8	46498	1.8	6.92	27.8	13626	95723	0	0	0	0	0	0	27.8	27.8	25.75	1403	146	3912780	
HHS	4.4	3.84	4.12	4.13	2500	4.14	7186	4.15	3503	0.03	0.73	4.15	12672	298439	4.17	3652	4.18	3635	4.19	2570	4.15	4.3	4.14	100	10143	12590477	
HID	2.64	2.3	2.47	2.39	1080	2.4	2150	2.41	599	-0.05	-2.02	2.42	969	11496	2.42	31	2.45	329	2.46	4800	2.42	2.47	2.4	0	0	2825338	
HII	14.85	12.95	13.9	14.75	224	14.8	42	14.85	116	0.95	6.83	14.85	10	24148	0	0	0	0	0	0	14.85	14.85	13.95	1357	0	1354525	
HMC	14.55	12.65	13.6	13.6	3	13.7	201	13.8	43	0.2	1.47	13.8	25	998	14.4	2	14.55	31	0	0	13.8	14.55	13.6	0	0	1003126	
HNG	15.5	13.5	14.5	14.25	1378	14.3	1001	14.35	67	-0.15	-1.03	14.35	2247	51591	14.4	1329	14.45	5925	14.5	4964	14.35	14.5	14.2	1874	0	53993677	
HOT	44.4	38.6	41.5	0	0	0	0	38.6	3	-1.1	-2.65	40.4	2	21	40.4	2	41.1	10	41.5	5	0	40.4	40.4	0	0	391818	
HPG	29.15	25.35	27.25	27.2	32106	27.25	27463	27.3	1130	0.05	0.18	27.3	25511	1116888	27.35	2427	27.4	5629	27.45	300	27.3	27.8	27.15	23769	385230	33874676	
HPX	28.65	24.95	26.8	26.75	105	26.8	258	26.85	14	0.05	0.19	26.85	286	33181	27	70	27.05	64	27.1	70	26.85	27	26.8	420	0	8087007	
HQC	1.15	1.01	1.08	1.06	62568	1.07	127385	1.08	85394	0	0	1.08	22800	532819	1.09	3899	1.1	39354	1.11	92445	1.08	1.12	1.08	0	2365	21500903	
HRC	40.65	35.35	38	0	0	0	0	38	75	0	0	38	6	126	40.65	12	0	0	0	0	38	38	38	0	0	1456570	
HSG	10.35	9.03	9.7	9.77	3350	9.78	6218	9.79	1822	0.09	0.93	9.79	41792	714613	9.8	720	9.82	100	9.83	130	9.79	9.88	9.6	41687	19672	14449185	
HSL	5.92	5.16	5.54	5.4	2424	5.41	808	5.42	120	-0.12	-2.17	5.42	2	8634	5.46	80	5.48	100	5.5	37	5.42	5.55	5.4	0	0	1361151	
HT1	14.55	12.65	13.6	13.6	1191	13.65	1	13.7	401	0.15	1.1	13.75	552	17741	13.75	756	13.8	326	13.85	579	13.75	13.85	13.5	108	1	16247244	
HTI	12.8	11.2	12	11.7	1000	11.8	200	12	2	0.1	0.83	12.1	139	265	12.15	26	12.25	35	12.3	164	0	12.1	12	0	0	791573	
HTL	14.1	12.3	13.2	12.4	10	12.5	40	12.55	50	0	0	0	0	0	13.8	5	13.85	12	13.9	32	0	0	0	0	0	30255	
HTN	18.7	16.3	17.5	17.65	110	17.7	110	17.8	191	0.3	1.71	17.8	110	15021	18.05	1	18.1	673	18.15	51	17.8	18.1	17.4	0	0	1428262	
HTT	0.73	0.65	0.69	0	0	0	0	0	0	0	0	0	0	0	0	0	0	0	0	0	0	0	0	0	0	956200	
HTV	14.75	12.85	13.8	12.9	5	12.95	3	13	1	0	0	13.8	1	9	13.8	67	13.9	300	14	210	0	13.8	13	1	0	455925	
HU1	5.88	5.12	5.5	5.21	200	5.23	300	5.39	1	0	0	5.5	50	250	5.7	4	5.88	3	0	0	0	5.5	5.5	0	0	453177	
HU3	8.13	7.07	7.6	0	0	7.07	21	7.4	40	-0.2	-2.63	7.4	200	540	7.6	28	8	682	8.1	60	0	7.6	7.4	0	113	434335	
HUB	17.65	15.35	16.5	16.6	20	16.8	2	17	18	0.7	4.24	17.2	3	1844	17.2	151	17.4	100	17.5	250	17.2	17.2	16.25	0	0	747054	
HVG	5.77	5.03	5.4	0	0	0	0	0	0	0	0	0	0	0	0	0	0	0	0	0	0	0	0	0	0	9040458	
HVH	8.46	7.36	7.91	7.91	5	7.92	234	7.93	7	0.03	0.38	7.94	47	18054	7.94	23	7.95	1825	7.96	242	7.94	7.96	7.85	212	127	961729	
HVN	28.75	25.05	26.9	26.7	12712	26.75	2279	26.8	5880	-0.1	-0.37	26.8	6342	68701	26.85	10867	26.9	6266	26.95	1346	26.8	26.95	26.6	2114	0	29300831	
HVX	4.01	3.49	3.75	0	0	0	0	0	0	-0.03	-0.8	3.72	82	102	3.72	99	3.75	30	4	3	0	3.72	3.49	0	0	1924059	
IBC	23.5	20.5	22	21.85	143	21.9	126	21.95	155	0	0	22	183	10000	22	672	22.05	500	22.1	1	22	22.1	21.9	0	0	1976514	
ICT	17	14.8	15.9	15.7	474	15.75	46	15.8	160	-0.1	-0.63	15.8	40	3831	15.9	151	15.95	400	16	700	0	15.9	15.55	0	200	3214071	
IDI	4.48	3.9	4.19	4.25	2570	4.26	540	4.27	2677	0.08	1.91	4.27	5768	91641	4.28	7581	4.29	1490	4.3	4540	4.27	4.28	4.17	13728	0	10968312	
IJC	12.8	11.2	12	12.3	1485	12.4	650	12.45	300	0.5	4.17	12.5	1795	24199	12.5	2659	12.55	4109	12.6	950	12.5	12.55	11.9	395	0	6515863	
ILB	17.4	15.2	16.3	16.3	130	16.5	67	16.75	3	0.5	3.07	16.8	1	1758	16.8	449	16.9	100	17	881	0	16.8	16.3	0	0	0	
IMP	56.6	49.2	52.9	53.5	536	53.6	15	53.8	7	1	1.89	53.9	60	809	53.9	132	54	249	54.4	100	53.9	54	53.1	0	0	0	
ITA	2.8	2.44	2.62	2.78	8054	2.79	6282	2.8	256389	0.18	6.87	2.8	892	1409686	0	0	0	0	0	0	2.8	2.8	2.64	25548	19010	39425927	
ITC	13.25	11.55	12.4	12	30	12.05	100	12.2	23	0.75	6.05	13.15	3	4	12.95	39	13.15	43	13.2	176	13.15	13.15	13.15	0	0	3518730	
ITD	9.06	7.88	8.47	8.04	1	8.05	1	8.06	4	-0.02	-0.24	8.45	4	1287	8.45	39	8.49	500	8.5	514	8.45	8.6	8	0	0	682420	
JVC	2.84	2.48	2.66	2.65	2018	2.66	3901	2.67	155	0.02	0.75	2.68	1300	37291	2.68	2446	2.69	1928	2.7	10041	2.68	2.71	2.66	0	6673	319272	
KBC	13.7	12	12.85	13.6	7120	13.65	1259	13.7	44452	0.85	6.61	13.7	2411	654585	0	0	0	0	0	0	13.7	13.7	12.85	25063	1701	12807798	
KDC	31	27	29	29.05	350	29.1	2557	29.2	1129	0.2	0.69	29.2	2351	54181	29.25	573	29.3	547	29.35	202	29.2	29.5	27	1195	942	20955649	
KDH	22.75	19.85	21.3	21.55	776	21.6	310	21.65	120	0.4	1.88	21.7	2985	38494	21.7	855	21.75	1283	21.8	1822	21.7	21.75	21.3	2304	5500	2792841	
KHP	8.93	7.77	8.35	8.08	14	8.09	51	8.15	250	0	0	0	0	0	8.35	60	8.47	40	8.48	15	0	0	0	0	0	1168728	
KMR	2.32	2.02	2.17	2.16	301	2.17	260	2.18	556	0.01	0.46	2.18	445	7838	2.19	450	2.2	528	2.21	540	2.18	2.2	2.15	0	0	2120047	
KOS	30.45	26.55	28.5	28.3	1723	28.4	1662	28.5	2466	0.1	0.35	28.6	3212	32208	28.6	373	28.7	626	28.8	47	28.6	28.8	28	603	0	5048738	
KPF	19.65	17.15	18.4	0	0	0	0	0	0	-1.25	-6.79	17.15	1	501	17.15	804	0	0	0	0	0	17.15	17.15	0	0	882579	
KSB	23.3	20.3	21.8	23	3059	23.05	2138	23.1	2093	1.35	6.19	23.15	4072	142373	23.15	100	23.2	1851	23.25	3257	23.15	23.2	21.8	2426	26144	2047441	
L10	14.1	12.3	13.2	13.35	20	13.5	60	13.6	10	0.9	6.82	14.1	10	10	0	0	0	0	0	0	14.1	14.1	14.1	0	0	475275	
LAF	9.63	8.37	9	8.38	5	8.5	1	8.51	5	0	0	0	0	0	9	273	9.6	610	9.62	5	0	0	0	0	0	687619	
LBM	30.05	26.15	28.1	27.15	200	27.2	50	27.3	1	-0.8	-2.85	27.3	2	19	29	108	29.5	40	29.9	150	27.3	29	27.15	7	0	433833	
LCG	6.74	5.86	6.3	6.57	600	6.58	300	6.59	344	0.3	4.76	6.6	4120	57009	6.6	1624	6.64	1323	6.65	462	6.6	6.7	6.3	1276	0	1882359	
LCM	0.68	0.6	0.64	0.62	2000	0.63	3111	0.64	304	0.01	1.56	0.65	100	5595	0.65	85	0.66	443	0.67	6	0	0.65	0.63	0	0	995529	
LDG	5.61	4.89	5.25	5.33	2491	5.34	2000	5.35	1662	0.1	1.9	5.35	8647	155546	5.36	4000	5.37	2866	5.38	6155	5.35	5.42	5.23	4267	431	11470271	
LEC	18.05	15.75	16.9	0	0	15.75	2	15.8	10	0	0	16.9	11	11	16	11	16.4	50	16.5	10	16.9	16.9	16.9	0	0	1278863	
LGC	46.3	40.3	43.3	0	0	0	0	0	0	-0.8	-1.85	42.5	1	3	40.3	240	42.5	38	43	342	0	42.5	42.5	0	0	768015	
LGL	5.17	4.51	4.84	4.72	6	4.73	10	4.78	60	-0.05	-1.03	4.79	215	2167	4.79	376	4.8	99	4.82	238	4.79	4.84	4.79	0	0	2261195	
LHG	18.5	16.1	17.3	17.75	572	17.8	1382	17.85	4138	0.5	2.89	17.8	1803	91523	17.9	10	17.95	200	18	11199	17.8	18.45	17.25	1797	16121	2074030	
LIX	63.1	54.9	59.5	55.5	249	55.6	903	55.7	19	-3.8	-6.39	55.7	557	21772	56	9	56.5	207	56.6	3	55.7	59.5	55.7	4188	274	1247605	
LM8	18.6	16.2	17.4	16.25	39	16.3	1	16.4	2	-0.3	-1.72	17.1	5	105	17.1	46	17.15	50	17.25	6	17.1	17.35	16.2	0	0	443472	
LMH	0.99	0.87	0.93	0	0	0	0	0	0	-0.06	-6.45	0.87	6	19418	0.87	259451	0.88	40	0.9	11315	0.87	0.87	0.87	0	0	2562923	
LSS	5	4.36	4.68	4.69	30	4.7	550	4.71	650	0.07	1.5	4.75	300	3390	4.75	120	4.78	50	4.79	806	4.75	4.8	4.75	0	0	3317491	
MBB	18.45	16.05	17.25	17.2	46870	17.25	25993	17.3	14051	0.05	0.29	17.3	10446	424460	17.35	2763	17.4	20830	17.45	34839	17.3	17.45	17.2	30000	30000	0	
MCG	1.76	1.54	1.65	1.54	50	1.55	200	1.6	515	0.02	1.21	1.67	12	2100	1.65	2	1.67	99	1.68	1019	0	1.67	1.6	0	0	2546182	
MCP	14.3	12.5	13.4	12.55	20	12.6	5	13	50	0.9	6.72	14.3	1	1	0	0	0	0	0	0	0	14.3	14.3	0	0	735596	
MDG	12.6	11	11.8	0	0	0	0	11	2	0.65	5.51	12.45	1	2	11.95	2	12	451	12.45	214	0	12.45	11	0	0	533562	
MHC	3.09	2.69	2.89	3	7012	3.08	295	3.09	7057	0.2	6.92	3.09	47	10275	0	0	0	0	0	0	3.09	3.09	2.93	0	0	1947119	
MSH	38.5	33.5	36	36.6	200	36.65	1	36.7	1000	0.8	2.22	36.8	490	14959	36.8	292	36.9	50	37	240	36.8	36.8	35.8	559	0	2236375	
MSN	66.3	57.7	62	61.6	4570	61.7	3989	61.8	4617	-0.2	-0.32	61.8	7347	135462	62	30	62.1	2268	62.2	305	61.8	62.7	61.5	2218	43974	11251992	
MWG	90.9	79.1	85	85.8	382	85.9	162	86	3805	1.1	1.29	86.1	4239	113552	86.1	162	86.2	400	86.3	373	86.1	87	84.2	20000	20000	0	
NAF	26.75	23.25	25	24.8	1598	24.9	1250	25	599	0.2	0.8	25.2	270	5259	25.2	158	25.3	400	25.4	250	25.2	25.2	24.1	0	0	4117225	
NAV	19.2	16.7	17.95	0	0	16.7	9	16.8	20	-1.25	-6.96	16.7	1	1	19	1	19.2	1	0	0	0	16.7	16.7	0	0	381738	
NBB	20.5	17.9	19.2	19	399	19.05	89	19.1	120	-0.15	-0.78	19.05	1	1273	19.25	89	19.3	414	19.35	430	0	19.45	19	0	0	3106156	
NCT	65.4	57	61.2	61	30	61.1	16	61.2	151	0	0	61.2	55	909	61.5	3	61.7	20	62	350	61.2	61.5	61.2	0	0	1001465	
NHH	52.4	45.6	49	46	18	46.5	20	47	2	-2	-4.08	47	70	24174	48	200	48.6	200	48.9	15	47	49	47	132	0	1676454	
NKG	7.96	6.92	7.44	7.67	410	7.68	3751	7.69	1912	0.26	3.49	7.7	25807	402560	7.7	1829	7.71	2000	7.72	768	7.7	7.91	7.57	3332	109413	14094998	
NLG	24.6	21.4	23	22.95	6069	23	5876	23.05	576	0.05	0.22	23.05	7039	41085	23.1	772	23.15	198	23.2	1519	23.05	23.4	23	842	64	414602	
NNC	50.2	43.75	47	45.15	5	45.2	7	45.25	149	-1.75	-3.72	45.25	80	460	47.1	31	47.4	170	47.45	220	45.25	47	45.25	0	0	685647	
NSC	68.2	59.4	63.8	63.3	9	63.5	22	63.7	3	0	0	63.8	9	285	63.8	40	63.9	344	64	45	63.8	64	63.7	0	14	681214	
NT2	21.9	19.1	20.5	20.85	750	20.9	2006	20.95	3490	0.5	2.44	21	2972	56401	21	4462	21.05	3060	21.1	5896	21	21.1	20.4	1090	329	8997387	
NTL	18.65	16.25	17.45	17.4	1026	17.45	1274	17.5	197	0.05	0.29	17.5	1299	10847	17.6	762	17.65	300	17.7	405	17.5	17.6	17.2	679	0	2836428	
NVL	57	49.6	53.3	52.8	2235	52.9	1864	53	3599	0	0	53.3	5275	103564	53.3	1584	53.4	1016	53.5	1780	53.3	53.9	52.2	1100	11837	31416768	
NVT	5.46	4.76	5.11	5.01	6	5.02	1	5.03	50	0.14	2.74	5.25	75	572	5.24	90	5.25	25	5.26	100	0	5.25	5.01	0	0	7325534	
OGC	3.41	2.97	3.19	3.2	3611	3.21	2145	3.22	507	0.04	1.25	3.23	505	36206	3.23	1482	3.24	3573	3.25	6745	3.23	3.28	3.16	3584	0	14551481	
OPC	60.2	52.4	56.3	56.2	3	56.3	2	56.5	2	0.7	1.24	57	226	901	57	1	57.5	320	58	100	57	57	56.2	0	0	1166801	
PAC	22.7	19.8	21.25	21.55	424	21.6	169	21.65	86	0.4	1.88	21.65	600	7156	21.9	4	22	279	22.1	9	21.65	22.4	21.5	104	505	1311542	
PAN	23.4	20.4	21.9	22.6	140	22.65	500	22.7	20	1.1	5.02	23	70	2617	23	355	23.1	108	23.2	107	23	23	21.95	356	0	1034230	
PC1	17.95	15.65	16.8	16.75	7450	16.8	5274	16.85	3120	0.1	0.6	16.9	2213	39495	16.9	2504	16.95	600	17	2248	16.9	16.9	16.6	1833	0	4627814	
PDN	70.6	61.4	66	64	31	64.1	2	64.5	4	0	0	66	70	81	66	6	67	70	67.5	34	0	66	66	0	0	902258	
PDR	26.55	23.15	24.85	24.45	300	24.5	871	24.55	50	-0.3	-1.21	24.55	1041	67817	24.7	57	24.75	50	24.8	400	24.55	25	24.55	2339	9106	15037853	
PET	9.74	8.48	9.11	8.78	44	8.79	33	8.8	1151	-0.31	-3.4	8.8	9772	63391	8.86	200	8.88	150	8.92	800	8.8	9.11	8.8	101	100	2791383	
PGC	15.3	13.3	14.3	14.1	260	14.2	1525	14.25	770	0	0	14.3	20	3404	14.3	5080	14.4	210	14.45	600	14.3	14.7	14.2	1	2674	2498761	
PGD	33.05	28.75	30.9	30.6	33	30.9	5	30.95	5	0.1	0.32	31	77	535	31	23	31.05	1	31.1	320	31	31.1	30.95	0	0	179205	
PGI	17.1	14.9	16	15.25	1	15.5	50	16	9	0	0	16	2	73	16.45	1	16.5	200	17	1324	16	16.05	16	0	0	2515023	
PHC	10.25	8.93	9.6	9.57	3	9.6	235	9.61	1	0.01	0.1	9.61	295	3188	9.69	120	9.7	160	9.75	100	9.61	9.7	9.54	0	0	1258456	
PHR	48.65	42.35	45.5	48.5	2161	48.6	854	48.65	41278	3.15	6.92	48.65	594	314260	0	0	0	0	0	0	48.65	48.65	45.5	46268	350	5383275	
PIT	3.74	3.26	3.5	3.55	100	3.56	10	3.74	54	0.24	6.86	3.74	646	876	0	0	0	0	0	0	3.74	3.74	3.6	0	0	733742	
PJT	11.1	9.68	10.4	10.15	1	10.2	10	10.3	162	-0.1	-0.96	10.3	38	275	10.4	100	10.6	16	10.8	350	0	10.4	10.3	0	0	713071	
PLP	9.02	7.84	8.43	8.25	131	8.26	10	8.3	75	-0.08	-0.95	8.35	2	5017	8.35	168	8.4	5	8.43	250	8.35	8.35	8.15	0	25	977806	
PLX	49.6	43.2	46.4	46.25	1224	46.3	2471	46.35	1392	-0.05	-0.11	46.35	2708	62522	46.4	278	46.45	713	46.5	3119	46.35	46.8	45.5	917	2617	8641952	
PME	63.1	54.9	59	58.7	130	58.8	50	59	2	0.7	1.19	59.7	10	781	59.7	175	60	1324	60.9	100	59.7	59.7	58.5	0	0	2844281	
PMG	13.3	11.6	12.45	12.3	4	12.35	6	12.45	57	0.05	0.4	12.5	195	576	12.5	33	12.55	13	12.6	80	0	12.5	12.4	0	0	2018910	
PNC	9.41	8.19	8.8	8.19	20	8.5	170	8.8	5	0.6	6.82	9.4	30	47	9.4	6	0	0	0	0	9.4	9.4	8.8	0	0	532156	
PNJ	67.6	58.8	63.2	63.7	500	63.8	985	63.9	206	0.8	1.27	64	2440	70935	64	5997	64.1	1006	64.2	5469	64	64.3	63.5	20000	20000	0	
POM	5.13	4.47	4.8	4.86	310	4.95	216	4.97	390	0.2	4.17	5	633	4369	5	2209	5.1	78	5.13	415	5	5	4.8	0	0	11501847	
POW	10.8	9.4	10.1	10.1	36414	10.15	10270	10.2	24222	0.1	0.99	10.2	15267	612907	10.25	9804	10.3	54002	10.35	34485	10.2	10.4	10	25687	4502	88197830	
PPC	25.7	22.4	24.05	24.35	500	24.4	136	24.45	11	0.45	1.87	24.5	3233	15503	24.5	185	24.55	500	24.6	711	24.5	24.5	24	3163	3156	10604023	
PTB	49.5	43.1	46.3	46.8	352	46.85	46	46.9	316	0.6	1.3	46.9	612	22601	46.95	101	47	2460	47.1	2929	46.9	47.3	45.9	290	1267	1472034	
PTC	9.09	7.91	8.5	7.95	300	8	200	8.5	2000	0.5	5.88	9	1	20	8.88	5	9	388	9.05	5	0	9	7.91	0	0	876766	
PTL	3.46	3.02	3.24	3.03	61	3.04	171	3.1	54	0.16	4.94	3.4	1	567	3.4	45	3.46	1139	0	0	3.4	3.4	3.04	0	0	4874916	
PVD	11.5	10	10.75	10.8	22753	10.85	18642	10.9	5734	0.2	1.86	10.95	8347	385405	10.95	21095	11	87834	11.05	4924	10.95	11	10.65	2662	1800	15376591	
PVT	11.2	9.77	10.5	10.5	13179	10.55	9797	10.6	3784	0.1	0.95	10.6	2826	88594	10.65	8045	10.7	2958	10.75	1607	10.6	10.7	10.5	240	21091	6716846	
PXI	2.95	2.57	2.76	0	0	2.57	20	2.58	20	-0.06	-2.17	2.7	100	227	2.7	10	2.77	2	2.78	2	2.7	2.8	2.7	0	0	1457811	
PXS	4.6	4	4.3	4.18	400	4.19	90	4.21	79	0	0	4.3	71	6395	4.3	1502	4.32	7	4.35	124	4.3	4.3	4.05	0	0	2291217	
PXT	1.2	1.06	1.13	1.06	1166	1.07	5	1.1	850	0	0	1.13	60	3704	1.13	9	1.15	353	1.19	20	0	1.13	1.1	0	0	960326	
QBS	2.01	1.75	1.88	1.86	511	1.87	200	1.88	435	0.01	0.53	1.89	200	394	1.89	14	1.9	1000	1.91	100	1.89	1.95	1.89	0	0	0	
QCG	8.32	7.24	7.78	7.78	207	7.8	4102	7.81	2251	0.03	0.39	7.81	1585	41888	7.84	78	7.87	1	7.88	10	7.81	7.94	7.7	2453	500	13327474	
RAL	89.8	78.2	84	81.5	99	81.7	45	82.5	2	-0.7	-0.83	83.3	35	1670	83.3	16	83.5	10	83.6	40	83.3	83.3	80.7	452	80	546682	
RDP	8.02	6.98	7.5	7.5	206	7.51	99	7.57	36	0.07	0.93	7.57	16	514	7.58	150	7.6	100	7.98	100	7.57	7.57	7.5	0	0	1812091	
REE	33.35	29.05	31.2	31.1	2220	31.15	541	31.2	79	0	0	31.2	1241	41519	31.25	1277	31.3	1957	31.35	906	31.2	31.3	30.95	0	127	0	
RIC	5.02	4.38	4.7	0	0	0	0	0	0	-0.32	-6.81	4.38	30	42	4.38	70	4.7	9	4.79	3	0	4.38	4.38	0	0	473285	
ROS	3.73	3.25	3.49	3.42	5584	3.43	6443	3.44	6277	-0.05	-1.43	3.44	34754	646427	3.45	3200	3.46	4183	3.47	8240	3.44	3.52	3.4	16377	982	26360359	
S4A	29.3	25.5	27.4	26	1	26.1	31	26.5	99	-0.9	-3.28	26.5	10	121	27.9	10	28	301	29.15	15	26.5	27.9	26.5	0	0	2066289	
SAB	186.1	161.9	174	174.7	966	174.9	290	175	90	1	0.57	175	346	5922	175.5	10	176	24	176.1	775	175	176.1	173	1752	370	23514545	
SAM	9.89	8.61	9.25	9.07	302	9.08	1735	9.09	1699	-0.15	-1.62	9.1	1438	23912	9.1	3359	9.15	874	9.2	2222	9.1	9.2	9.08	1786	146	12168437	
SAV	9.94	8.64	9.29	8.65	40	8.67	34	8.7	69	0	0	9.29	1	43	9.29	89	9.3	403	9.4	300	9.29	9.3	8.7	0	0	0	
SBA	15.3	13.3	14.3	14	40	14.2	40	14.3	386	0	0	14.3	400	1453	14.4	1	14.45	125	14.5	100	14.3	14.3	14.3	0	0	2961980	
SBT	15.9	13.9	14.9	14.7	3639	14.75	2319	14.8	7996	-0.1	-0.67	14.8	5304	214713	14.85	500	14.9	7698	14.95	5896	14.8	14.9	14.8	1850	3503	55286518	
SBV	10.4	9.07	9.75	9.9	440	10	400	10.2	110	0.65	6.67	10.4	480	4312	10.4	224	0	0	0	0	10.4	10.4	10.4	0	3781	845666	
SC5	20.65	17.95	19.3	0	0	18	11	18.1	7	-1.2	-6.22	18.1	14	155	20.55	5	20.6	55	20.65	42	18.1	20.65	18.1	0	48	667153	
SCD	23	20	21.5	21	173	21.2	110	21.3	56	0	0	21.5	2	281	21.5	42	21.7	218	21.8	320	0	21.5	21.1	19	8	345426	
SCR	4.91	4.27	4.59	4.57	15211	4.58	5467	4.59	816	0	0	4.59	10663	100210	4.6	8737	4.61	1351	4.62	3893	4.59	4.6	4.56	17	627	17419194	
SCS	124.4	108.2	116.3	117.2	92	117.5	50	117.8	192	2.7	2.32	119	400	4525	119	20	119.1	25	119.8	20	119	119	116.3	1076	8	1399329	
SFC	21.45	18.65	20.05	19.5	5	19.55	200	19.6	56	0	0	0	0	0	21.45	7	0	0	0	0	0	0	0	0	0	544500	
SFG	5.72	4.98	5.35	5.4	5	5.5	1674	5.51	300	0.25	4.67	5.6	2	5409	5.6	150	5.61	332	5.64	448	5.6	5.64	5.36	0	0	2256084	
SFI	21.8	19	20.4	19.05	4	19.1	150	19.2	100	0	0	0	0	0	20.1	110	20.5	35	20.8	17	0	0	0	0	0	563848	
SGN	77	67	72	71.6	150	71.7	272	71.9	112	0	0	72	35	956	72	121	72.4	500	72.5	136	72	72.5	71.9	320	60	930548	
SGR	15.6	13.6	14.6	0	0	14	5	14.5	7	0.4	2.74	15	4	447	15.6	250	0	0	0	0	0	15.45	14.5	0	0	2231257	
SGT	4.78	4.16	4.47	0	0	4.16	131	4.17	50	0	0	4.47	1	119	4.47	176	4.5	88	4.6	847	4.47	4.47	4.46	0	0	2599693	
SHA	4.45	3.87	4.16	3.9	60	4.01	12	4.02	48	-0.06	-1.44	4.1	300	434	4.1	85	4.17	190	4.19	100	4.1	4.12	4.07	0	0	1456602	
SHI	9.5	8.26	8.88	8.61	90	8.65	150	8.7	2	0	0	8.88	311	37879	8.88	1128	8.9	2691	8.99	310	8.88	8.88	8.54	885	16	4199826	
SHP	25.65	22.35	24	24	399	24.1	50	24.2	279	0.2	0.83	24.2	21	846	24.5	242	25.2	1005	0	0	24.2	24.2	24	0	0	4123400	
SII	18.65	16.25	17.45	16.3	10	16.4	4	16.5	2	-0.15	-0.86	17.3	5	17	17.3	280	17.35	15	17.4	175	0	17.3	16.25	0	0	2733	
SJD	18.15	15.85	17	16.85	100	16.9	810	17	1155	0.1	0.59	17.1	25	2454	17.1	184	17.2	559	17.25	2520	17.1	17.2	17	0	300	1565037	
SJF	1.95	1.71	1.83	1.89	4513	1.9	2042	1.91	171	0.08	4.37	1.91	1201	78430	1.92	1067	1.93	2235	1.94	4142	1.91	1.93	1.77	0	1000	3856613	
SJS	20.35	17.75	19.05	18.95	404	19	248	19.15	100	0.2	1.05	19.25	746	4865	19.25	62	19.3	854	19.4	320	19.25	19.25	18.9	879	500	5375082	
SKG	10.95	9.54	10.25	10.05	2489	10.1	287	10.2	2237	-0.05	-0.49	10.2	1265	28640	10.25	355	10.3	1050	10.4	1080	10.2	10.25	10	0	0	240164	
SMA	19	16.6	17.8	0	0	0	0	0	0	-1.2	-6.74	16.6	10	119	16.6	375	19	98	0	0	0	19	16.6	0	0	928092	
SMB	34.2	29.8	32	31.7	100	31.8	17	31.9	10	0	0	32	20	786	32	325	32.05	100	32.4	299	32	32.5	31.7	0	0	1082527	
SMC	12.05	10.55	11.3	10.65	3	10.7	2	10.8	100	-0.3	-2.65	11	1	483	11	995	11.1	700	11.25	11	11	11	10.65	1	0	969907	
SPM	11.3	9.86	10.6	0	0	0	0	9.86	42	0	0	0	0	0	10.6	31	10.65	27	11.2	109	0	0	0	0	0	642966	
SRC	17.5	15.3	16.4	15.9	35	16.2	10	16.25	200	-0.1	-0.61	16.3	535	3598	16.3	40	16.35	100	16.4	464	16.3	16.3	15.9	0	0	1372379	
SRF	14.4	12.6	13.5	13.4	130	13.45	130	13.5	10	0.1	0.74	13.6	7	571	13.6	62	13.7	45	13.9	20	13.6	13.7	13.3	0	112	70934	
SSC	62.4	54.4	58.4	0	0	0	0	0	0	-3.4	-5.82	55	1	26	55	19	58	52	58.4	17	0	55	55	0	0	718874	
SSI	15.3	13.3	14.3	14.4	19360	14.45	6183	14.5	11737	0.25	1.75	14.55	19565	602283	14.55	17598	14.6	45738	14.65	19722	14.55	14.6	14.3	31676	60204	29820259	
ST8	13.05	11.35	12.2	0	0	0	0	11.6	98	0	0	12.2	4	87	12.2	420	12.8	100	0	0	0	12.2	12.1	0	0	0	
STB	10.9	9.49	10.2	10.15	47010	10.2	82159	10.25	34736	0.05	0.49	10.25	28546	944839	10.3	44677	10.35	55635	10.4	70257	10.25	10.4	10.1	15902	27720	27449661	
STG	17.1	14.9	16	14.9	210	15.1	30	15.15	2	-0.1	-0.62	15.9	198	210	15.9	1702	16	254	16.1	85	0	15.9	15.9	0	0	4806165	
STK	18.4	16	17.2	17.2	632	17.25	1	17.35	567	0.2	1.16	17.4	639	7494	17.4	195	17.45	61	17.5	1412	17.4	17.4	17	1143	0	3168244	
SVC	79.1	68.9	74	0	0	69	100	69.1	704	-4.9	-6.62	69.1	1000	3019	76.9	219	77.9	1	78	708	69.1	76.9	69.1	2	530	1143982	
SVI	85	74	79.5	0	0	0	0	0	0	0	0	79.5	13	13	79	141	79.5	30	80	10	0	79.5	79.5	0	0	623497	
SVT	9.2	8	8.6	0	0	8.6	100	9	20	0.6	6.98	9.2	15	54	0	0	0	0	0	0	9.2	9.2	9.2	0	0	515360	
SZC	20.15	17.55	18.85	20.05	1559	20.1	2624	20.15	37216	1.3	6.9	20.15	781	434642	0	0	0	0	0	0	20.15	20.15	18.8	4748	530	4872056	
SZL	41.7	36.3	39	40.75	158	40.8	191	40.85	43	1.9	4.87	40.9	342	20227	40.9	445	40.95	825	41	1511	40.9	41	38.6	234	50	818292	
TAC	35.3	30.7	33	32.6	259	32.7	200	32.8	118	0	0	33	120	3515	33	147	33.1	20	33.2	202	33	33	31.95	20	0	1617212	
TBC	25.1	21.9	23.5	23.1	60	23.15	30	23.6	3	0.2	0.85	23.7	200	219	23.9	10	24	76	0	0	0	24	23.6	0	0	3079085	
TCB	22.5	19.6	21.05	20.9	12224	20.95	8322	21	18782	0	0	21.05	15227	196297	21.05	15589	21.1	6240	21.15	934	21.05	21.3	20.95	57796	57796	0	
TCD	10.25	8.93	9.6	9.06	15	9.1	5	9.4	4	-0.2	-2.08	9.4	42	710	9.7	100	9.75	9	9.76	11	9.4	9.79	9	0	0	1444541	
TCH	24.3	21.2	22.75	23.15	3520	23.2	4163	23.25	3936	0.55	2.42	23.3	15812	298307	23.3	1791	23.35	2	23.4	235	23.3	24.1	22.9	5268	3688	16188048	
TCL	24.35	21.25	22.8	24.05	302	24.1	201	24.35	10108	1.55	6.8	24.35	3	10621	0	0	0	0	0	0	0	24.35	24.35	0	0	1059729	
TCM	17.4	15.2	16.3	17.25	178	17.3	316	17.35	2840	1.1	6.75	17.4	13046	169860	17.4	835	0	0	0	0	17.4	17.4	16.15	2323	10	24595	
TCO	10.4	9.08	9.76	0	0	9.08	32	9.1	34	0	0	9.76	90	167	10	50	10.2	40	10.3	50	9.76	9.76	9.2	5	0	873491	
TCR	3.37	2.93	3.15	0	0	0	0	0	0	0	0	0	0	0	2.95	75	3	99	3.15	20	0	0	0	0	0	0	
TCT	35.05	30.55	32.8	30.9	30	31	34	31.5	10	-0.8	-2.44	32	23	2336	32	76	32.4	40	32.8	2408	32	33	31	180	1379	367028	
TDC	8.46	7.36	7.91	7.97	50	8	6	8.01	10	0.14	1.77	8.05	54	20507	8.05	636	8.06	210	8.07	521	8.05	8.09	7.88	0	0	4668720	
TDG	1.81	1.59	1.7	1.68	5050	1.69	12169	1.7	2457	0.01	0.59	1.71	2421	41030	1.71	2483	1.72	4252	1.73	2500	1.71	1.72	1.69	0	0	791710	
TDH	9.2	8	8.6	8.58	200	8.59	300	8.6	1718	0	0	8.6	9001	64929	8.64	1005	8.67	5	8.68	800	8.6	8.8	8.45	4335	0	1724253	
TDM	22.3	19.4	20.85	21.8	1808	21.85	424	21.9	1710	1.1	5.28	21.95	1836	60281	21.95	276	22	7008	22.05	80	21.95	21.95	20.85	1481	0	3694412	
TDW	26.75	23.25	25	0	0	24.5	1	25	102	1.1	4.4	26.1	1	126	26.1	9	26.7	28	0	0	26.1	26.1	25	124	0	394546	
TEG	5.43	4.73	5.08	4.85	160	4.86	90	5	1	0.12	2.36	5.2	1600	25160	5.2	252	5.39	547	5.4	2043	5.2	5.43	4.8	0	50	1572524	
TGG	0.92	0.8	0.86	0.83	14699	0.84	2232	0.85	6127	0	0	0.86	1050	24658	0.86	610	0.87	1921	0.88	2859	0.86	0.86	0.83	2025	0	1251484	
THG	52.3	45.5	48.9	48	273	48.1	70	48.2	59	-0.7	-1.43	48.2	150	225	49	74	49.5	1	49.6	1	48.2	49	48.2	0	0	640252	
THI	27.9	24.3	26.1	25.3	100	26	110	26.1	200	0	0	0	0	0	27.9	50	0	0	0	0	0	0	0	0	0	2388065	
TIP	19.5	17	18.25	19.4	230	19.45	598	19.5	3782	1.25	6.85	19.5	27	70841	0	0	0	0	0	0	19.5	19.5	18.4	0	20066	988154	
TIX	32.1	27.9	30	28	2	28.05	1	30	10	0	0	30	10	10	31	7	31.5	5	32	7	30	30	30	0	0	1467467	
TLD	6.47	5.63	6.05	5.86	10	5.9	220	6.01	46	0	0	6.05	3	10981	6.05	500	6.1	1912	6.2	2271	6.05	6.07	6	0	0	891197	
TLG	34.45	29.95	32.2	31.65	28	31.7	576	31.75	85	-0.4	-1.24	31.8	762	19106	31.8	89	31.85	389	31.9	375	31.8	32.2	31.75	1207	5710	5876734	
TLH	3.45	3.01	3.23	3.17	2158	3.18	983	3.19	301	0	0	3.23	10	18522	3.23	89	3.27	457	3.28	1112	3.23	3.24	3.17	0	200	4905566	
TMP	35.4	30.8	33.1	33.55	19	33.6	20	35.4	131	2.3	6.95	35.4	2	277	0	0	0	0	0	0	35.4	35.4	34.5	0	0	3407009	
TMS	27.15	23.65	25.4	24	12	24.5	10	25.2	1	-0.2	-0.79	25.2	8	19	25.65	49	25.7	68	25.8	1	0	25.7	25.2	0	0	0	
TMT	5.64	4.92	5.28	4.95	72	5.12	162	5.15	1	-0.03	-0.57	5.25	110	439	5.25	155	5.28	100	5.6	11	0	5.25	5.12	50	0	1733894	
TN1	69.2	60.2	64.7	64	31	64.1	29	64.2	25	-0.2	-0.31	64.5	14	137	64.5	6	64.7	55	65	32	64.5	64.8	64.5	0	0	649888	
TNA	19.75	17.25	18.5	18.5	2887	18.6	2870	18.7	20	0.3	1.62	18.8	3652	36271	18.8	138	18.85	801	18.9	1044	18.8	18.9	17.9	57	470	1478058	
TNC	18.8	16.4	17.6	16.9	208	17	53	17.1	40	-0.8	-4.55	16.8	14	89	18.4	133	18.7	33	18.8	1429	0	17	16.5	0	0	898643	
TNI	11.05	9.63	10.35	10.1	150	10.15	500	10.2	230	-0.05	-0.48	10.3	100	19661	10.3	477	10.35	1000	10.4	1000	0	10.35	10.2	0	357	2517822	
TNT	1.6	1.4	1.5	1.48	101	1.49	1100	1.5	154	0.01	0.67	1.51	1002	7144	1.51	604	1.52	2642	1.53	291	1.51	1.52	1.5	0	0	1237141	
TPB	22.45	19.55	21	20.7	141	20.75	1	20.8	563	0	0	21	806	7795	21	8677	21.05	1926	21.1	359	21	21.3	20.8	0	0	0	
TPC	8.88	7.72	8.3	8	25	8.14	220	8.15	10	0.09	1.08	8.39	1	4	8.39	3	8.4	10	8.49	599	0	8.71	8.14	0	0	1156357	
TRA	63	54.8	58.9	57.3	15	57.5	100	58	20	0.9	1.53	59.8	60	435	59.8	75	59.9	15	60	485	59.8	60	58	0	0	208035	
TRC	29.85	25.95	27.9	27.8	20	27.9	30	28	74	1.1	3.94	29	1	666	29	144	29.3	50	29.35	40	29	29	28	0	0	1220720	
TS4	3.21	2.79	3	2.87	63	2.9	1192	2.91	825	-0.09	-3	2.91	195	999	2.95	99	3	1262	3.02	346	2.91	3.02	2.91	0	0	762159	
TSC	2.48	2.16	2.32	2.28	2678	2.29	1257	2.3	2466	0	0	2.32	810	43052	2.32	1793	2.33	1822	2.34	1495	2.32	2.34	2.26	0	0	7176660	
TTB	4.17	3.63	3.9	4.15	19485	4.16	1180	4.17	55254	0.27	6.92	4.17	101	193684	0	0	0	0	0	0	4.17	4.17	4	100	12050	2260201	
TTE	14.85	12.95	13.9	0	0	0	0	0	0	0	0	0	0	0	13.9	12	14.8	2	0	0	0	0	0	0	0	1452958	
TTF	2.86	2.5	2.68	2.67	2625	2.68	1250	2.69	2244	0.01	0.37	2.69	3176	245904	2.7	8198	2.71	8213	2.72	10242	2.69	2.75	2.65	1400	0	15186419	
TV2	72.9	63.5	68.2	71.8	150	71.9	30	72	2191	3.8	5.57	72	1120	10946	72.5	220	72.6	20	72.8	84	72	72.9	68.3	210	0	15494	
TVB	10.8	9.4	10.1	9.98	1090	9.99	1311	10	2565	-0.1	-0.99	10	1089	43449	10.05	2139	10.1	5567	10.15	1879	10	10.1	9.98	0	792	2357265	
TVS	11.4	9.96	10.7	10.55	100	10.6	500	10.65	50	-0.05	-0.47	10.65	100	300	10.7	165	10.75	250	10.8	1450	10.65	10.7	10.65	0	0	2175153	
TVT	21.4	18.6	20	19.8	25	20	16	20.5	65	0.6	3	20.6	6	152	20.6	114	20.8	15	21	328	20.6	20.6	20.5	0	0	1026451	
TYA	13.3	11.6	12.45	12.35	243	12.4	108	12.45	200	0.05	0.4	12.5	38	1955	12.5	129	12.55	838	12.6	93	12.5	12.5	12.4	0	0	389378	
UDC	3.14	2.74	2.94	2.8	320	2.9	95	2.91	1	-0.02	-0.68	2.92	1	235	2.95	200	2.96	51	2.97	100	2.92	2.94	2.9	0	0	1713749	
UIC	43.65	37.95	40.8	41.3	1000	41.35	100	41.45	1165	0.75	1.84	41.55	41	7682	41.55	9	41.6	933	41.7	40	41.55	41.55	40.8	8	2500	230167	
VAF	6.86	5.98	6.42	0	0	6	1	6.86	4	0.44	6.85	6.86	1	1	0	0	0	0	0	0	0	6.86	6.86	0	0	1845588	
VCB	86.6	75.4	81	80.9	1410	81	4097	81.1	2138	0.1	0.12	81.1	3807	70871	81.2	2197	81.3	3492	81.4	2318	81.1	81.3	80.8	36077	18496	23373434	
VCF	237.3	206.3	221.8	210	15	210.1	2	211	39	-2.1	-0.95	219.7	2	19	219.6	30	219.7	2	219.8	1	0	219.7	210	0	0	1287818	
VCI	24.8	21.6	23.2	23.3	532	23.35	10	23.4	121	0.2	0.86	23.4	3146	74426	23.45	1000	23.5	1020	23.55	50	23.4	23.7	22.9	1531	32054	11503735	
VDP	39.55	34.45	37	0	0	0	0	35.5	10	0.1	0.27	37.1	2	2	37.2	160	37.3	200	37.7	270	37.1	37.1	37.1	0	0	621813	
VDS	6.3	5.48	5.89	5.8	50	5.83	284	5.84	6	0.29	4.92	6.18	1	1504	6.18	129	6.19	133	0	0	0	6.19	5.72	0	0	4865369	
VFG	41.7	36.3	39	37.6	1	37.65	1	38	19	0	0	39	100	112	39	11	39.3	3	39.4	258	0	39.2	39	0	1	1484291	
VGC	18.85	16.45	17.65	18.2	669	18.25	991	18.3	5313	0.65	3.68	18.3	170	58437	18.35	413	18.4	3687	18.45	3100	18.3	18.4	17.65	1255	0	17537320	
VHC	36.15	31.45	33.8	34.75	105	34.8	200	34.85	456	1.2	3.55	35	3661	101447	35	2826	35.1	673	35.15	441	35	35.5	33.8	1929	1325	12395474	
VHM	81.8	71.2	76.5	76.5	5128	76.6	1336	76.7	443	0.3	0.39	76.8	13309	466445	76.8	1589	76.9	426	77	16165	76.8	78.5	74.8	114745	89816	117999203	
VIC	103.1	89.7	96.4	96.5	388	96.6	28	96.7	2	0.7	0.73	97.1	3922	21640	97.1	40	97.2	231	97.3	87	97.1	97.1	96	405283	403483	76761141	
VID	3.93	3.43	3.68	3.44	100	3.8	13	3.93	5223	0.25	6.79	3.93	14	2041	0	0	0	0	0	0	0	3.93	3.93	0	0	1354422	
VIP	5.29	4.61	4.95	4.92	51	4.93	111	4.94	10	0	0	4.95	300	3885	4.95	140	5	260	5.01	558	4.95	4.95	4.93	1000	0	2942787	
VIS	22.35	19.45	20.9	0	0	0	0	19.45	4	0	0	0	0	0	20.9	85	21	35	22	35	0	0	0	0	0	1910919	
VJC	121.9	106.1	114	112.9	662	113	2359	113.1	473	-0.9	-0.79	113.1	1121	33126	113.2	6162	113.3	512	113.4	116	113.1	114	113.1	78	8895	6192622	
VMD	22.65	19.75	21.2	20.3	50	20.45	4	20.6	4	-0.35	-1.65	20.85	20	35	20.85	20	21.2	5	21.4	11	20.85	21.2	20.85	24	0	729247	
VND	13.25	11.55	12.4	12.55	5657	12.6	3539	12.65	1580	0.25	2.02	12.65	1407	90177	12.7	7435	12.75	12652	12.8	4451	12.65	12.7	12.4	2080	15444	2876246	
VNE	4.98	4.34	4.66	4.75	29	4.76	34	4.77	136	0.11	2.36	4.77	5869	27546	4.78	510	4.79	1829	4.8	4020	4.77	4.77	4.7	1	80	3929106	
VNG	14.85	12.95	13.9	13.65	630	13.7	157	13.75	173	-0.1	-0.72	13.8	200	17705	13.8	1190	13.85	844	13.9	2152	13.8	13.95	13.7	0	220	4753532	
VNL	14.05	12.25	13.15	0	0	12.5	18	12.6	3	0	0	0	0	0	14	7	0	0	0	0	0	0	0	0	0	357902	
VNM	122.4	106.4	114.4	117.1	82	117.3	259	117.4	34	3.2	2.8	117.6	16742	158186	117.6	475	117.7	306	117.8	239	117.6	117.6	114.1	100623	25482	71868195	
VNS	9.89	8.61	9.25	9.24	1	9.25	1104	9.26	94	0.01	0.11	9.26	15	500	9.35	34	9.39	101	9.42	2	9.26	9.4	9.25	0	0	1947011	
VOS	1.54	1.34	1.44	1.37	4672	1.38	1171	1.39	844	-0.05	-3.47	1.39	217	25612	1.41	557	1.42	1134	1.44	3700	1.39	1.44	1.37	0	0	6617382	
VPB	25.8	22.5	24.15	23.9	18740	23.95	8364	24	2332	-0.15	-0.62	24	12638	517403	24.05	9098	24.1	4231	24.15	11212	24	24.25	23.6	1172	8705	0	
VPD	14.95	13.05	14	13.8	132	13.9	600	14.5	300	0.95	6.79	14.95	600	3112	14.9	100	14.95	825	0	0	0	14.95	13.8	0	0	5218527	
VPG	20.85	18.15	19.5	0	0	18.2	98	19.3	2	-0.1	-0.51	19.4	416	1513	19.4	1037	19.5	141	19.8	10	19.4	19.5	18.2	0	60	1294324	
VPH	4.33	3.77	4.05	4.02	70	4.03	48	4.04	3	-0.02	-0.49	4.03	97	5426	4.13	20	4.14	20	4.15	5478	4.03	4.14	4.03	0	200	3417541	
VPI	45.3	39.4	42.35	42	163	42.05	179	42.1	191	-0.15	-0.35	42.2	14	72947	42.2	1181	42.3	1000	42.35	878	0	42.65	42.15	1529	12000	7165038	
VPS	10.45	9.12	9.8	9.5	50	9.6	1	9.7	14	-0.1	-1.02	9.7	1	1	10.3	90	10.35	15	10.4	100	0	9.7	9.7	0	0	1181843	
VRC	6.83	5.95	6.39	6.2	940	6.24	320	6.25	274	-0.14	-2.19	6.25	4581	20710	6.28	157	6.32	160	6.33	966	6.25	6.46	6.25	0	0	2388905	
VRE	27.6	24	25.8	26.05	1260	26.1	3357	26.15	3602	0.4	1.55	26.2	19947	377499	26.2	508	26.25	3195	26.3	291	26.2	26.65	25.3	79215	59217	42272502	
VSC	29.35	25.55	27.45	27.6	203	27.8	353	27.85	344	0.4	1.46	27.85	125	8780	28	238	28.05	260	28.1	287	27.85	28.1	27	94	783	781948	
VSH	19.05	16.65	17.85	17.7	27	17.85	1571	17.9	123	0.95	5.32	18.8	1201	1338	18.8	114	18.85	500	18.9	302	18.8	18.8	17.9	1201	380	7528638	
VSI	25.3	22	23.65	22.25	5	22.3	5	22.35	3	0.55	2.33	24.2	5	13	24.2	167	25.3	200	0	0	0	24.5	24	0	0	639871	
VTB	10.85	9.44	10.15	9.9	242	9.91	62	9.92	12	0	0	10.15	13	243	10.1	89	10.15	10	10.2	162	10.15	10.25	9.87	8	100	493232	
VTO	7.75	6.75	7.25	7.3	10	7.35	300	7.36	8	0.15	2.07	7.4	2136	5448	7.4	116	7.49	200	7.5	205	7.4	7.4	7.25	51	10	3718144	
YBM	3.74	3.26	3.5	3.52	41	3.53	100	3.7	305	0.21	6	3.71	2	2433	3.71	19	3.72	82	3.73	1075	0	3.73	3.51	0	0	688731	
YEG	63.1	54.9	59	59.3	10	59.4	1	59.9	10	0.9	1.53	59.9	140	3784	60	104	60.3	83	60.4	50	59.9	62	58.5	72	82	2167752	
