VNALL
774.63
6.35	0.82
768.29	0	19290	0.06	
774.01	0.74	226391490	3982.16	
774.04	0.74	235327060	4154.10	
VND	13.25	11.55	12.4	12.55	5657	12.6	3539	12.65	1580	0.25	2.02	12.65	1407	90177	12.7	7435	12.75	12652	12.8	4451	12.65	12.7	12.4	2080	15444	2876246	
BSI	8.34	7.26	7.8	7.61	66	7.8	89	7.85	1	0.05	0.64	7.85	80	752	7.9	536	7.95	100	7.96	32	7.85	7.9	7.8	0	52	4950453	
DHM	9.63	8.37	9	8.66	620	8.7	310	8.8	804	0	0	9	1	23569	8.9	7	9	994	9.09	1700	0	9.1	8.7	0	0	1531338	
HCM	19.75	17.25	18.5	18.85	302	18.9	1417	18.95	16022	0.5	2.7	19	12786	227324	19	8319	19.05	897	19.1	11741	19	19	18.5	5880	51042	14119168	
TLH	3.45	3.01	3.23	3.17	2158	3.18	983	3.19	301	0	0	3.23	10	18522	3.23	89	3.27	457	3.28	1112	3.23	3.24	3.17	0	200	4905566	
TDH	9.2	8	8.6	8.58	200	8.59	300	8.6	1718	0	0	8.6	9001	64929	8.64	1005	8.67	5	8.68	800	8.6	8.8	8.45	4335	0	1724253	
BMI	22.55	19.65	21.1	21.05	1045	21.1	122	21.2	100	0.3	1.42	21.4	1003	29301	21.4	302	21.5	1910	21.6	2426	21.4	21.4	20.65	7706	3658	1216150	
ITC	13.25	11.55	12.4	12	30	12.05	100	12.2	23	0.75	6.05	13.15	3	4	12.95	39	13.15	43	13.2	176	13.15	13.15	13.15	0	0	3518730	
UIC	43.65	37.95	40.8	41.3	1000	41.35	100	41.45	1165	0.75	1.84	41.55	41	7682	41.55	9	41.6	933	41.7	40	41.55	41.55	40.8	8	2500	230167	
CCL	7.51	6.53	7.02	6.96	320	7	30	7.01	400	0.08	1.14	7.1	75	24288	7.1	410	7.11	156	7.12	130	7.1	7.1	6.92	0	200	2112039	
CMG	29.95	26.05	28	27.85	36	27.9	180	28	262	0.2	0.71	28.2	50	3704	28.2	38	28.25	100	28.3	136	28.2	28.2	27.85	152	20	1168057	
DPM	15.5	13.5	14.5	15.2	10114	15.25	5437	15.3	8411	0.8	5.52	15.3	22607	697786	15.35	7937	15.4	17336	15.45	18764	15.3	15.5	14.55	22056	11321	14337937	
HAX	12.55	10.95	11.75	11.3	710	11.35	2079	11.4	344	-0.35	-2.98	11.4	2430	17305	11.6	100	11.65	20	11.7	185	11.4	11.6	11.2	0	0	1539607	
FLC	3.09	2.69	2.89	2.86	44295	2.87	49549	2.88	5110	0	0	2.89	14309	421712	2.89	25351	2.9	38285	2.91	22181	2.89	2.92	2.87	931	28774	32875839	
TVT	21.4	18.6	20	19.8	25	20	16	20.5	65	0.6	3	20.6	6	152	20.6	114	20.8	15	21	328	20.6	20.6	20.5	0	0	1026451	
KMR	2.32	2.02	2.17	2.16	301	2.17	260	2.18	556	0.01	0.46	2.18	445	7838	2.19	450	2.2	528	2.21	540	2.18	2.2	2.15	0	0	2120047	
MSN	66.3	57.7	62	61.6	4570	61.7	3989	61.8	4617	-0.2	-0.32	61.8	7347	135462	62	30	62.1	2268	62.2	305	61.8	62.7	61.5	2218	43974	11251992	
TRC	29.85	25.95	27.9	27.8	20	27.9	30	28	74	1.1	3.94	29	1	666	29	144	29.3	50	29.35	40	29	29	28	0	0	1220720	
CSM	17	14.8	15.9	15.8	370	15.85	50	15.9	1165	0	0	15.9	140	3734	15.95	216	16	383	16.05	50	15.9	16	15.7	0	150	4861346	
SAM	9.89	8.61	9.25	9.07	302	9.08	1735	9.09	1699	-0.15	-1.62	9.1	1438	23912	9.1	3359	9.15	874	9.2	2222	9.1	9.2	9.08	1786	146	12168437	
IJC	12.8	11.2	12	12.3	1485	12.4	650	12.45	300	0.5	4.17	12.5	1795	24199	12.5	2659	12.55	4109	12.6	950	12.5	12.55	11.9	395	0	6515863	
KSB	23.3	20.3	21.8	23	3059	23.05	2138	23.1	2093	1.35	6.19	23.15	4072	142373	23.15	100	23.2	1851	23.25	3257	23.15	23.2	21.8	2426	26144	2047441	
NAF	26.75	23.25	25	24.8	1598	24.9	1250	25	599	0.2	0.8	25.2	270	5259	25.2	158	25.3	400	25.4	250	25.2	25.2	24.1	0	0	4117225	
TNI	11.05	9.63	10.35	10.1	150	10.15	500	10.2	230	-0.05	-0.48	10.3	100	19661	10.3	477	10.35	1000	10.4	1000	0	10.35	10.2	0	357	2517822	
PNJ	67.6	58.8	63.2	63.7	500	63.8	985	63.9	206	0.8	1.27	64	2440	70935	64	5997	64.1	1006	64.2	5469	64	64.3	63.5	20000	20000	0	
SCS	124.4	108.2	116.3	117.2	92	117.5	50	117.8	192	2.7	2.32	119	400	4525	119	20	119.1	25	119.8	20	119	119	116.3	1076	8	1399329	
HMC	14.55	12.65	13.6	13.6	3	13.7	201	13.8	43	0.2	1.47	13.8	25	998	14.4	2	14.55	31	0	0	13.8	14.55	13.6	0	0	1003126	
HQC	1.15	1.01	1.08	1.06	62568	1.07	127385	1.08	85394	0	0	1.08	22800	532819	1.09	3899	1.1	39354	1.11	92445	1.08	1.12	1.08	0	2365	21500903	
VOS	1.54	1.34	1.44	1.37	4672	1.38	1171	1.39	844	-0.05	-3.47	1.39	217	25612	1.41	557	1.42	1134	1.44	3700	1.39	1.44	1.37	0	0	6617382	
LDG	5.61	4.89	5.25	5.33	2491	5.34	2000	5.35	1662	0.1	1.9	5.35	8647	155546	5.36	4000	5.37	2866	5.38	6155	5.35	5.42	5.23	4267	431	11470271	
VPI	45.3	39.4	42.35	42	163	42.05	179	42.1	191	-0.15	-0.35	42.2	14	72947	42.2	1181	42.3	1000	42.35	878	0	42.65	42.15	1529	12000	7165038	
TYA	13.3	11.6	12.45	12.35	243	12.4	108	12.45	200	0.05	0.4	12.5	38	1955	12.5	129	12.55	838	12.6	93	12.5	12.5	12.4	0	0	389378	
FRT	26.75	23.25	25	26.55	490	26.6	200	26.65	500	1.75	7	26.75	9653	189842	26.75	5891	0	0	0	0	26.75	26.75	23.9	1843	8894	1020173	
SCR	4.91	4.27	4.59	4.57	15211	4.58	5467	4.59	816	0	0	4.59	10663	100210	4.6	8737	4.61	1351	4.62	3893	4.59	4.6	4.56	17	627	17419194	
PET	9.74	8.48	9.11	8.78	44	8.79	33	8.8	1151	-0.31	-3.4	8.8	9772	63391	8.86	200	8.88	150	8.92	800	8.8	9.11	8.8	101	100	2791383	
DLG	1.57	1.37	1.47	1.43	47117	1.44	54217	1.45	37954	-0.01	-0.68	1.46	42609	654723	1.46	2503	1.47	101319	1.48	32053	1.46	1.48	1.44	6064	0	13829550	
PMG	13.3	11.6	12.45	12.3	4	12.35	6	12.45	57	0.05	0.4	12.5	195	576	12.5	33	12.55	13	12.6	80	0	12.5	12.4	0	0	2018910	
PC1	17.95	15.65	16.8	16.75	7450	16.8	5274	16.85	3120	0.1	0.6	16.9	2213	39495	16.9	2504	16.95	600	17	2248	16.9	16.9	16.6	1833	0	4627814	
TNT	1.6	1.4	1.5	1.48	101	1.49	1100	1.5	154	0.01	0.67	1.51	1002	7144	1.51	604	1.52	2642	1.53	291	1.51	1.52	1.5	0	0	1237141	
CTD	72.8	63.4	68.1	67.7	516	67.8	825	67.9	31	-0.1	-0.15	68	862	20771	68	194	68.1	391	68.2	200	68	68.4	67.5	178	1794	195694	
HAG	4.44	3.86	4.15	4.14	34165	4.15	27646	4.16	13269	0.01	0.24	4.16	4132	201871	4.17	6766	4.18	4673	4.19	8016	4.16	4.19	4.1	10402	0	38023778	
SKG	10.95	9.54	10.25	10.05	2489	10.1	287	10.2	2237	-0.05	-0.49	10.2	1265	28640	10.25	355	10.3	1050	10.4	1080	10.2	10.25	10	0	0	240164	
TVB	10.8	9.4	10.1	9.98	1090	9.99	1311	10	2565	-0.1	-0.99	10	1089	43449	10.05	2139	10.1	5567	10.15	1879	10	10.1	9.98	0	792	2357265	
LHG	18.5	16.1	17.3	17.75	572	17.8	1382	17.85	4138	0.5	2.89	17.8	1803	91523	17.9	10	17.95	200	18	11199	17.8	18.45	17.25	1797	16121	2074030	
QBS	2.01	1.75	1.88	1.86	511	1.87	200	1.88	435	0.01	0.53	1.89	200	394	1.89	14	1.9	1000	1.91	100	1.89	1.95	1.89	0	0	0	
CTI	20.3	17.7	19	18.85	1407	18.9	522	18.95	1	-0.05	-0.26	18.95	1659	41106	19	4023	19.05	500	19.1	1010	18.95	19.4	18.9	0	11463	2024915	
MSH	38.5	33.5	36	36.6	200	36.65	1	36.7	1000	0.8	2.22	36.8	490	14959	36.8	292	36.9	50	37	240	36.8	36.8	35.8	559	0	2236375	
DXG	11.85	10.35	11.1	11.15	4692	11.2	4781	11.25	4184	0.2	1.8	11.3	9017	292885	11.3	12491	11.35	6888	11.4	6075	11.3	11.35	10.95	18685	29776	4822047	
FIR	32.1	27.9	30	30.05	550	30.1	207	30.2	377	0.2	0.67	30.2	873	9271	30.25	201	30.3	113	30.35	204	30.2	30.3	29.9	262	0	1007038	
HAH	11.65	10.15	10.9	10.75	2285	10.8	2110	10.85	591	0.05	0.46	10.95	30	4318	10.95	1602	11	4330	11.05	5	10.95	11	10.7	0	0	1368753	
PGC	15.3	13.3	14.3	14.1	260	14.2	1525	14.25	770	0	0	14.3	20	3404	14.3	5080	14.4	210	14.45	600	14.3	14.7	14.2	1	2674	2498761	
DPG	25.35	22.05	23.7	24.15	510	24.2	1464	24.25	415	0.55	2.32	24.25	905	28216	24.35	73	24.4	403	24.5	908	24.25	24.5	23.7	1179	431	2190072	
EIB	18.05	15.75	16.9	16.7	2284	16.8	617	16.9	490	0	0	16.9	16	38924	16.95	98	17	2676	17.05	1151	16.9	17.15	16.5	0	2018	12906	
TDM	22.3	19.4	20.85	21.8	1808	21.85	424	21.9	1710	1.1	5.28	21.95	1836	60281	21.95	276	22	7008	22.05	80	21.95	21.95	20.85	1481	0	3694412	
NKG	7.96	6.92	7.44	7.67	410	7.68	3751	7.69	1912	0.26	3.49	7.7	25807	402560	7.7	1829	7.71	2000	7.72	768	7.7	7.91	7.57	3332	109413	14094998	
CRE	16.35	14.25	15.3	15.3	2554	15.35	4323	15.4	2520	0.15	0.98	15.45	4080	54448	15.45	4366	15.5	5006	15.55	5638	15.45	15.55	15.3	603	0	1961886	
IBC	23.5	20.5	22	21.85	143	21.9	126	21.95	155	0	0	22	183	10000	22	672	22.05	500	22.1	1	22	22.1	21.9	0	0	1976514	
VJC	121.9	106.1	114	112.9	662	113	2359	113.1	473	-0.9	-0.79	113.1	1121	33126	113.2	6162	113.3	512	113.4	116	113.1	114	113.1	78	8895	6192622	
TDG	1.81	1.59	1.7	1.68	5050	1.69	12169	1.7	2457	0.01	0.59	1.71	2421	41030	1.71	2483	1.72	4252	1.73	2500	1.71	1.72	1.69	0	0	791710	
HSG	10.35	9.03	9.7	9.77	3350	9.78	6218	9.79	1822	0.09	0.93	9.79	41792	714613	9.8	720	9.82	100	9.83	130	9.79	9.88	9.6	41687	19672	14449185	
TCL	24.35	21.25	22.8	24.05	302	24.1	201	24.35	10108	1.55	6.8	24.35	3	10621	0	0	0	0	0	0	0	24.35	24.35	0	0	1059729	
BTP	15.8	13.8	14.8	14.5	944	14.55	595	14.6	100	-0.1	-0.68	14.7	10	2056	14.7	612	14.8	260	14.85	72	14.7	14.7	14.55	114	0	2402753	
ASP	5.74	5	5.37	5.23	500	5.25	104	5.27	49	-0.12	-2.23	5.25	1	2782	5.35	74	5.37	2	5.41	2	5.25	5.35	5.22	0	0	0	
DSN	50.8	44.2	47.5	47.3	95	47.35	67	47.4	72	-0.1	-0.21	47.4	50	1874	47.45	231	47.5	321	47.6	6	47.4	47.5	47.4	406	0	372097	
VHM	81.8	71.2	76.5	76.5	5128	76.6	1336	76.7	443	0.3	0.39	76.8	13309	466445	76.8	1589	76.9	426	77	16165	76.8	78.5	74.8	114745	89816	117999203	
SMB	34.2	29.8	32	31.7	100	31.8	17	31.9	10	0	0	32	20	786	32	325	32.05	100	32.4	299	32	32.5	31.7	0	0	1082527	
PAN	23.4	20.4	21.9	22.6	140	22.65	500	22.7	20	1.1	5.02	23	70	2617	23	355	23.1	108	23.2	107	23	23	21.95	356	0	1034230	
HUB	17.65	15.35	16.5	16.6	20	16.8	2	17	18	0.7	4.24	17.2	3	1844	17.2	151	17.4	100	17.5	250	17.2	17.2	16.25	0	0	747054	
VNE	4.98	4.34	4.66	4.75	29	4.76	34	4.77	136	0.11	2.36	4.77	5869	27546	4.78	510	4.79	1829	4.8	4020	4.77	4.77	4.7	1	80	3929106	
FCM	6.78	5.9	6.34	6.24	132	6.26	119	6.32	125	-0.01	-0.16	6.33	90	2483	6.33	129	6.34	90	6.35	300	6.33	6.42	6.23	0	0	1909220	
NBB	20.5	17.9	19.2	19	399	19.05	89	19.1	120	-0.15	-0.78	19.05	1	1273	19.25	89	19.3	414	19.35	430	0	19.45	19	0	0	3106156	
YBM	3.74	3.26	3.5	3.52	41	3.53	100	3.7	305	0.21	6	3.71	2	2433	3.71	19	3.72	82	3.73	1075	0	3.73	3.51	0	0	688731	
PVD	11.5	10	10.75	10.8	22753	10.85	18642	10.9	5734	0.2	1.86	10.95	8347	385405	10.95	21095	11	87834	11.05	4924	10.95	11	10.65	2662	1800	15376591	
REE	33.35	29.05	31.2	31.1	2220	31.15	541	31.2	79	0	0	31.2	1241	41519	31.25	1277	31.3	1957	31.35	906	31.2	31.3	30.95	0	127	0	
SZL	41.7	36.3	39	40.75	158	40.8	191	40.85	43	1.9	4.87	40.9	342	20227	40.9	445	40.95	825	41	1511	40.9	41	38.6	234	50	818292	
EVG	2.65	2.31	2.48	2.49	537	2.5	215	2.51	222	0.07	2.82	2.55	201	45885	2.55	1920	2.56	1490	2.57	670	2.55	2.58	2.48	0	0	2859519	
FTS	12.1	10.6	11.35	10.95	230	11	2394	11.05	2213	-0.3	-2.64	11.05	1015	7209	11.1	15	11.2	1695	11.3	4	11.05	11.35	11.05	610	0	9459027	
SSI	15.3	13.3	14.3	14.4	19360	14.45	6183	14.5	11737	0.25	1.75	14.55	19565	602283	14.55	17598	14.6	45738	14.65	19722	14.55	14.6	14.3	31676	60204	29820259	
DHC	38.6	33.6	36.1	35.85	250	35.9	966	35.95	627	-0.15	-0.42	35.95	618	15257	36	1973	36.05	300	36.1	2180	35.95	36.3	35.8	1901	0	698920	
HBC	9.43	8.21	8.82	8.86	1655	8.87	729	8.88	720	0.07	0.79	8.89	7757	227882	8.89	1702	8.9	4774	8.91	1010	8.89	8.97	8.82	2897	2799	6645486	
HDC	18.85	16.45	17.65	18.2	396	18.25	2002	18.3	10	0.75	4.25	18.4	3945	79421	18.4	1165	18.5	3682	18.6	500	18.4	18.4	17.65	4246	1294	2423863	
AMD	3.34	2.92	3.13	3.14	11695	3.15	13745	3.16	654	0.03	0.96	3.16	11486	231660	3.17	70	3.18	8549	3.19	6948	3.16	3.21	3.13	16619	800	7699514	
DGW	28.75	25.05	26.9	26.95	1569	27	799	27.1	304	0.2	0.74	27.1	1600	42323	27.15	15	27.25	375	27.3	283	27.1	27.6	26.75	1535	3400	1045398	
VDS	6.3	5.48	5.89	5.8	50	5.83	284	5.84	6	0.29	4.92	6.18	1	1504	6.18	129	6.19	133	0	0	0	6.19	5.72	0	0	4865369	
TNA	19.75	17.25	18.5	18.5	2887	18.6	2870	18.7	20	0.3	1.62	18.8	3652	36271	18.8	138	18.85	801	18.9	1044	18.8	18.9	17.9	57	470	1478058	
SRC	17.5	15.3	16.4	15.9	35	16.2	10	16.25	200	-0.1	-0.61	16.3	535	3598	16.3	40	16.35	100	16.4	464	16.3	16.3	15.9	0	0	1372379	
SAB	186.1	161.9	174	174.7	966	174.9	290	175	90	1	0.57	175	346	5922	175.5	10	176	24	176.1	775	175	176.1	173	1752	370	23514545	
VRE	27.6	24	25.8	26.05	1260	26.1	3357	26.15	3602	0.4	1.55	26.2	19947	377499	26.2	508	26.25	3195	26.3	291	26.2	26.65	25.3	79215	59217	42272502	
ADS	10.85	9.44	10.15	9.71	5	9.8	152	9.81	11	-0.15	-1.48	10	5	246	10	22	10.15	55	10.2	100	0	10.1	9.8	0	0	1248247	
GMD	20.65	17.95	19.3	19.2	2802	19.25	2448	19.3	1497	0.1	0.52	19.4	4075	24093	19.4	311	19.45	2421	19.5	4802	19.4	19.45	19.15	215	0	0	
SJD	18.15	15.85	17	16.85	100	16.9	810	17	1155	0.1	0.59	17.1	25	2454	17.1	184	17.2	559	17.25	2520	17.1	17.2	17	0	300	1565037	
DHA	34.1	29.7	31.9	31.2	14	31.3	10	31.4	68	-0.15	-0.47	31.75	20	1582	31.75	280	31.8	460	31.9	121	31.75	31.9	31	0	0	600651	
CMX	17.8	15.5	16.65	16.5	102	16.55	54	16.6	99	-0.15	-0.9	16.5	1000	50402	16.65	956	16.7	1628	16.75	440	16.5	16.8	16.5	0	0	1160211	
BCG	6.07	5.29	5.68	5.85	811	5.91	600	5.92	500	0.28	4.93	5.96	2565	50107	5.96	188	5.97	1247	5.98	2141	5.96	5.98	5.65	2892	72	1662083	
ACL	27.25	23.75	25.5	24.55	11	24.8	850	24.9	328	-0.5	-1.96	25	518	8581	25	132	25.1	500	25.3	476	25	25.5	24.5	600	0	846626	
KDC	31	27	29	29.05	350	29.1	2557	29.2	1129	0.2	0.69	29.2	2351	54181	29.25	573	29.3	547	29.35	202	29.2	29.5	27	1195	942	20955649	
PDR	26.55	23.15	24.85	24.45	300	24.5	871	24.55	50	-0.3	-1.21	24.55	1041	67817	24.7	57	24.75	50	24.8	400	24.55	25	24.55	2339	9106	15037853	
CVT	19.15	16.65	17.9	17.7	1926	17.75	710	17.8	4236	-0.1	-0.56	17.8	1650	8587	17.85	70	17.9	908	17.95	1060	17.8	17.9	17.7	95	0	3269977	
VRC	6.83	5.95	6.39	6.2	940	6.24	320	6.25	274	-0.14	-2.19	6.25	4581	20710	6.28	157	6.32	160	6.33	966	6.25	6.46	6.25	0	0	2388905	
KBC	13.7	12	12.85	13.6	7120	13.65	1259	13.7	44452	0.85	6.61	13.7	2411	654585	0	0	0	0	0	0	13.7	13.7	12.85	25063	1701	12807798	
CSV	23.25	20.25	21.75	21.65	1161	21.7	2040	21.75	1421	0	0	21.75	2100	20972	21.95	921	22	562	22.15	668	21.75	22.2	21.6	2140	305	1816877	
SGN	77	67	72	71.6	150	71.7	272	71.9	112	0	0	72	35	956	72	121	72.4	500	72.5	136	72	72.5	71.9	320	60	930548	
SHI	9.5	8.26	8.88	8.61	90	8.65	150	8.7	2	0	0	8.88	311	37879	8.88	1128	8.9	2691	8.99	310	8.88	8.88	8.54	885	16	4199826	
C47	12.55	10.95	11.75	11.95	12	12	536	12.45	90	0.75	6.38	12.5	57	2951	12.5	756	12.55	471	0	0	12.5	12.55	11.9	0	6	829793	
PAC	22.7	19.8	21.25	21.55	424	21.6	169	21.65	86	0.4	1.88	21.65	600	7156	21.9	4	22	279	22.1	9	21.65	22.4	21.5	104	505	1311542	
ASM	5.72	4.98	5.35	5.41	2752	5.42	2935	5.43	30	0.09	1.68	5.44	7862	252842	5.44	78	5.45	872	5.46	210	5.44	5.44	5.35	12819	0	12332880	
JVC	2.84	2.48	2.66	2.65	2018	2.66	3901	2.67	155	0.02	0.75	2.68	1300	37291	2.68	2446	2.69	1928	2.7	10041	2.68	2.71	2.66	0	6673	319272	
LIX	63.1	54.9	59.5	55.5	249	55.6	903	55.7	19	-3.8	-6.39	55.7	557	21772	56	9	56.5	207	56.6	3	55.7	59.5	55.7	4188	274	1247605	
EVE	10.4	9.04	9.72	9.73	200	9.8	10	9.89	6	0.27	2.78	9.99	100	1572	9.99	560	10	158	10.05	10	0	10	9.72	2	0	1480675	
IDI	4.48	3.9	4.19	4.25	2570	4.26	540	4.27	2677	0.08	1.91	4.27	5768	91641	4.28	7581	4.29	1490	4.3	4540	4.27	4.28	4.17	13728	0	10968312	
BCE	8.17	7.11	7.64	7.75	400	7.76	161	7.77	63	0.13	1.7	7.77	147	8421	7.79	79	7.8	558	7.89	10	7.77	7.77	7.59	0	0	1360116	
VGC	18.85	16.45	17.65	18.2	669	18.25	991	18.3	5313	0.65	3.68	18.3	170	58437	18.35	413	18.4	3687	18.45	3100	18.3	18.4	17.65	1255	0	17537320	
HAR	3.12	2.72	2.92	2.96	1185	2.97	1450	2.98	480	0.08	2.74	3	2643	71920	3	407	3.03	1580	3.04	212	3	3.09	2.93	0	6530	4944902	
TCM	17.4	15.2	16.3	17.25	178	17.3	316	17.35	2840	1.1	6.75	17.4	13046	169860	17.4	835	0	0	0	0	17.4	17.4	16.15	2323	10	24595	
DPR	40.65	35.35	38	37.5	99	37.7	285	38	291	0	0	38	35	437	38.55	20	38.6	250	38.7	20	38	38.4	37.2	185	5	1497800	
NLG	24.6	21.4	23	22.95	6069	23	5876	23.05	576	0.05	0.22	23.05	7039	41085	23.1	772	23.15	198	23.2	1519	23.05	23.4	23	842	64	414602	
BID	42.05	36.55	39.3	39.55	1567	39.6	1682	39.65	293	0.35	0.89	39.65	3815	88830	39.7	1375	39.75	1368	39.8	4066	39.65	39.8	39	368	16592	49476751	
TS4	3.21	2.79	3	2.87	63	2.9	1192	2.91	825	-0.09	-3	2.91	195	999	2.95	99	3	1262	3.02	346	2.91	3.02	2.91	0	0	762159	
PTB	49.5	43.1	46.3	46.8	352	46.85	46	46.9	316	0.6	1.3	46.9	612	22601	46.95	101	47	2460	47.1	2929	46.9	47.3	45.9	290	1267	1472034	
HPX	28.65	24.95	26.8	26.75	105	26.8	258	26.85	14	0.05	0.19	26.85	286	33181	27	70	27.05	64	27.1	70	26.85	27	26.8	420	0	8087007	
DRH	7.19	6.25	6.72	6.83	847	6.87	3689	6.88	4326	0.17	2.53	6.89	7320	200515	6.89	90	6.9	2110	6.91	3149	6.89	6.91	6.66	1413	2858	2868197	
CRC	12.1	10.6	11.35	11.3	18	11.35	30	11.4	7	0.05	0.44	11.4	83	4656	11.45	170	11.5	275	11.6	342	0	11.6	11.35	0	0	734797	
FMC	28.2	24.6	26.4	26.55	1311	26.6	300	26.65	1	0.4	1.52	26.8	894	6883	26.8	516	26.9	20	27	66	26.8	26.8	26.3	478	215	1983410	
ELC	5.61	4.89	5.25	5.15	550	5.2	520	5.22	182	0.04	0.76	5.29	1	6902	5.29	21	5.3	350	5.4	574	5.29	5.29	5.22	0	0	1462214	
PLP	9.02	7.84	8.43	8.25	131	8.26	10	8.3	75	-0.08	-0.95	8.35	2	5017	8.35	168	8.4	5	8.43	250	8.35	8.35	8.15	0	25	977806	
TV2	72.9	63.5	68.2	71.8	150	71.9	30	72	2191	3.8	5.57	72	1120	10946	72.5	220	72.6	20	72.8	84	72	72.9	68.3	210	0	15494	
APC	18.85	16.45	17.65	17.55	250	17.6	74	17.65	228	0.05	0.28	17.7	10	1152	17.7	100	17.85	50	17.9	519	0	18	17.6	0	142	652866	
TGG	0.92	0.8	0.86	0.83	14699	0.84	2232	0.85	6127	0	0	0.86	1050	24658	0.86	610	0.87	1921	0.88	2859	0.86	0.86	0.83	2025	0	1251484	
CTF	22.45	19.55	21	20.45	9	20.5	19	20.6	20	0.25	1.19	21.25	39	16653	21.25	28	21.35	35	21.4	525	21.25	21.4	20.8	0	294	2230440	
SFG	5.72	4.98	5.35	5.4	5	5.5	1674	5.51	300	0.25	4.67	5.6	2	5409	5.6	150	5.61	332	5.64	448	5.6	5.64	5.36	0	0	2256084	
CTS	6.7	5.84	6.27	6.19	446	6.2	1336	6.21	475	-0.01	-0.16	6.26	850	12931	6.26	182	6.27	1370	6.28	2200	6.26	6.27	6.18	1500	2900	4052022	
TPB	22.45	19.55	21	20.7	141	20.75	1	20.8	563	0	0	21	806	7795	21	8677	21.05	1926	21.1	359	21	21.3	20.8	0	0	0	
RAL	89.8	78.2	84	81.5	99	81.7	45	82.5	2	-0.7	-0.83	83.3	35	1670	83.3	16	83.5	10	83.6	40	83.3	83.3	80.7	452	80	546682	
CTG	24.35	21.25	22.8	22.9	13454	22.95	10332	23	5829	0.25	1.1	23.05	16933	673127	23.05	4669	23.1	14443	23.15	11231	23.05	23.35	22.7	27700	22715	1367334	
BFC	13.4	11.7	12.55	13.25	128	13.3	791	13.35	195	0.85	6.77	13.4	12335	144799	13.4	7128	0	0	0	0	13.4	13.4	12.4	4665	0	2593138	
DCM	9.18	7.98	8.58	8.84	10000	8.85	10500	8.88	300	0.31	3.61	8.89	9734	239263	8.89	343	8.9	5286	8.92	100	8.89	9.04	8.5	902	832	24931688	
HVH	8.46	7.36	7.91	7.91	5	7.92	234	7.93	7	0.03	0.38	7.94	47	18054	7.94	23	7.95	1825	7.96	242	7.94	7.96	7.85	212	127	961729	
D2D	61	53.2	58.6	59.8	360	59.9	150	60	595	1.4	2.39	60	2951	46836	60.1	1540	60.2	732	60.3	210	60	60.1	56.9	3680	36	897962	
TCH	24.3	21.2	22.75	23.15	3520	23.2	4163	23.25	3936	0.55	2.42	23.3	15812	298307	23.3	1791	23.35	2	23.4	235	23.3	24.1	22.9	5268	3688	16188048	
VPG	20.85	18.15	19.5	0	0	18.2	98	19.3	2	-0.1	-0.51	19.4	416	1513	19.4	1037	19.5	141	19.8	10	19.4	19.5	18.2	0	60	1294324	
VNG	14.85	12.95	13.9	13.65	630	13.7	157	13.75	173	-0.1	-0.72	13.8	200	17705	13.8	1190	13.85	844	13.9	2152	13.8	13.95	13.7	0	220	4753532	
CNG	22.2	19.3	20.75	20.65	25	20.7	6	20.75	112	0.05	0.24	20.8	5	386	21	79	21.5	50	22	130	20.8	21	20.65	0	0	756195	
HHS	4.4	3.84	4.12	4.13	2500	4.14	7186	4.15	3503	0.03	0.73	4.15	12672	298439	4.17	3652	4.18	3635	4.19	2570	4.15	4.3	4.14	100	10143	12590477	
HAP	3.35	2.93	3.14	3.1	600	3.11	763	3.12	300	-0.01	-0.32	3.13	350	3155	3.13	150	3.14	1562	3.15	1020	3.13	3.14	3.08	0	300	2326944	
VCI	24.8	21.6	23.2	23.3	532	23.35	10	23.4	121	0.2	0.86	23.4	3146	74426	23.45	1000	23.5	1020	23.55	50	23.4	23.7	22.9	1531	32054	11503735	
SJS	20.35	17.75	19.05	18.95	404	19	248	19.15	100	0.2	1.05	19.25	746	4865	19.25	62	19.3	854	19.4	320	19.25	19.25	18.9	879	500	5375082	
HT1	14.55	12.65	13.6	13.6	1191	13.65	1	13.7	401	0.15	1.1	13.75	552	17741	13.75	756	13.8	326	13.85	579	13.75	13.85	13.5	108	1	16247244	
SCD	23	20	21.5	21	173	21.2	110	21.3	56	0	0	21.5	2	281	21.5	42	21.7	218	21.8	320	0	21.5	21.1	19	8	345426	
DIG	13.05	11.35	12.2	12	7763	12.05	5132	12.1	2098	-0.1	-0.82	12.1	3230	120405	12.15	300	12.2	3596	12.25	820	12.1	12.4	11.9	100	4258	4596064	
LSS	5	4.36	4.68	4.69	30	4.7	550	4.71	650	0.07	1.5	4.75	300	3390	4.75	120	4.78	50	4.79	806	4.75	4.8	4.75	0	0	3317491	
C32	26.95	23.45	25.2	24.85	1	24.9	13	24.95	7	-0.25	-0.99	24.95	135	1881	25.2	677	25.3	289	25.4	100	24.95	25.2	24.8	1	0	339735	
DAG	5.67	4.93	5.3	5.24	274	5.25	375	5.26	185	-0.04	-0.75	5.26	350	19685	5.28	5	5.29	300	5.3	1644	5.26	5.35	5.2	0	0	2102391	
FCN	9.75	8.49	9.12	9.17	48	9.18	1199	9.19	10	0.08	0.88	9.2	5433	87014	9.2	5376	9.21	1232	9.22	1714	9.2	9.29	9.08	1672	0	2933328	
DVP	36.35	31.65	34	34.1	651	34.15	30	34.2	335	0.25	0.74	34.25	52	1753	34.25	197	34.3	25	34.4	40	34.25	34.25	33.8	0	37	1407378	
PVT	11.2	9.77	10.5	10.5	13179	10.55	9797	10.6	3784	0.1	0.95	10.6	2826	88594	10.65	8045	10.7	2958	10.75	1607	10.6	10.7	10.5	240	21091	6716846	
HDB	25.55	22.25	23.9	24	2428	24.05	110	24.1	4229	0.2	0.84	24.1	11844	94260	24.3	1587	24.35	2196	24.4	1800	24.1	24.4	23.8	20005	24301	8684324	
NNC	50.2	43.75	47	45.15	5	45.2	7	45.25	149	-1.75	-3.72	45.25	80	460	47.1	31	47.4	170	47.45	220	45.25	47	45.25	0	0	685647	
ILB	17.4	15.2	16.3	16.3	130	16.5	67	16.75	3	0.5	3.07	16.8	1	1758	16.8	449	16.9	100	17	881	0	16.8	16.3	0	0	0	
TDC	8.46	7.36	7.91	7.97	50	8	6	8.01	10	0.14	1.77	8.05	54	20507	8.05	636	8.06	210	8.07	521	8.05	8.09	7.88	0	0	4668720	
PHC	10.25	8.93	9.6	9.57	3	9.6	235	9.61	1	0.01	0.1	9.61	295	3188	9.69	120	9.7	160	9.75	100	9.61	9.7	9.54	0	0	1258456	
PPC	25.7	22.4	24.05	24.35	500	24.4	136	24.45	11	0.45	1.87	24.5	3233	15503	24.5	185	24.55	500	24.6	711	24.5	24.5	24	3163	3156	10604023	
TIP	19.5	17	18.25	19.4	230	19.45	598	19.5	3782	1.25	6.85	19.5	27	70841	0	0	0	0	0	0	19.5	19.5	18.4	0	20066	988154	
LCG	6.74	5.86	6.3	6.57	600	6.58	300	6.59	344	0.3	4.76	6.6	4120	57009	6.6	1624	6.64	1323	6.65	462	6.6	6.7	6.3	1276	0	1882359	
STK	18.4	16	17.2	17.2	632	17.25	1	17.35	567	0.2	1.16	17.4	639	7494	17.4	195	17.45	61	17.5	1412	17.4	17.4	17	1143	0	3168244	
AST	56.7	49.3	53	53.2	793	53.3	642	53.4	130	0.8	1.51	53.8	112	8843	53.8	132	53.9	121	54	203	53.8	54.1	53	221	5132	256010	
MWG	90.9	79.1	85	85.8	382	85.9	162	86	3805	1.1	1.29	86.1	4239	113552	86.1	162	86.2	400	86.3	373	86.1	87	84.2	20000	20000	0	
ITA	2.8	2.44	2.62	2.78	8054	2.79	6282	2.8	256389	0.18	6.87	2.8	892	1409686	0	0	0	0	0	0	2.8	2.8	2.64	25548	19010	39425927	
YEG	63.1	54.9	59	59.3	10	59.4	1	59.9	10	0.9	1.53	59.9	140	3784	60	104	60.3	83	60.4	50	59.9	62	58.5	72	82	2167752	
NTL	18.65	16.25	17.45	17.4	1026	17.45	1274	17.5	197	0.05	0.29	17.5	1299	10847	17.6	762	17.65	300	17.7	405	17.5	17.6	17.2	679	0	2836428	
FTM	1.58	1.38	1.48	1.43	683	1.44	100	1.46	26	-0.02	-1.35	1.46	180	14783	1.47	963	1.48	53	1.5	1034	1.46	1.48	1.39	0	0	2435626	
AAA	13.2	11.5	12.35	12.35	4135	12.4	5137	12.45	5118	0.15	1.21	12.5	6886	203771	12.5	1811	12.55	10642	12.6	23428	12.5	12.65	12.25	7809	600	6219528	
DCL	21.95	19.15	20.55	20.2	925	20.25	141	20.3	218	-0.25	-1.22	20.3	148	3647	20.5	59	20.55	978	20.6	506	20.3	20.65	20.25	0	8	1680866	
DQC	18.8	16.4	17.6	17.3	128	17.4	502	17.45	180	-0.15	-0.85	17.45	660	6287	17.6	50	18	10	18.05	114	17.45	18.05	17.3	31	0	1591837	
DIC	1.86	1.62	1.74	1.73	8510	1.74	2095	1.75	652	0.03	1.72	1.77	565	30930	1.77	1206	1.78	5441	1.79	1370	1.77	1.78	1.74	0	0	1287512	
HAI	3.22	2.8	3.01	3.03	6145	3.04	10217	3.05	7409	0.04	1.33	3.05	20918	349869	3.07	328	3.08	10194	3.09	5257	3.05	3.14	3.01	24659	0	8615996	
VIC	103.1	89.7	96.4	96.5	388	96.6	28	96.7	2	0.7	0.73	97.1	3922	21640	97.1	40	97.2	231	97.3	87	97.1	97.1	96	405283	403483	76761141	
LMH	0.99	0.87	0.93	0	0	0	0	0	0	-0.06	-6.45	0.87	6	19418	0.87	259451	0.88	40	0.9	11315	0.87	0.87	0.87	0	0	2562923	
AGR	3.54	3.08	3.31	3.27	10	3.28	21	3.29	4041	-0.01	-0.3	3.3	554	14074	3.3	2875	3.32	10	3.33	317	3.3	3.35	3.3	0	0	9960332	
HDG	27.8	24.2	26	27.6	1620	27.7	82	27.8	46498	1.8	6.92	27.8	13626	95723	0	0	0	0	0	0	27.8	27.8	25.75	1403	146	3912780	
KDH	22.75	19.85	21.3	21.55	776	21.6	310	21.65	120	0.4	1.88	21.7	2985	38494	21.7	855	21.75	1283	21.8	1822	21.7	21.75	21.3	2304	5500	2792841	
TEG	5.43	4.73	5.08	4.85	160	4.86	90	5	1	0.12	2.36	5.2	1600	25160	5.2	252	5.39	547	5.4	2043	5.2	5.43	4.8	0	50	1572524	
HII	14.85	12.95	13.9	14.75	224	14.8	42	14.85	116	0.95	6.83	14.85	10	24148	0	0	0	0	0	0	14.85	14.85	13.95	1357	0	1354525	
HSL	5.92	5.16	5.54	5.4	2424	5.41	808	5.42	120	-0.12	-2.17	5.42	2	8634	5.46	80	5.48	100	5.5	37	5.42	5.55	5.4	0	0	1361151	
TLD	6.47	5.63	6.05	5.86	10	5.9	220	6.01	46	0	0	6.05	3	10981	6.05	500	6.1	1912	6.2	2271	6.05	6.07	6	0	0	891197	
CEE	16.25	14.15	15.2	14.25	1	14.3	500	14.4	8	-0.8	-5.26	14.4	2	364	16	189	16.1	100	16.15	6	14.4	16.2	14.2	0	0	2021552	
BWE	23.25	20.25	21.75	22.55	71	22.6	848	22.65	501	1	4.6	22.75	1892	27882	22.75	746	22.8	1469	22.9	1212	22.75	22.75	21.8	331	0	5952386	
PHR	48.65	42.35	45.5	48.5	2161	48.6	854	48.65	41278	3.15	6.92	48.65	594	314260	0	0	0	0	0	0	48.65	48.65	45.5	46268	350	5383275	
SJF	1.95	1.71	1.83	1.89	4513	1.9	2042	1.91	171	0.08	4.37	1.91	1201	78430	1.92	1067	1.93	2235	1.94	4142	1.91	1.93	1.77	0	1000	3856613	
LGL	5.17	4.51	4.84	4.72	6	4.73	10	4.78	60	-0.05	-1.03	4.79	215	2167	4.79	376	4.8	99	4.82	238	4.79	4.84	4.79	0	0	2261195	
SRF	14.4	12.6	13.5	13.4	130	13.45	130	13.5	10	0.1	0.74	13.6	7	571	13.6	62	13.7	45	13.9	20	13.6	13.7	13.3	0	112	70934	
APG	9.48	8.24	8.86	8.8	348	8.81	35	8.86	38	0.04	0.45	8.9	1	101271	8.9	248	8.95	325	9	904	8.9	8.9	8.7	2655	911	3160711	
GMC	19.7	17.2	18.45	18.7	39	19	238	19.05	12	0.65	3.52	19.1	450	4029	19.1	1	19.3	132	19.35	3	19.1	19.3	18	0	0	1034769	
ITD	9.06	7.88	8.47	8.04	1	8.05	1	8.06	4	-0.02	-0.24	8.45	4	1287	8.45	39	8.49	500	8.5	514	8.45	8.6	8	0	0	682420	
VCB	86.6	75.4	81	80.9	1410	81	4097	81.1	2138	0.1	0.12	81.1	3807	70871	81.2	2197	81.3	3492	81.4	2318	81.1	81.3	80.8	36077	18496	23373434	
GAS	79	68.8	73.9	73.5	5059	73.6	7447	73.7	1032	-0.2	-0.27	73.7	2538	55499	73.8	1210	73.9	1286	74	3074	73.7	74.1	73.4	8013	22099	87481610	
THG	52.3	45.5	48.9	48	273	48.1	70	48.2	59	-0.7	-1.43	48.2	150	225	49	74	49.5	1	49.6	1	48.2	49	48.2	0	0	640252	
KPF	19.65	17.15	18.4	0	0	0	0	0	0	-1.25	-6.79	17.15	1	501	17.15	804	0	0	0	0	0	17.15	17.15	0	0	882579	
DRC	20.2	17.6	18.9	19.2	1441	19.25	53	19.35	100	0.5	2.65	19.4	10738	70689	19.4	126	19.45	3812	19.5	7015	19.4	19.4	18.8	708	7800	3354879	
HTI	12.8	11.2	12	11.7	1000	11.8	200	12	2	0.1	0.83	12.1	139	265	12.15	26	12.25	35	12.3	164	0	12.1	12	0	0	791573	
ROS	3.73	3.25	3.49	3.42	5584	3.43	6443	3.44	6277	-0.05	-1.43	3.44	34754	646427	3.45	3200	3.46	4183	3.47	8240	3.44	3.52	3.4	16377	982	26360359	
PLX	49.6	43.2	46.4	46.25	1224	46.3	2471	46.35	1392	-0.05	-0.11	46.35	2708	62522	46.4	278	46.45	713	46.5	3119	46.35	46.8	45.5	917	2617	8641952	
VHC	36.15	31.45	33.8	34.75	105	34.8	200	34.85	456	1.2	3.55	35	3661	101447	35	2826	35.1	673	35.15	441	35	35.5	33.8	1929	1325	12395474	
GDT	29.3	25.5	27.4	28.3	190	28.7	550	28.75	168	1.65	6.02	29.05	39	2595	29.05	3	29.1	180	29.15	10	29.05	29.05	27.6	2	10	486388	
FPT	51.8	45.1	48.45	48.3	70	48.35	20	48.4	55	0	0	48.45	10291	203300	48.45	180	48.5	5575	48.55	2296	48.45	48.6	47.8	8000	8152	0	
VSC	29.35	25.55	27.45	27.6	203	27.8	353	27.85	344	0.4	1.46	27.85	125	8780	28	238	28.05	260	28.1	287	27.85	28.1	27	94	783	781948	
NT2	21.9	19.1	20.5	20.85	750	20.9	2006	20.95	3490	0.5	2.44	21	2972	56401	21	4462	21.05	3060	21.1	5896	21	21.1	20.4	1090	329	8997387	
SBT	15.9	13.9	14.9	14.7	3639	14.75	2319	14.8	7996	-0.1	-0.67	14.8	5304	214713	14.85	500	14.9	7698	14.95	5896	14.8	14.9	14.8	1850	3503	55286518	
BMC	13.35	11.65	12.5	12.3	190	12.4	50	12.45	48	-0.05	-0.4	12.45	222	1079	12.5	257	12.6	70	12.8	20	12.45	12.5	12.2	92	22	325500	
BMP	50	43.5	46.75	46.5	1372	46.7	13	46.8	58	0.25	0.53	47	335	26633	47	1605	47.1	206	47.2	183	47	47	46.25	13951	1211	1631191	
TTB	4.17	3.63	3.9	4.15	19485	4.16	1180	4.17	55254	0.27	6.92	4.17	101	193684	0	0	0	0	0	0	4.17	4.17	4	100	12050	2260201	
VNM	122.4	106.4	114.4	117.1	82	117.3	259	117.4	34	3.2	2.8	117.6	16742	158186	117.6	475	117.7	306	117.8	239	117.6	117.6	114.1	100623	25482	71868195	
CII	21.05	18.35	19.7	19.65	1310	19.7	9654	19.75	4766	0.1	0.51	19.8	2441	120564	19.8	819	19.9	1951	19.95	1740	19.8	20	19.7	5105	65000	7065500	
FIT	6.25	5.45	5.85	5.91	74	5.96	1	5.97	5152	0.13	2.22	5.98	3702	33580	5.98	468	5.99	260	6	2680	5.98	5.98	5.85	1442	4010	12140360	
AAM	12.3	10.7	11.5	0	0	11.05	203	11.2	44	0	0	11.5	10	205	11.5	20	11.6	2	11.65	42	0	11.65	11.5	0	0	592374	
STB	10.9	9.49	10.2	10.15	47010	10.2	82159	10.25	34736	0.05	0.49	10.25	28546	944839	10.3	44677	10.35	55635	10.4	70257	10.25	10.4	10.1	15902	27720	27449661	
GIL	19.9	17.3	18.6	18.6	1938	18.7	439	18.75	380	0.2	1.08	18.8	2922	27525	18.8	271	18.9	637	19	1956	18.8	18.8	18.45	0	0	1056851	
TCB	22.5	19.6	21.05	20.9	12224	20.95	8322	21	18782	0	0	21.05	15227	196297	21.05	15589	21.1	6240	21.15	934	21.05	21.3	20.95	57796	57796	0	
HPG	29.15	25.35	27.25	27.2	32106	27.25	27463	27.3	1130	0.05	0.18	27.3	25511	1116888	27.35	2427	27.4	5629	27.45	300	27.3	27.8	27.15	23769	385230	33874676	
MBB	18.45	16.05	17.25	17.2	46870	17.25	25993	17.3	14051	0.05	0.29	17.3	10446	424460	17.35	2763	17.4	20830	17.45	34839	17.3	17.45	17.2	30000	30000	0	
HCD	3.22	2.8	3.01	3.2	5000	3.21	16082	3.22	2487	0.21	6.98	3.22	1	205342	0	0	0	0	0	0	3.22	3.22	2.98	0	0	1320269	
SAV	9.94	8.64	9.29	8.65	40	8.67	34	8.7	69	0	0	9.29	1	43	9.29	89	9.3	403	9.4	300	9.29	9.3	8.7	0	0	0	
VPB	25.8	22.5	24.15	23.9	18740	23.95	8364	24	2332	-0.15	-0.62	24	12638	517403	24.05	9098	24.1	4231	24.15	11212	24	24.25	23.6	1172	8705	0	
DAH	13.05	11.35	12.2	11.85	564	11.9	419	11.95	25	-0.2	-1.64	12	8	40806	12	29	12.05	419	12.1	521	12	12.4	11.95	2283	0	1645329	
VIP	5.29	4.61	4.95	4.92	51	4.93	111	4.94	10	0	0	4.95	300	3885	4.95	140	5	260	5.01	558	4.95	4.95	4.93	1000	0	2942787	
POW	10.8	9.4	10.1	10.1	36414	10.15	10270	10.2	24222	0.1	0.99	10.2	15267	612907	10.25	9804	10.3	54002	10.35	34485	10.2	10.4	10	25687	4502	88197830	
SZC	20.15	17.55	18.85	20.05	1559	20.1	2624	20.15	37216	1.3	6.9	20.15	781	434642	0	0	0	0	0	0	20.15	20.15	18.8	4748	530	4872056	
HTN	18.7	16.3	17.5	17.65	110	17.7	110	17.8	191	0.3	1.71	17.8	110	15021	18.05	1	18.1	673	18.15	51	17.8	18.1	17.4	0	0	1428262	
NVL	57	49.6	53.3	52.8	2235	52.9	1864	53	3599	0	0	53.3	5275	103564	53.3	1584	53.4	1016	53.5	1780	53.3	53.9	52.2	1100	11837	31416768	
NCT	65.4	57	61.2	61	30	61.1	16	61.2	151	0	0	61.2	55	909	61.5	3	61.7	20	62	350	61.2	61.5	61.2	0	0	1001465	
TSC	2.48	2.16	2.32	2.28	2678	2.29	1257	2.3	2466	0	0	2.32	810	43052	2.32	1793	2.33	1822	2.34	1495	2.32	2.34	2.26	0	0	7176660	
BVH	52.5	45.75	49.15	49.35	352	49.4	2540	49.45	80	0.35	0.71	49.5	3864	61823	49.5	1792	49.55	310	49.6	2121	49.5	49.75	49	1757	9352	15268512	
GEX	18.25	15.95	17.1	17.7	15320	17.75	19890	17.8	15771	0.75	4.39	17.85	27989	427941	17.85	9487	17.9	13100	17.95	17034	17.85	17.95	17.25	13690	966	16538599	
VPH	4.33	3.77	4.05	4.02	70	4.03	48	4.04	3	-0.02	-0.49	4.03	97	5426	4.13	20	4.14	20	4.15	5478	4.03	4.14	4.03	0	200	3417541	
DBD	54.5	47.45	51	50.2	402	50.3	40	50.4	1	0	0	51	1	686	51	337	51.2	300	51.4	310	51	51	50.2	53	0	5235728	
ANV	19.35	16.85	18.1	18.55	560	18.65	250	18.8	1	0.7	3.87	18.8	3099	31132	18.85	1	18.9	133	18.95	8	18.8	18.8	18	2524	0	6094283	
