HNXLCAP
171.92
0.09	0.05
40858500	385.66	
CEO	8.1	6.7	7.4	7.3	29700	7.4	14580	7.5	12820	0.2	2.7	7.6	450	213130	7.6	14680	7.7	36290	7.8	28430	7.6	7.4	7.51	0	0	8578232	0	0	
BCC	8.6	7.2	7.9	7.4	3260	7.5	1100	7.6	1460	-0.2	-2.53	7.7	20	17560	7.7	810	7.8	3050	7.9	2160	7.8	7.5	7.61	0	0	4905886	0	0	
TAR	26.6	21.8	24.2	23.3	1940	23.4	2080	23.5	320	-0.7	-2.89	23.5	20	29160	23.6	140	23.7	410	23.8	50	24.5	22	23.32	0	0	1714180	0	0	
VCG	27.6	22.6	25.1	24.8	1510	24.9	440	25	500	0	0	25.1	30	3590	25.1	2310	25.2	280	25.3	340	25.1	24.9	25.01	0	0	21442549	0	0	
HHC	111.1	90.9	101	0	0	0	0	0	0	0	0	0	0	0	102	10	105	30	0	0	0	0	101	0	0	799044	0	0	
PVI	33.8	27.8	30.8	30.3	390	30.4	200	30.5	50	0	0	30.8	10	330	30.8	1060	30.9	400	31	1020	30.8	30.3	30.38	0	210	10693297	0	0	
ART	2.9	2.5	2.7	2.5	92060	2.6	93310	2.7	24700	0	0	2.7	200	99300	2.8	120610	2.9	146230	0	0	2.8	2.6	2.69	50	0	4206948	0	0	
AMV	18.4	15.2	16.8	16.4	4690	16.5	9000	16.6	5830	-0.1	-0.6	16.7	50	45850	16.7	2010	16.8	2030	16.9	1640	16.8	16.6	16.68	170	0	1767478	0	0	
TNG	15.1	12.5	13.8	13.4	9040	13.5	27150	13.6	6290	-0.2	-1.45	13.6	10	105650	13.7	1680	13.8	9910	13.9	6300	13.8	13.5	13.67	0	1000	2770013	0	0	
OCH	8.5	7.1	7.8	0	0	7.1	200	7.2	30	0	0	0	0	0	7.8	30	8.5	1570	0	0	0	0	7.8	0	0	9799570	0	0	
IVS	7.8	6.4	7.1	6.7	120	7	50	7.1	50	0.3	4.23	7.4	50	1500	7.4	160	7.5	100	7.6	340	7.4	7.1	7.11	600	600	1641683	0	0	
DL1	13.6	11.2	12.4	0	0	0	0	0	0	0.6	4.84	13	10	40	13	30	13.6	10	0	0	13	12.4	12.85	0	0	4853751	0	0	
DHT	49.1	40.3	44.7	44.7	40	44.8	70	45	10	0.3	0.67	45	40	1150	45.3	280	45.4	90	45.5	10	45.9	40.5	45.13	0	100	969255	0	0	
VIX	5.3	4.5	4.9	4.8	3500	4.9	3010	5	10	0.2	4.08	5.1	10	1470	5.1	1790	5.2	930	5.3	730	5.1	5	5	0	0	5565390	0	0	
VHL	29.9	24.5	27.2	26.1	10	26.6	30	26.8	10	0.3	1.1	27.5	30	400	27.9	20	28	100	28.5	100	28	27.5	27.62	0	0	1174192	0	0	
CAG	94.4	77.4	85.9	0	0	0	0	0	0	0	0	0	0	0	0	10	77.4	50	85.9	30	0	0	85.9	0	0	676200	0	0	
NVB	8.9	7.3	8.1	7.9	13570	8	1340	8.1	8020	0.1	1.23	8.2	1000	328100	8.2	2910	8.3	7960	8.4	1600	8.3	7.9	8.14	0	0	10469333	0	0	
L14	71.9	58.9	65.4	64.2	100	64.3	270	64.5	200	-0.8	-1.22	64.6	10	5490	65	180	65.6	200	65.7	100	66	64	64.53	0	0	904963	0	0	
NTP	39	32	35.5	35.1	520	35.2	220	35.5	20	0	0	35.5	10	2730	35.6	210	35.8	460	35.9	1050	35.6	35.5	35.54	0	0	2961479	0	0	
HGM	39.3	32.3	35.8	0	0	32.6	10	32.8	10	-2.9	-8.1	32.9	320	320	39.3	10	0	0	0	0	32.9	32.9	32.9	0	0	615040	0	0	
KLF	2	1.8	1.9	0	0	0	0	1.8	292680	0	0	1.9	10	292360	1.9	3580	2	424240	0	0	2	1.8	1.89	0	0	7978955	0	0	
IDJ	15.4	12.6	14	13.6	1160	13.7	1250	13.8	190	-0.2	-1.43	13.8	10	15700	13.9	180	14	200	14.1	90	14.3	13.8	13.98	20	0	1449935	0	0	
CTX	10.4	8.6	9.5	8.6	330	8.7	30	8.9	110	-0.4	-4.21	9.1	50	340	9.1	50	9.2	40	9.3	60	9.1	8.9	8.95	0	0	3865356	0	0	
CTB	34.6	28.4	31.5	31.5	20	32	100	32.5	100	2.5	7.94	34	30	610	34	70	34.6	300	0	0	34	29.5	29.8	30	0	586195	0	0	
PLC	18.4	15.2	16.8	16.8	3090	16.9	930	17	990	0.3	1.79	17.1	90	31110	17.1	800	17.2	3950	17.3	1890	17.2	16.6	16.85	1000	0	3896617	0	0	
PHP	10.2	8.4	9.3	9	200	9.1	70	9.2	380	0.2	2.15	9.5	10	2290	9.5	300	9.6	50	9.7	50	9.5	9.4	9.45	0	0	16010507	0	0	
SHB	15.5	12.7	14.1	13.7	44200	13.8	68110	13.9	170	-0.1	-0.71	14	1000	676820	14	5550	14.1	61940	14.2	84050	14.1	13.7	13.92	68260	209353	34724407	0	0	
DGC	40.4	33.2	36.8	36.6	1200	36.7	1120	36.8	360	0	0	36.8	160	14170	36.9	2010	37	10990	37.1	1870	37.1	36.5	36.76	0	60	6228460	0	0	
VCS	74	60.6	67.3	66.8	110	66.9	150	67	6030	-0.3	-0.45	67	30	42440	67.2	10	67.3	310	67.4	120	69.8	66	66.88	970	50	7416890	0	0	
VC3	17.9	14.7	16.3	16	670	16.1	870	16.2	470	0	0	16.3	100	17270	16.3	680	16.4	1510	16.5	1800	16.4	16.1	16.24	0	0	2988123	0	0	
PTI	19.9	16.3	18.1	16.6	20	17.2	20	17.3	20	0	0	0	0	0	18.2	40	19	60	19.7	20	0	0	18.1	0	0	913545	0	0	
IDV	42.2	34.6	38.4	36.8	50	38.4	1310	38.5	20	0.2	0.52	38.6	100	240	38.9	100	39	190	39.3	60	39.5	38.6	38.86	0	0	634017	0	0	
TVC	33.8	27.8	30.8	33.7	2850	33.8	5230	0	2410	3	9.74	33.8	70	31280	0	0	0	0	0	0	33.8	30.5	32.36	0	0	1960658	0	0	
MBS	11.4	9.4	10.4	10	3220	10.1	1820	10.2	400	-0.2	-1.92	10.2	90	12400	10.3	1780	10.4	2210	10.5	690	10.4	10.2	10.23	0	0	8045509	0	0	
NDN	19.5	16.1	17.8	17.5	970	17.6	1250	17.7	740	-0.1	-0.56	17.7	250	7840	17.8	2050	17.9	2860	18	4200	17.9	17.6	17.71	0	0	2318237	0	0	
HUT	2.2	1.8	2	2.1	72830	2.2	178380	0	97720	0.2	10	2.2	1810	1141420	0	0	0	0	0	0	2.2	1.9	2.12	0	280	12143068	0	0	
INN	27.7	22.7	25.2	24.7	170	24.8	110	24.9	10	-0.2	-0.79	25	10	310	25	10	25.4	50	25.8	40	25.4	24.8	24.92	10	0	706531	0	0	
PVS	13.8	11.4	12.6	12.3	47900	12.4	46190	12.5	44970	0	0	12.6	30	278350	12.6	630	12.7	18330	12.8	23330	12.7	12.5	12.56	500	25140	17357031	0	0	
S99	8.8	7.2	8	7.3	50	7.5	20	8	500	0	0	8	10	47160	8.2	10	8.3	1200	8.4	340	8	7.2	7.21	0	0	2535939	0	0	
MBG	7	5.8	6.4	6	14330	6.1	4760	6.2	650	-0.1	-1.56	6.3	310	60230	6.3	2830	6.4	4980	6.5	11330	6.5	6	6.15	0	0	2111227	0	0	
PGS	17.3	14.3	15.8	15.5	210	15.6	200	15.7	500	0.7	4.43	16.5	10	60	16.5	910	17	240	17.3	2020	16.5	15.5	15.82	0	0	1989647	0	0	
SJE	19.8	16.2	18	16.7	20	17.5	200	17.8	200	0	0	0	0	0	18.5	100	19	240	19.5	100	0	0	18	0	0	889096	0	0	
SHS	9.7	8.1	8.9	8.5	34770	8.6	36280	8.7	47690	-0.1	-1.12	8.8	20	201720	8.8	15040	8.9	300	9	3370	9	8.6	8.79	0	37810	8447508	0	0	
VNR	20.4	16.8	18.6	18.4	10	18.5	500	18.6	10	0	0	0	0	0	19.2	90	19.5	20	19.6	20	0	0	18.6	0	0	2721189	0	0	
SHN	7.4	6.2	6.8	6.5	130	6.6	760	6.7	60	-0.2	-2.94	6.6	10	30	7	10	7.1	10	7.2	190	6.6	6.6	6.6	0	0	6343684	0	0	
TIG	7.2	6	6.6	6.4	28150	6.5	17710	6.6	11050	0.1	1.52	6.7	40	95710	6.7	17720	6.8	30670	6.9	26090	6.7	6.4	6.58	3100	0	2883626	0	0	
LAS	7	5.8	6.4	6.1	3070	6.2	5380	6.3	1790	0	0	6.4	10	12750	6.4	1470	6.5	1010	6.6	1980	6.4	6.3	6.35	0	0	5323506	0	0	
BVS	10.3	8.5	9.4	9.1	430	9.2	110	9.3	330	0	0	9.4	30	8190	9.4	1020	9.5	1990	9.6	1830	9.4	9.1	9.24	1400	1500	1676427	0	0	
DNP	18.7	15.3	17	16	380	16.2	70	16.6	10	0	0	17	20	20	17	680	17.5	500	18.4	50	17	17	17	0	0	3020608	0	0	
ACB	25.1	20.7	22.9	22.7	39640	22.8	68550	22.9	3930	0	0	22.9	400	239260	23	16100	23.1	18890	23.2	21280	23	22.7	22.9	0	0	0	0	0	
