HOSE
864.47
3.08	0.36
861.59	0.02	9448961	107.77	
866.84	0.63	293219679	4309.94	
864.47	0.36	318190600	4895.24	
AAA	13.4	11.7	12.55	12.35	10105	12.4	17596	12.45	5387	-0.1	-0.8	12.45	14394	240703	12.5	6335	12.55	7556	12.6	8298	12.45	12.6	12.4	5452	157	6201666	
AAM	12.6	11	11.8	11.05	203	11.2	33	11.3	1	0	0	11.8	33	33	11.8	192	11.9	2	12	37	0	11.8	11.8	0	0	592374	
ABS	14.85	12.95	13.9	13.8	503	13.9	228	13.95	18	0.1	0.72	14	800	11342	14	2542	14.05	50	14.1	29	14	14	13.6	0	0	1410418	
ABT	35.8	31.2	33.5	31.6	12	31.65	2	31.7	1	0	0	0	0	0	35	4	35.5	5	35.8	5	0	0	0	0	0	655034	
ACC	19.75	17.25	18.5	18.1	54	18.3	50	18.5	383	0	0	18.5	11	72	19.2	232	19.5	121	19.75	1371	0	19.2	18.5	0	0	298490	
ACL	26.5	23.1	24.8	24.45	270	24.5	67	24.6	32	-0.2	-0.81	24.6	300	5547	24.8	579	24.85	30	24.9	125	24.6	25.3	24.5	800	0	844617	
ADS	10.7	9.3	10	9.55	20	9.65	265	9.71	10	0	0	10	1	102	10	31	10.05	19	10.1	77	0	10	9.9	0	0	1248247	
AGG	29.15	25.35	27.25	26.9	919	27	521	27.1	1170	-0.05	-0.18	27.2	1332	26972	27.2	668	27.3	1284	27.35	265	27.2	27.25	26.9	0	0	1622591	
AGM	14.2	12.4	13.3	13.6	20	13.7	110	13.8	283	0.6	4.51	13.9	6	3048	13.9	39	14	401	14.1	400	13.9	14	13.3	0	1762	742614	
AGR	3.53	3.07	3.3	3.32	550	3.34	20	3.38	565	0.1	3.03	3.4	2609	33885	3.4	6930	3.42	3498	3.44	936	3.4	3.4	3.2	140	0	9962394	
AMD	3.32	2.9	3.11	3.11	11386	3.12	1947	3.13	1232	0.02	0.64	3.13	24292	235165	3.14	4907	3.15	16564	3.16	6815	3.13	3.18	3.05	3244	1000	7707697	
ANV	19.9	17.3	18.6	18.05	545	18.1	1931	18.15	1710	-0.45	-2.42	18.15	2188	16769	18.2	1	18.25	1280	18.3	246	18.15	18.5	18.15	197	736	6092480	
APC	19.25	16.75	18	17.55	300	17.6	363	17.65	20	-0.05	-0.28	17.95	20	185	17.9	487	17.95	542	18	455	17.95	18	17.6	0	0	652998	
APG	9.41	8.19	8.8	8.87	5	8.9	99	8.91	126	0.1	1.14	8.9	300	74934	8.95	155	8.99	200	9	848	0	8.9	8.8	3220	0	3165522	
ASM	5.78	5.04	5.41	5.35	3433	5.36	5760	5.37	684	-0.04	-0.74	5.37	3417	246541	5.38	500	5.39	2570	5.4	855	5.37	5.4	5.29	6868	0	12322374	
ASP	5.77	5.03	5.4	5.32	200	5.35	648	5.36	169	0	0	5.4	1	1098	5.4	94	5.43	965	5.45	191	5.4	5.45	5.22	6	0	0	
AST	57.7	50.3	54	53.9	275	54	543	54.1	27	0.1	0.19	54.1	100	3870	54.5	189	54.6	113	54.7	761	54.1	54.9	53.8	166	13	261734	
ATG	0.58	0.52	0.55	0	0	0.52	2323	0.53	449	-0.02	-3.64	0.53	4517	8660	0.54	561	0.56	530	0.57	1761	0.53	0.56	0.52	0	0	720605	
BBC	54.5	47.45	51	48	8	48.8	8	48.9	1	0	0	51	1	663	51	3	51.2	3	51.5	48	0	51	51	0	51	34957	
BCE	8.28	7.2	7.74	7.62	306	7.63	101	7.64	100	0	0	7.74	150	7046	7.74	138	7.75	49	7.77	40	7.74	7.75	7.61	0	69	1358916	
BCG	6.63	5.77	6.2	6.15	2061	6.2	682	6.21	1000	0.2	3.23	6.4	14210	74968	6.4	1081	6.45	52	6.5	7714	6.4	6.4	6.05	1234	290	1658642	
BFC	14.15	12.35	13.25	13.1	1991	13.15	1581	13.2	518	-0.05	-0.38	13.2	628	38458	13.25	1215	13.3	567	13.35	3160	13.2	13.45	13	191	0	2587714	
BHN	58.8	51.2	55	54.8	97	54.9	46	55	92	0	0	55	17	314	55.4	36	55.5	90	56	348	55	55.4	54.9	143	0	7292781	
BIC	23.3	20.3	21.8	21.6	28	21.7	71	21.75	51	-0.05	-0.23	21.75	555	3975	21.8	125	22.2	101	22.25	59	21.75	22.5	21.75	1123	2200	161052	
BID	43.5	37.9	40.7	40	13963	40.05	1288	40.1	1131	-0.6	-1.47	40.1	17859	166973	40.3	968	40.4	3750	40.5	2137	40.1	40.5	39.8	15471	25197	49438210	
BMC	13.15	11.45	12.3	11.9	730	11.95	454	12	579	0	0	12.3	113	981	12.3	828	12.4	710	12.55	70	12.3	12.3	11.8	28	522	325245	
BMI	23.2	20.2	21.7	21.6	749	21.65	500	21.7	1624	0.05	0.23	21.75	21	19617	21.75	234	21.8	886	21.85	776	21.75	21.85	21.3	9750	4000	1198501	
BMP	51.1	44.5	47.8	47.5	6821	47.55	90	47.7	66	-0.1	-0.21	47.7	298	12186	47.75	50	47.85	13	47.9	624	47.7	48.15	47.1	839	1003	1631053	
BRC	11.15	9.72	10.45	0	0	10	217	10.05	1	0	0	0	0	0	10.7	300	11	16	11.1	200	0	0	0	0	0	600909	
BSI	8.69	7.57	8.13	8.01	50	8.02	3	8.03	40	-0.1	-1.23	8.03	10	2255	8.3	100	8.38	18	8.39	20	8.03	8.49	8.02	0	1300	4950281	
BTP	16.15	14.05	15.1	14.75	760	14.8	753	14.85	148	-0.25	-1.66	14.85	688	2916	14.9	231	14.95	300	15.05	600	14.85	15.1	14.75	242	0	2401911	
BTT	39.9	34.7	37.3	36.3	10	36.35	5	36.5	10	2.6	6.97	39.9	13	86	0	0	0	0	0	0	0	39.9	36	0	0	660455	
BVH	53.9	46.9	50.4	49.8	1792	49.85	1358	49.9	5218	-0.45	-0.89	49.95	4473	86584	49.95	386	50	200	50.2	464	49.95	50.4	49.7	4020	16318	15294609	
BWE	23.5	20.5	22	21.9	3585	21.95	2040	22	897	0.1	0.45	22.1	10	12120	22.1	304	22.15	1100	22.2	947	22.1	22.1	21.9	333	0	5952042	
C32	27.15	23.65	25.4	25.2	483	25.3	500	25.35	28	0.05	0.2	25.45	100	2884	25.45	1188	25.5	1555	25.6	210	25.45	25.45	25.2	0	408	346283	
C47	12.75	11.15	11.95	11.25	220	11.3	204	11.35	139	-0.6	-5.02	11.35	1	216	12	35	12.1	5	12.25	1	11.35	12	11.35	0	0	829800	
CAV	70.6	61.4	66	64	193	65	202	66	102	0	0	66	100	201	67.5	100	68	277	69	200	66	68	66	0	96	2805746	
CCI	14	12.2	13.1	12.9	6	13	30	13.1	50	0.9	6.87	14	1	103	14	2160	0	0	0	0	0	14	12.9	0	0	823571	
CCL	7.97	6.93	7.45	7.38	47	7.39	2377	7.4	1840	-0.05	-0.67	7.4	2000	24019	7.44	466	7.45	650	7.46	412	7.4	7.5	7.38	0	0	2111836	
CDC	16.55	14.45	15.5	0	0	0	0	0	0	0	0	0	0	0	16	1	16.55	1	0	0	0	0	0	0	0	764368	
CEE	16.05	13.95	15	0	0	0	0	14.15	2	0	0	15	1	23	15	1	15.45	170	15.6	6	15	15	14	0	0	2021552	
CHP	20.5	17.9	19.2	18.6	10	19	702	19.1	350	-0.1	-0.52	19.1	10	919	19.2	9	19.3	577	19.95	105	19.1	19.2	19.1	0	0	6311919	
CIG	1.71	1.49	1.6	1.49	455	1.5	110	1.51	1	0	0	1.6	1	49	1.6	192	1.63	30	1.65	262	0	1.6	1.6	0	0	1545178	
CII	21.2	18.5	19.85	19.2	4973	19.25	8137	19.3	1223	-0.55	-2.77	19.3	9616	164517	19.35	567	19.4	1402	19.45	1118	19.3	19.9	19.2	124	76893	7329526	
CKG	10.4	9.08	9.76	9.6	1673	9.75	500	9.76	294	0	0	9.76	1706	5572	9.77	1161	9.78	1000	9.79	1000	9.76	10	9.5	0	10	2403490	
CLC	29.1	25.3	27.2	27.1	30	27.15	320	27.2	161	0.05	0.18	27.25	10	75	27.35	20	27.4	2	27.45	202	0	27.3	27.25	0	0	1222236	
CLG	1.33	1.17	1.25	1.2	1120	1.21	267	1.22	100	-0.03	-2.4	1.22	180	2963	1.25	445	1.26	200	1.27	5352	1.22	1.29	1.2	0	0	1029699	
CLL	29.95	26.05	28	27	9	27.2	30	27.6	3	-0.8	-2.86	27.2	3	3	29	114	0	0	0	0	0	27.5	27.2	0	0	1419098	
CLW	27.8	24.2	26	0	0	0	0	24.2	300	0	0	26	600	600	27.5	100	27.8	20	0	0	0	26	26	0	0	573966	
CMG	29.85	25.95	27.9	27.3	17	27.35	13	27.4	89	-0.05	-0.18	27.85	31	3372	27.85	5	27.9	10	27.95	212	27.85	28.3	27.4	1236	3	1167090	
CMV	14.45	12.65	13.55	0	0	0	0	13	15	0	0	13.55	1	2	13.55	76	13.6	20	14	3	13.55	13.55	13.55	0	0	590605	
CMX	17.45	15.25	16.35	16.05	218	16.1	210	16.15	200	-0.15	-0.92	16.2	1462	59721	16.2	623	16.25	355	16.3	505	16.2	16.4	16	0	400	1159148	
CNG	23	20	21.5	21.4	6	21.45	50	21.5	200	0.4	1.86	21.9	500	6045	21.9	188	22	245	22.1	63	0	22	21	0	0	757255	
COM	48.75	42.45	45.6	0	0	43	5	43.5	1	0	0	0	0	0	48.45	10	48.5	1	48.55	1	0	0	0	0	0	685800	
CRC	12.3	10.7	11.5	11.2	72	11.3	36	11.4	11	-0.05	-0.43	11.45	21	3630	11.45	365	11.5	243	11.6	210	11.45	11.5	10.85	0	0	734797	
CRE	17.4	15.2	16.3	16	12288	16.05	981	16.1	3126	-0.2	-1.23	16.1	14195	134541	16.15	2921	16.2	3745	16.25	3493	16.1	16.5	16.05	3953	123100	2063224	
CSM	17.2	15	16.1	15.9	840	15.95	700	16	23	-0.1	-0.62	16	378	5916	16.15	119	16.2	380	16.25	220	16	16.2	15.85	0	0	4862228	
CSV	23.8	20.7	22.25	22.35	851	22.4	1050	22.45	200	0.25	1.12	22.5	950	26435	22.5	1867	22.55	915	22.6	2077	22.5	22.7	22.2	734	0	1820298	
CTD	82.1	71.5	76.8	75.6	33	75.7	49	76	337	-0.8	-1.04	76	1137	23850	76.3	263	76.4	100	76.5	20	76	76.8	75	811	537	188914	
CTF	22.7	19.8	21.25	20.4	55	20.45	8	20.5	15	0	0	21.25	2	15132	21.25	330	21.3	2	21.4	20	21.25	21.25	20.5	47	0	2231278	
CTG	24.1	21	22.55	22.4	14540	22.45	13671	22.5	20284	-0.05	-0.22	22.5	49461	356163	22.6	820	22.65	6972	22.7	9084	22.5	22.7	22.45	51951	4888	1237138	
CTI	20.2	17.6	18.9	18.55	350	18.6	938	18.7	100	-0.1	-0.53	18.8	1735	39450	18.75	246	18.8	809	18.85	2809	18.8	18.95	18.5	0	120034	2062958	
CTS	6.9	6	6.45	6.26	340	6.3	362	6.31	30	0.03	0.47	6.48	1780	22680	6.48	228	6.49	871	6.5	5039	6.48	6.49	6.2	2500	9900	4055322	
CVT	19	16.6	17.8	17.75	2100	17.8	1874	17.85	1244	0.05	0.28	17.85	958	13559	17.9	1176	17.95	1125	18	3151	17.85	17.9	17.65	295	0	3270378	
D2D	62.1	54.1	58.1	59.1	230	59.2	578	59.3	300	1.3	2.24	59.4	1227	24464	59.4	1264	59.5	321	59.6	391	59.4	59.7	58.1	773	785	897533	
DAG	5.75	5.01	5.38	5.32	85	5.33	20	5.34	120	-0.02	-0.37	5.36	796	15466	5.36	84	5.37	1072	5.38	1550	5.36	5.39	5.29	0	0	2102397	
DAH	12.7	11.1	11.9	11.5	1801	11.55	1269	11.6	694	-0.3	-2.52	11.6	470	20157	11.65	876	11.7	900	11.75	500	11.6	11.65	11.35	2052	0	1638341	
DAT	7.82	6.8	7.31	6.84	1	6.85	100	7.82	1	-0.46	-6.29	6.85	1	1	0	0	0	0	0	0	0	6.85	6.85	0	0	2253957	
DBC	41.75	36.35	39.05	41.2	2595	41.25	2291	41.3	878	2.25	5.76	41.3	5003	298805	41.35	3723	41.4	1210	41.45	1405	41.3	41.7	39.8	719	32766	4306852	
DBD	53.5	46.5	50	49.6	321	49.65	500	49.7	3	-0.3	-0.6	49.7	200	1100	50.4	4	50.5	204	51	372	49.7	50	49.6	0	7	5235679	
DCL	21.65	18.85	20.25	20.15	376	20.2	190	20.25	439	0.15	0.74	20.4	252	3712	20.4	828	20.45	424	20.5	1069	20.4	20.5	20.15	25	0	1680211	
DCM	9.1	7.92	8.51	8.47	1630	8.48	21634	8.49	862	-0.02	-0.24	8.49	6914	81576	8.53	500	8.55	796	8.56	12077	8.49	8.58	8.46	2015	271	24925764	
DGW	28.65	24.95	26.8	26.85	641	26.9	412	26.95	656	0.2	0.75	27	773	33097	27	641	27.05	290	27.1	943	27	27.1	26.7	1966	429	1045613	
DHA	34.05	29.65	31.85	31.2	146	31.3	10	31.5	24	-0.2	-0.63	31.65	10	627	31.6	24	31.65	30	31.7	410	31.65	31.7	31	0	0	600570	
DHC	39.55	34.45	37	36.7	292	36.75	300	36.8	1270	-0.2	-0.54	36.8	106	6068	36.9	1020	36.95	110	37	3286	36.8	37.35	36.6	2820	0	683348	
DHG	99.2	86.4	92.8	92	283	92.2	212	92.3	433	-0.5	-0.54	92.3	107	615	92.9	3	93	466	93.5	47	92.3	94.9	92.3	20	136	5959863	
DHM	7.75	6.75	7.25	6.95	50	7.25	150	7.3	20	0.5	6.9	7.75	471	71040	7.75	4023	0	0	0	0	7.75	7.75	6.76	90	0	1531248	
DIC	1.87	1.63	1.75	1.85	3049	1.86	4087	1.87	1635	0.12	6.86	1.87	192	84121	0	0	0	0	0	0	1.87	1.87	1.72	500	0	1287012	
DIG	12.9	11.3	12.1	11.95	2001	12	6279	12.05	138	0	0	12.1	16300	60598	12.1	219	12.15	4199	12.2	3050	12.1	12.15	11.9	1102	0	4596979	
DLG	1.53	1.33	1.43	1.47	1066	1.48	59816	1.49	11526	0.06	4.2	1.49	15700	941128	1.5	14954	1.51	29411	1.52	69626	1.49	1.53	1.42	10593	12661	13833220	
DMC	58.3	50.7	54.5	54.9	20	55	339	55.1	10	0.7	1.28	55.2	370	8584	55.2	140	55.3	196	55.4	133	55.2	55.7	54.1	273	90	1452649	
DPG	25.55	22.25	23.9	23.85	1687	23.9	543	23.95	101	0.1	0.42	24	1779	21053	24	55	24.1	500	24.15	202	24	24.35	23.8	21	0	2187057	
DPM	15.9	13.9	14.9	14.7	13525	14.75	20308	14.8	17949	-0.1	-0.67	14.8	22285	192478	14.85	2080	14.9	4505	14.95	696	14.8	15.1	14.8	6008	40759	14343754	
DPR	40.75	35.45	38.1	38.2	99	38.5	800	39	6	0.9	2.36	39	57	3743	39.15	182	39.2	105	39.25	100	39	39	38.1	0	503	1498702	
DQC	19.2	16.7	17.95	17.55	108	17.6	183	17.65	68	-0.3	-1.67	17.65	95	762	17.9	50	17.95	99	18	491	17.65	18	17.3	40	35	1591780	
DRC	21.25	18.55	19.9	19.6	1419	19.65	1515	19.7	2533	-0.15	-0.75	19.75	1303	74208	19.75	602	19.8	1941	19.85	563	19.75	19.85	19.55	0	3855	3373624	
DRH	7.22	6.28	6.75	7.2	4147	7.21	7398	7.22	453	0.47	6.96	7.22	13325	253969	0	0	0	0	0	0	7.22	7.22	6.51	8211	0	2864483	
DRL	54.5	47.45	51	50.6	10	50.7	49	50.8	21	0	0	51	100	210	51	600	51.8	6	51.9	45	0	51	51	38	0	459240	
DSN	50.9	44.3	47.6	47.2	27	47.25	15	47.3	107	-0.3	-0.63	47.3	30	819	47.4	33	47.5	190	47.6	20	47.3	47.6	47.25	0	0	372097	
DTA	4.65	4.05	4.35	4.2	100	4.21	4	4.3	50	0.03	0.69	4.38	4	970	4.38	499	4.4	5	4.58	5	4.38	4.38	4.33	0	0	881866	
DTL	10.3	9	9.67	9	53	9.5	40	9.58	2	-0.09	-0.93	9.58	1	113	9.59	1	9.6	20	10.3	1	0	9.58	9	0	50	3008597	
DTT	14.35	12.55	13.45	0	0	0	0	12.55	2	0	0	0	0	0	14.3	8	14.35	10	0	0	0	0	0	0	0	397869	
DVP	37.45	32.55	35	34.6	76	34.65	40	34.7	141	-0.3	-0.86	34.7	99	922	34.95	1	35	550	35.1	20	34.7	35	34.7	2	0	1407744	
DXG	12.05	10.55	11.3	11.15	22668	11.2	9809	11.25	1349	0	0	11.3	10601	269162	11.3	20554	11.35	3784	11.4	15528	11.3	11.3	11.15	58268	5200	4609459	
DXV	2.54	2.22	2.38	2.22	988	2.28	1	2.29	6	-0.09	-3.78	2.29	9	996	2.3	236	2.35	100	2.38	40	2.29	2.38	2.22	0	0	480908	
E1VFVN30	14.37	12.49	13.43	13.4	200	13.44	259	13.48	669	0.04	0.3	13.47	5491	13036	13.5	589	13.55	40000	13.6	1120	13.47	13.47	13.2	90692	86616	1476462	
EIB	18.05	15.75	16.9	17.2	204	17.25	993	17.3	1899	0.4	2.37	17.3	2002	36245	17.4	70	17.5	279	17.55	370	17.3	17.6	17	3	1422	12899	
ELC	5.64	4.92	5.28	5.21	1524	5.22	140	5.23	219	0	0	5.28	1	2274	5.28	928	5.29	109	5.3	233	5.28	5.28	5.2	0	348	1462214	
EMC	11.55	10.05	10.8	0	0	0	0	10.05	10	0	0	0	0	0	0	0	0	0	0	0	0	0	0	0	0	749034	
EVE	10.8	9.4	10.1	10.1	310	10.2	289	10.25	79	0.15	1.49	10.25	1	3542	10.3	113	10.35	10	10.4	300	10.25	10.6	9.72	3122	0	1473143	
EVG	3.02	2.64	2.83	3	2538	3.01	8311	3.02	229967	0.19	6.71	3.02	1	207226	0	0	0	0	0	0	3.02	3.02	3.01	0	0	2856019	
FCM	6.76	5.88	6.32	6.59	698	6.69	438	6.7	682	0.38	6.01	6.7	48	20170	6.72	10	6.75	1090	6.76	3075	6.7	6.75	6.32	2280	153	1906940	
FCN	9.89	8.61	9.25	9.16	1361	9.17	3200	9.18	1109	-0.07	-0.76	9.18	5090	48861	9.2	540	9.23	3543	9.25	3271	9.18	9.31	9.15	1245	55	2925932	
FDC	14.65	12.75	13.7	0	0	0	0	12.75	4	-0.15	-1.09	13.55	1	129	13.55	148	13.6	11	13.7	154	0	13.55	12.75	0	0	1891253	
FIR	32.4	28.2	30.3	29.95	820	30	167	30.1	588	-0.2	-0.66	30.1	591	9768	30.2	104	30.3	267	30.4	310	30.1	30.4	30	205	0	1005500	
FIT	6.51	5.67	6.09	6.21	258	6.23	150	6.25	2000	0.18	2.96	6.27	3834	120621	6.27	3438	6.28	2285	6.29	185	6.27	6.33	6.04	0	78	12144549	
FLC	3.08	2.68	2.88	2.86	121260	2.87	31886	2.88	39152	0.01	0.35	2.89	22763	397115	2.89	49840	2.9	93605	2.91	18534	2.89	2.89	2.86	18622	3506	32901079	
FMC	28.85	25.15	27	26.45	140	26.5	133	26.55	15	-0.3	-1.11	26.7	910	7560	26.7	680	26.8	550	26.9	57	26.7	26.8	26.45	51	2638	1983986	
FPT	51.3	44.65	48	47.85	1034	47.9	2447	47.95	165	-0.05	-0.1	47.95	9030	134617	48	211	48.05	227	48.1	2199	47.95	48.1	47.5	2189	2189	0	
FRT	26.6	23.2	24.9	26.05	38	26.1	1504	26.15	616	1.3	5.22	26.2	2422	116994	26.2	3295	26.25	218	26.3	587	26.2	26.6	24.4	1937	589	1042314	
FTM	1.5	1.32	1.41	1.44	102	1.45	3723	1.46	294	0.05	3.55	1.46	526	21246	1.47	550	1.48	3375	1.49	2990	1.46	1.49	1.37	0	0	2435620	
FTS	12.05	10.55	11.3	11.15	1152	11.2	1540	11.3	2971	0	0	11.3	529	3936	11.35	300	11.4	80	11.45	565	11.3	11.3	11.15	400	0	9457899	
FUCTVGF1	12.7	11.1	11.9	0	0	0	0	0	0	0	0	0	0	0	0	0	0	0	0	0	0	0	0	0	0	734571	
FUCTVGF2	10.95	9.54	10.25	0	0	0	0	0	0	0	0	10.25	1	1	10.25	1	0	0	0	0	10.25	10.25	10.25	0	0	808607	
FUCVREIT	9.2	8	8.6	0	0	0	0	0	0	-0.6	-6.98	8	4	4	8.6	150	8.66	4	9.2	60	0	8	8	0	0	239050	
FUESSV50	12.62	10.98	11.8	11.6	1000	11.7	1000	11.8	287	0	0	11.8	160	7812	11.9	2020	12	1200	12.1	1000	0	11.88	11.79	1099	0	437674	
FUESSVFL	9.95	8.65	9.3	9.24	3653	9.25	4059	9.26	4036	-0.02	-0.22	9.28	5	7	9.28	1	9.33	9822	9.34	9541	0	9.3	9.28	1155007	0	2158368	
FUEVFVND	12.95	11.27	12.11	12.05	40	12.06	20	12.1	50	0.14	1.16	12.25	520	20783	12.25	2292	12.3	1820	12.34	125	12.25	12.3	12.02	19992	0	25477	
GAB	162.1	140.9	151.5	150.9	3426	151	1739	151.1	910	-0.4	-0.26	151.1	595	13622	151.2	413	151.5	832	151.8	50	151.1	152	150.8	0	0	660698	
GAS	79	68.8	73.9	74.1	622	74.2	1517	74.3	2800	0.5	0.68	74.4	2594	37261	74.4	450	74.5	2724	74.6	2353	74.4	74.5	73.7	10294	2202	87473891	
GDT	32.1	27.9	30	29.75	150	29.8	170	30	12	0.1	0.33	30.1	54	2700	30.1	106	30.15	180	30.2	600	30.1	30.1	29.7	0	280	486101	
GEG	22.95	19.95	21.45	20.85	773	20.9	947	20.95	444	-0.45	-2.1	21	3925	47454	21	522	21.05	59	21.1	517	21	21.15	20.8	10	1432	2456641	
GEX	18.45	16.05	17.25	17.35	11076	17.4	9464	17.45	6276	0.2	1.16	17.45	9384	241612	17.5	9635	17.55	1185	17.6	1179	17.45	17.45	17.05	6202	4973	16547658	
GIL	20.4	17.8	19.1	19.05	826	19.1	804	19.15	237	0.05	0.26	19.15	689	21373	19.2	508	19.25	4	19.3	500	19.15	19.4	19	794	0	1055746	
GMC	20.7	18	19.35	18.7	56	18.8	246	18.9	4	-0.05	-0.26	19.3	107	424	19.3	357	19.35	89	19.4	100	19.3	19.35	18.7	0	0	1034755	
GMD	20.95	18.25	19.6	19.45	680	19.5	508	19.55	1	0	0	19.6	2440	33087	19.6	2865	19.65	300	19.7	617	19.6	19.75	19.4	277	277	0	
GSP	10.9	9.49	10.2	0	0	9.49	20	10	5	-0.1	-0.98	10.1	100	106	10.1	92	10.2	355	10.25	1468	10.1	10.1	10.1	0	0	1313757	
GTA	11.65	10.15	10.9	10.2	300	10.5	10	10.55	21	0	0	10.9	2	7	10.9	43	11	20	11.2	101	0	10.9	10.55	0	0	506427	
GTN	18.25	15.95	17.1	16.95	962	17	292	17.05	1980	0	0	17.1	2057	123013	17.1	2140	17.15	1233	17.2	2842	17.1	17.1	16.8	1497	1	24904869	
GVR	13.6	11.9	12.75	12.65	11958	12.7	4670	12.75	5250	0	0	12.75	1285	138044	12.8	710	12.85	12839	12.9	18534	12.75	12.9	12.65	3177	2520	49585784	
HAG	4.56	3.98	4.27	4.54	1	4.55	3	4.56	156789	0.29	6.79	4.56	4071	818647	0	0	0	0	0	0	4.56	4.56	4.23	3015	2534	38040711	
HAH	12.7	11.1	11.9	11.8	1	11.85	1	11.9	812	0.05	0.42	11.95	11	8352	11.95	1489	12	1772	12.05	40	11.95	12	11.6	0	0	1368693	
HAI	3.21	2.79	3	3.04	20681	3.05	15977	3.06	11139	0.06	2	3.06	10900	277677	3.07	300	3.08	1719	3.09	8261	3.06	3.15	2.99	7149	3980	8614532	
HAP	3.37	2.93	3.15	3.12	536	3.13	304	3.14	200	0	0	3.15	40	1082	3.15	1516	3.16	703	3.2	110	3.15	3.15	3.12	0	0	2327244	
HAR	3.24	2.82	3.03	3.05	505	3.06	300	3.07	150	0.04	1.32	3.07	2900	54116	3.09	2	3.1	4204	3.11	3500	3.07	3.1	2.99	0	0	4951232	
HAS	7.63	6.65	7.14	0	0	0	0	6.65	150	0	0	0	0	0	7.5	200	7.6	10	7.63	503	0	0	0	0	0	235559	
HAX	12.4	10.8	11.6	11.35	800	11.4	661	11.45	51	-0.05	-0.43	11.55	451	10934	11.55	254	11.6	599	11.65	2359	11.55	11.65	11.3	0	0	1539607	
HBC	9.69	8.43	9.06	8.85	5339	8.86	3570	8.87	8747	-0.19	-2.1	8.87	15485	386048	8.88	2212	8.9	796	8.91	4500	8.87	9.06	8.87	0	17544	6666394	
HCD	3.16	2.76	2.96	2.86	5	2.87	200	2.88	529	-0.08	-2.7	2.88	2705	66354	2.89	500	2.9	500	2.91	550	2.88	3.04	2.88	0	0	1320269	
HCM	20.2	17.6	18.9	18.7	7495	18.75	5317	18.8	3070	-0.1	-0.53	18.8	10231	170865	18.85	706	18.9	798	18.95	2281	18.8	18.95	18.65	13799	40200	14210227	
HDB	25.35	22.05	23.7	24	52	24.05	100	24.1	2000	0.5	2.11	24.2	24343	93790	24.2	194	24.3	4446	24.35	50	24.2	24.2	23.25	28740	23730	8685636	
HDC	17.25	15.05	16.15	15.9	1124	15.95	1497	16	8592	-0.15	-0.93	16	4095	73501	16.05	639	16.1	34	16.15	2172	16	16.45	16	2821	10347	2459046	
HDG	29.6	25.8	27.7	28.35	197	28.4	1698	28.45	11	0.8	2.89	28.5	7104	58020	28.5	811	28.55	473	28.6	1121	28.5	28.5	27.6	350	4038	3916861	
HHS	4.22	3.68	3.95	4.06	30	4.07	686	4.08	3345	0.13	3.29	4.08	10165	187089	4.09	1940	4.1	4155	4.11	2352	4.08	4.13	3.88	8182	0	12578102	
HID	2.62	2.28	2.45	2.6	833	2.61	1201	2.62	10365	0.17	6.94	2.62	1235	63264	0	0	0	0	0	0	2.62	2.62	2.45	0	0	2825338	
HII	14.35	12.55	13.45	13.35	300	13.4	10	13.5	34	0.25	1.86	13.7	20	17630	13.7	33	13.75	190	13.8	143	13.7	14	13	876	0	1352314	
HMC	15.05	13.15	14.1	14.1	60	14.15	5	14.2	49	0.1	0.71	14.2	6	71	14.6	8	14.75	9	14.8	500	14.2	14.75	14.05	0	0	1003126	
HNG	15.35	13.35	14.35	15.2	570	15.3	8109	15.35	97	1	6.97	15.35	26067	193678	0	0	0	0	0	0	15.35	15.35	14.35	0	0	53990349	
HOT	42.9	37.3	40.1	37.3	21	40	6	40.1	40	0.4	1	40.5	1	59	40.5	21	41	11	41.5	10	0	40.5	40.1	0	0	391818	
HPG	29.1	25.3	27.2	27.3	34278	27.35	13916	27.4	3596	0.2	0.74	27.4	147107	1258039	27.5	68736	27.55	54129	27.6	25697	27.4	27.7	27	307116	279697	34220268	
HPX	28.7	25	26.85	26.5	5	26.55	1	26.6	5	-0.05	-0.19	26.8	100	13604	26.8	54	26.85	941	26.9	36	26.8	26.9	26.6	0	50	8086708	
HQC	1.15	1.01	1.08	1.08	73690	1.09	24881	1.1	76216	0.03	2.78	1.11	28592	605791	1.11	58064	1.12	123005	1.13	51120	1.11	1.12	1.07	1861	4500	21532470	
HRC	40.65	35.35	38	0	0	0	0	38	199	0	0	38	26	328	39.9	10	40	5	40.5	4	38	40	38	0	36	1456614	
HSG	10.85	9.44	10.15	9.95	4482	9.96	10489	9.97	10771	-0.18	-1.77	9.97	81914	1750697	9.99	1770	10	9801	10.05	2117	9.97	10.2	9.72	32891	576949	14572387	
HSL	5.73	4.99	5.36	5.27	249	5.28	446	5.29	106	-0.07	-1.31	5.29	263	9923	5.3	972	5.36	300	5.37	80	5.29	5.42	5.25	500	0	1360151	
HT1	15.3	13.3	14.3	14.65	300	14.7	1151	14.75	1395	0.45	3.15	14.75	1923	30776	14.8	1669	14.9	1001	14.95	5	14.75	14.8	14.05	0	0	16250446	
HTI	13.45	11.75	12.6	12	286	12.05	500	12.1	203	0	0	0	0	0	12.5	105	12.6	371	12.7	100	0	0	0	0	0	791429	
HTL	14.75	12.85	13.8	13.05	61	13.1	30	13.5	1	0	0	13.8	2	2	13.7	149	13.75	235	13.8	199	13.8	13.8	13.8	0	0	30220	
HTN	20.65	17.95	19.3	18.85	180	18.9	100	19	300	-0.2	-1.04	19.1	101	7514	19.1	34	19.2	200	19.25	132	19.1	19.5	18.75	0	205	1428262	
HTT	0.73	0.65	0.69	0	0	0	0	0	0	0	0	0	0	0	0	0	0	0	0	0	0	0	0	0	0	956200	
HTV	14.45	12.65	13.55	0	0	12.65	1	12.8	30	-0.15	-1.11	13.4	1	31	13.4	2	13.45	100	13.55	295	0	13.4	12.8	1	0	455780	
HU1	6.31	5.49	5.9	0	0	5.49	5	5.51	50	-0.39	-6.61	5.51	200	204	5.8	451	5.89	56	5.9	328	0	5.8	5.51	0	0	453177	
HU3	7.97	6.93	7.45	7.07	110	7.3	90	7.4	100	0	0	0	0	0	7.6	100	7.9	35	7.97	16	0	0	0	0	0	434452	
HUB	18.15	15.85	17	16.1	9	16.9	200	17	40	0	0	17	100	260	17.15	1	17.2	151	17.5	3	0	17.1	17	0	0	747054	
HVG	5.77	5.03	5.4	0	0	0	0	0	0	0	0	0	0	0	0	0	0	0	0	0	0	0	0	0	0	9040458	
HVH	8.72	7.58	8.15	7.92	42	7.93	372	7.95	1116	-0.01	-0.12	8.14	2725	20266	8.14	882	8.15	771	8.16	184	8.14	8.16	7.91	0	409	961894	
HVN	29.7	25.9	27.8	27.35	3316	27.4	4834	27.45	1272	-0.3	-1.08	27.5	2872	84985	27.5	1385	27.55	721	27.6	1786	27.5	27.7	27.3	212	6881	29300962	
HVX	3.98	3.46	3.72	0	0	0	0	0	0	0	0	0	0	0	3.69	32	3.7	100	3.98	300	0	0	0	0	0	1924059	
IBC	25.1	21.9	23.5	23.15	24	23.2	113	23.25	112	-0.2	-0.85	23.3	3	10915	23.3	67	23.5	100	23.65	185	23.3	23.5	23.15	0	128390	1975984	
ICT	16.55	14.45	15.5	15.3	179	15.35	90	15.4	90	0	0	15.5	150	1708	15.5	46	15.7	200	15.75	1	15.5	15.7	15.2	0	0	3215171	
IDI	4.47	3.89	4.18	4.14	1077	4.15	3563	4.16	948	-0.02	-0.48	4.16	1610	99381	4.17	603	4.18	3201	4.19	50	4.16	4.18	4.11	4693	0	10966163	
IJC	13.15	11.45	12.3	11.9	1395	11.95	1814	12	1376	-0.3	-2.44	12	2601	18544	12.1	1942	12.15	2055	12.2	900	12	12.3	11.95	1	1788	6516534	
ILB	18.15	15.85	17	16.5	569	16.8	200	16.9	207	0	0	17	2	1079	17	200	17.2	270	17.4	200	0	17	16.9	0	0	0	
IMP	57.7	50.3	54	53.9	360	54	90	54.1	50	0.2	0.37	54.2	556	2126	54.2	205	54.4	674	54.5	605	54.2	54.4	54	553	300	0	
ITA	3.64	3.18	3.41	3.62	34940	3.63	27969	3.64	544133	0.23	6.74	3.64	1471	1260336	0	0	0	0	0	0	3.64	3.64	3.45	1504	7915	39472744	
ITC	13.85	12.05	12.95	0	0	12.05	21	12.1	5	0	0	12.95	200	205	12.95	59	13	304	13.05	307	12.95	12.95	12.05	0	0	3518730	
ITD	9.09	7.91	8.5	8.48	1	8.49	1	8.5	500	0.1	1.18	8.6	2	1104	8.6	8	8.69	10	8.7	1317	0	8.7	8.47	0	50	682420	
JVC	2.86	2.5	2.68	2.84	4000	2.85	9485	2.86	139862	0.18	6.72	2.86	42	646751	0	0	0	0	0	0	2.86	2.86	2.68	0	495727	342445	
KBC	14.8	12.9	13.85	13.95	9691	14	16171	14.05	1304	0.2	1.44	14.05	18735	392088	14.1	12428	14.15	12609	14.2	19289	14.05	14.2	13.7	20927	14684	12791492	
KDC	31.85	27.75	29.8	31.75	41	31.8	1231	31.85	1234	2.05	6.88	31.85	9214	45596	0	0	0	0	0	0	31.85	31.85	29.8	1253	1403	20961560	
KDH	23.25	20.25	21.75	21.85	552	21.9	1566	21.95	1079	0.25	1.15	22	2829	63698	22	1674	22.05	2481	22.1	2252	22	22.05	21.75	28694	780	2770663	
KHP	8.88	7.72	8.3	8.21	1	8.22	10	8.23	5	-0.01	-0.12	8.29	8	50	8.3	1688	8.5	5	8.79	5	0	8.29	8.29	0	0	1168443	
KMR	2.31	2.01	2.16	2.16	1471	2.17	440	2.18	1	0.03	1.39	2.19	1001	9878	2.19	186	2.2	641	2.21	238	2.19	2.21	2.15	0	0	2119687	
KOS	30.6	26.6	28.6	28.7	1046	28.8	3066	28.9	2028	0.4	1.4	29	7488	38134	29	492	29.1	37	29.2	511	29	29.2	28.7	706	0	5045828	
KPF	19.8	17.3	18.55	0	0	0	0	0	0	0.15	0.81	18.7	1	118	18.7	117	18.8	100	18.95	2	18.7	18.7	17.3	0	0	882579	
KSB	24.2	21.1	22.65	24.1	163	24.15	3213	24.2	19299	1.55	6.84	24.2	1131	154332	0	0	0	0	0	0	24.2	24.2	22.45	12056	8007	2080951	
L10	14.65	12.75	13.7	0	0	13.5	10	13.6	9	-0.1	-0.73	13.6	1	1	0	0	0	0	0	0	13.6	13.6	13.6	0	0	475275	
LAF	9.73	8.47	9.1	0	0	0	0	0	0	-0.63	-6.92	8.47	21	123	9.09	5	9.1	20	9.49	5	0	8.5	8.47	0	0	687619	
LBM	29.6	25.8	27.7	26.15	24	26.2	90	26.25	7	0	0	27.7	2	23	27.7	27	28.5	100	28.55	20	27.7	28.55	27.7	1	0	433826	
LCG	7.49	6.51	7	6.89	700	6.9	800	6.95	210	-0.03	-0.43	6.97	3782	47623	6.97	1653	6.98	725	6.99	3896	6.97	7.05	6.85	190	0	1881343	
LCM	0.66	0.58	0.62	0.61	1050	0.62	101	0.63	800	0.03	4.84	0.65	200	1071	0.65	702	0.66	2023	0	0	0.65	0.65	0.65	0	0	995529	
LDG	6.08	5.3	5.69	5.8	8245	5.81	4749	5.82	1705	0.15	2.64	5.84	13716	391954	5.84	2434	5.85	7945	5.86	942	5.84	5.95	5.61	7700	1444	11463759	
LEC	16.05	13.95	15	0	0	14.8	5	14.9	15	0.5	3.33	15.5	10	17	15.5	16	15.85	160	15.9	50	15.5	15.5	14.9	0	0	1278863	
LGC	47.6	41.4	44.5	0	0	0	0	0	0	-0.1	-0.22	44.4	205	208	44.4	257	44.5	359	46	11	0	44.4	41.4	0	200	768186	
LGL	5.06	4.4	4.73	4.69	50	4.72	230	4.77	1	0.06	1.27	4.79	400	12223	4.79	16	4.82	100	4.84	50	4.79	4.79	4.46	0	0	2261195	
LHG	19	16.6	17.8	18.05	2040	18.1	709	18.15	214	0.35	1.97	18.15	706	34081	18.2	2581	18.25	8191	18.3	2161	18.15	18.2	17.7	2290	8	2106240	
LIX	57.3	49.85	53.6	53.5	360	53.6	39	53.7	371	0.2	0.37	53.8	229	2529	53.8	51	53.9	210	54	123	53.8	54.3	53.6	50	51	1246669	
LM8	16.25	14.15	15.2	15.4	4	15.5	200	16.25	5	1.05	6.91	16.25	5	1749	0	0	0	0	0	0	16.25	16.25	15.2	0	0	443472	
LMH	0.75	0.67	0.71	0.73	204	0.74	2331	0.75	34090	0.04	5.63	0.75	483	421361	0	0	0	0	0	0	0.75	0.75	0.67	0	0	2562923	
LSS	5.02	4.38	4.7	4.64	3	4.65	49	4.69	100	0	0	4.7	5	1461	4.7	930	4.71	1	4.72	1	4.7	4.7	4.61	0	0	3317491	
MBB	18.5	16.1	17.3	17.1	35923	17.15	47466	17.2	8602	-0.1	-0.58	17.2	41534	437027	17.3	28551	17.35	7797	17.4	19575	17.2	17.3	17.15	5000	5000	0	
MCG	1.77	1.55	1.66	0	0	1.55	504	1.56	599	-0.1	-6.02	1.56	50	102	1.65	10	1.66	50	1.67	90	1.56	1.56	1.55	0	0	2546182	
MCP	14.4	12.6	14.3	0	0	0	0	12.65	5	0	0	0	0	0	0	0	0	0	0	0	0	0	0	0	0	735596	
MDG	11.75	10.25	11	0	0	10.5	52	11	49	0	0	11	1	3	11.65	223	11.7	63	11.75	451	0	11.65	10.5	0	0	533562	
MHC	3.31	2.89	3.1	2.99	501	3	500	3.01	50	-0.09	-2.9	3.01	704	15085	3.1	936	3.11	30	3.19	5	3.01	3.1	2.9	0	0	1947119	
MSH	39.15	34.05	36.6	36.05	82	36.1	99	36.3	78	-0.3	-0.82	36.3	48	8376	36.4	182	36.5	50	36.55	369	36.3	36.9	35.7	30	37	2237645	
MSN	67.1	58.5	62.8	62.5	1673	62.6	22	62.7	351	-0.1	-0.16	62.7	10107	69810	62.8	2284	62.9	2549	63	6367	62.7	62.9	62.2	22285	32031	11272428	
MWG	90.6	78.8	84.7	84.4	5147	84.5	3563	84.6	213	-0.1	-0.12	84.6	7453	84950	84.7	1326	84.8	314	84.9	252	84.6	85	84.1	0	0	0	
NAF	26.6	23.2	24.9	24.1	10	24.2	10	24.3	11	0	0	24.9	330	2600	24.9	590	25	1875	25.1	54	24.9	24.9	24	0	0	4117225	
NAV	17.95	15.65	16.8	0	0	16.8	100	16.9	9	0	0	16.8	1	11	0	0	0	0	0	0	16.8	16.8	16.8	0	0	381738	
NBB	20.5	17.9	19.2	18.5	621	19	1153	19.05	61	-0.15	-0.78	19.05	24	1554	19.2	267	19.3	10	19.4	71	19.05	19.5	19	0	0	3105656	
NCT	66.1	57.5	61.8	61.2	16	61.3	10	61.5	12	-0.2	-0.32	61.6	20	410	61.6	26	61.7	86	61.8	237	0	61.8	61.2	20	0	1001465	
NHH	52.2	45.4	48.8	47	15	47.5	10	48	10	-0.4	-0.82	48.4	500	27010	48.35	93	48.4	99	48.5	299	0	48.8	48.35	0	0	1675883	
NKG	8.24	7.18	7.71	7.66	5289	7.67	14362	7.68	4532	-0.03	-0.39	7.68	13480	270417	7.7	929	7.71	8626	7.72	5632	7.68	7.8	7.68	3839	56563	14304348	
NLG	24.95	21.75	23.35	23	5378	23.1	150	23.2	826	-0.15	-0.64	23.2	8941	95558	23.3	1583	23.35	1202	23.4	196	23.2	23.35	22.95	2315	26000	387385	
NNC	48.75	42.45	45.6	45.25	15	45.6	57	45.7	261	0.1	0.22	45.7	2	453	46.8	100	46.9	30	47	11	45.7	46.9	45.7	0	0	685647	
NSC	68.1	59.3	63.7	63.2	21	63.5	11	64	2	0.8	1.26	64.5	3	137	64.5	117	64.6	6	64.7	100	64.5	64.5	63.2	51	0	681278	
NT2	22.6	19.7	21.15	20.9	2053	20.95	1610	21	760	-0.05	-0.24	21.1	123	32012	21.1	2665	21.15	694	21.2	662	21.1	21.15	20.9	10	2520	8964224	
NTL	18.9	16.5	17.7	17.85	1770	17.9	4265	17.95	1050	0.3	1.69	18	1506	58047	18	31	18.05	237	18.1	874	18	18.2	17.8	1909	57	2832768	
NVL	58.1	50.5	54.3	53.4	6145	53.5	5814	53.6	1771	-0.6	-1.1	53.7	9390	89922	53.7	1082	53.8	1000	53.9	1271	53.7	54.9	53.3	3190	6305	31417850	
NVT	5.36	4.66	5.01	0	0	4.82	50	4.86	100	-0.01	-0.2	5	60	701	5	288	5.08	95	5.09	4	5	5.1	4.9	0	0	7325534	
OGC	3.71	3.23	3.47	3.69	1422	3.7	12156	3.71	17184	0.24	6.92	3.71	4085	661141	0	0	0	0	0	0	3.71	3.71	3.56	2799	0	14613026	
OPC	59.9	52.1	56	55	50	56	32	56.1	6	0.1	0.18	56.1	1	2	58	12	58.5	150	59	430	0	56.1	56.1	0	0	1166801	
PAC	24.1	21	22.55	22.35	60	22.4	200	22.45	50	0.05	0.22	22.6	92	3909	22.6	446	22.7	345	22.75	101	22.6	22.6	22.3	1	45	1311020	
PAN	23.9	20.8	22.35	21.3	60	21.35	48	22	238	-0.35	-1.57	22	762	2465	22.1	5	22.2	60	22.25	346	22	22.35	21.35	0	1000	1036287	
PC1	18.4	16	17.2	17.2	1211	17.25	5002	17.3	1526	0.1	0.58	17.3	2000	77413	17.35	2700	17.4	1000	17.45	2505	17.3	17.7	17.15	220	163636	4621939	
PDN	73.2	63.8	68.5	64	100	64.1	5	64.2	1	-0.5	-0.73	68	1	3	68	49	68.4	50	68.5	68	0	68	64.1	0	0	902301	
PDR	27.8	24.2	26	27.25	2	27.35	550	27.4	1000	1.5	5.77	27.5	866	152845	27.5	768	27.6	150	27.65	60	27.5	27.75	26	2753	0	15032342	
PET	9.05	7.87	8.46	8.27	53	8.28	55	8.3	468	-0.16	-1.89	8.3	1200	26264	8.4	849	8.45	468	8.46	1415	8.3	8.48	8.22	1292	49	2800053	
PGC	15.8	13.8	14.8	14.6	59	14.65	39	14.7	115	0	0	14.8	100	6750	14.8	242	14.85	20	14.9	1098	14.8	14.8	14.65	0	2348	2501443	
PGD	32.6	28.4	30.5	29.3	200	29.4	182	29.5	69	-1	-3.28	29.5	1	1676	30	1510	31	160	31.2	35	0	30	29.5	0	1616	179205	
PGI	17.1	14.9	16	15.35	2	15.5	1	16	549	0	0	16	1	309	16.5	99	16.6	306	16.65	3	16	16.7	16	0	0	2514753	
PHC	10.3	8.99	9.66	9.58	890	9.65	19	9.66	20	0.01	0.1	9.67	41	443	9.67	65	9.68	43	9.69	20	9.67	9.68	9.6	0	0	1258456	
PHR	53.5	46.5	50	50.7	25	50.8	2323	50.9	2525	0.9	1.8	50.9	6245	119414	51	9894	51.1	1565	51.2	1350	50.9	51	49.6	406	2417	5317693	
PIT	4.28	3.72	4	3.8	90	3.9	320	3.95	447	-0.05	-1.25	3.95	8	235	4	1	4.2	200	4.28	447	0	4	3.95	0	0	733742	
PJT	11.15	9.72	10.45	10	10	10.45	105	10.5	100	0.45	4.31	10.9	49	51	10.9	4	11	85	11.15	102	0	10.9	10.9	0	0	712936	
PLP	9.08	7.9	8.49	8.1	100	8.15	50	8.2	379	-0.07	-0.82	8.42	1	161	8.42	99	8.43	24	8.49	116	8.42	8.49	8.2	0	0	977831	
PLX	50	43.55	46.8	46	9622	46.05	2341	46.1	2769	-0.65	-1.39	46.15	7000	80601	46.15	764	46.2	2074	46.25	1202	46.15	46.85	46.05	4911	16529	8644498	
PME	63.1	54.9	59	58	705	58.1	1005	58.5	942	0	0	59	100	379	59	20	59.1	74	59.2	120	59	59	58.5	0	0	2843860	
PMG	13.05	11.35	12.2	12	2007	12.05	8	12.1	7	0	0	12.2	5	79	12.2	14	12.25	28	12.3	80	12.2	12.25	12.2	0	0	2018910	
PNC	10.25	8.93	9.6	0	0	0	0	8.93	10	0.2	2.08	9.8	1	1	9.8	9	10.1	6	10.2	30	9.8	9.8	9.8	0	0	532156	
PNJ	67	58.4	62.7	62.9	700	63	2158	63.1	36	0.4	0.64	63.1	6257	76403	63.7	911	63.8	2432	63.9	1003	63.1	64	62.1	20000	20000	0	
POM	6.54	5.7	6.12	6.5	1029	6.52	500	6.54	13997	0.42	6.86	6.54	1	1347	0	0	0	0	0	0	6.54	6.54	6.54	0	0	11501847	
POW	11.1	9.68	10.4	10.1	20395	10.15	20810	10.2	30887	-0.15	-1.44	10.25	49694	326621	10.25	5379	10.3	1052	10.35	15563	10.25	10.4	10.25	27046	23270	88043049	
PPC	26.05	22.65	24.35	24	4682	24.05	1630	24.1	2063	-0.25	-1.03	24.1	2149	18233	24.25	4	24.3	755	24.35	593	24.1	24.35	24.05	1252	10210	10619270	
PTB	50.2	43.75	47	46.4	323	46.45	35	46.5	199	-0.5	-1.06	46.5	325	7206	46.6	47	46.65	238	46.7	50	46.5	47	46.35	0	277	1481200	
PTC	9.09	7.91	8.5	8.5	700	8.51	707	8.52	100	0.01	0.12	8.51	10	795	8.8	49	8.9	212	9	100	0	8.8	8.45	0	0	876766	
PTL	3.58	3.12	3.35	0	0	0	0	3.12	213	0.03	0.9	3.38	1	615	3.38	49	3.39	45	3.4	235	3.38	3.38	3.12	0	0	4874916	
PVD	11.4	9.96	10.7	10.5	49476	10.55	29399	10.6	16374	-0.1	-0.93	10.6	37160	466380	10.65	1000	10.7	15809	10.75	9736	10.6	10.8	10.55	782	32091	15378467	
PVT	11.7	10.2	10.95	10.75	7662	10.8	4304	10.85	1841	-0.1	-0.91	10.85	5068	147256	10.9	1685	10.95	5437	11	10742	10.85	10.95	10.75	30624	5797	6778259	
PXI	2.63	2.29	2.46	2.4	120	2.41	40	2.46	45	0	0	2.46	200	282	2.59	42	2.6	20	2.61	2	2.46	2.6	2.46	0	0	1457811	
PXS	4.61	4.01	4.31	4.21	316	4.22	1029	4.24	290	-0.06	-1.39	4.25	1	3669	4.25	32	4.29	50	4.3	1131	4.25	4.31	4.2	0	0	2291217	
PXT	1.24	1.08	1.16	1.1	11	1.15	70	1.16	634	0.01	0.86	1.17	400	848	1.17	1873	1.18	1903	1.19	3	0	1.17	1.16	0	0	960326	
QBS	2.47	2.15	2.31	2.31	630	2.46	100	2.47	31489	0.16	6.93	2.47	1	2688	0	0	0	0	0	0	0	2.47	2.47	0	0	0	
QCG	8.16	7.1	7.63	7.52	60	7.53	50	7.54	325	-0.09	-1.18	7.54	512	31143	7.58	2000	7.6	1	7.63	40	7.54	7.74	7.43	1297	500	13323420	
RAL	87	75.8	81.4	78.8	1	78.9	35	79	114	-1.4	-1.72	80	13	1282	80.8	60	80.9	97	81	61	80	81.8	79	560	0	545802	
RDP	8.8	7.66	8.23	7.66	100	8.6	200	8.8	792	0.57	6.93	8.8	60	1822	0	0	0	0	0	0	0	8.8	8.8	0	0	1812091	
REE	33.65	29.25	31.45	31.15	776	31.2	5240	31.25	28	-0.2	-0.64	31.25	4024	47783	31.4	422	31.45	2351	31.5	786	31.25	31.45	31.15	0	0	0	
RIC	4.34	3.78	4.06	3.79	55	3.8	15	3.81	4	0.04	0.99	4.1	1	11	4.32	47	4.33	45	4.34	7	0	4.1	4.1	0	0	473285	
ROS	3.64	3.18	3.41	3.48	109440	3.49	156385	3.5	138195	0.09	2.64	3.5	186348	1022812	3.51	22745	3.52	42994	3.53	21559	3.5	3.52	3.4	20840	98864	26378982	
S4A	28.45	24.75	26.6	26.3	30	26.4	3	26.5	30	0.8	3.01	27.4	100	100	27.4	8	27.85	171	28.45	790	27.4	27.4	27.4	0	0	2066289	
SAB	187.4	163	175.2	175.5	3	176.2	305	176.4	112	1.2	0.68	176.4	830	6138	177	1399	177.1	112	177.2	14	176.4	177	174	3605	692	23505395	
SAM	9.92	8.64	9.28	9.2	3301	9.25	1634	9.28	1550	0.01	0.11	9.29	3003	7898	9.29	322	9.3	2652	9.34	699	9.29	9.35	9.2	600	841	12171777	
SAV	9.63	8.37	9	8.45	10	8.51	9	8.52	50	0.39	4.33	9.39	1	150	9.4	838	9.42	840	9.46	547	9.39	9.39	8.4	0	0	0	
SBA	15.3	13.3	14.3	14.2	5	14.3	54	14.35	100	0.1	0.7	14.4	20	54	14.45	315	14.5	20	14.7	12	14.4	14.45	14.3	0	0	2961980	
SBT	15.9	13.9	14.9	14.75	7658	14.8	2275	14.85	356	0	0	14.9	6587	215204	14.9	5425	14.95	3167	15	12544	14.9	14.9	14.7	5167	7530	55220085	
SBV	11.75	10.25	11	0	0	0	0	10.25	50	0.4	3.64	11.4	50	2113	11.4	530	11.45	510	11.5	2037	11.4	11.4	10.25	0	0	850157	
SC5	19.55	17.05	18.3	17.2	10	18.25	200	18.3	303	1.1	6.01	19.4	50	50	19.35	1	19.4	42	0	0	0	19.4	19.2	0	0	667201	
SCD	22.75	19.85	21.3	21.2	207	21.25	1	21.3	500	0.05	0.23	21.35	3	1063	21.35	47	21.5	430	21.85	60	21.35	21.35	21.2	0	450	346490	
SCR	5.16	4.5	4.83	4.83	4507	4.84	4636	4.85	8125	0.02	0.41	4.85	11120	159810	4.88	1000	4.9	6562	4.91	2838	4.85	4.94	4.79	0	825	17419655	
SCS	126.7	110.3	118.5	118.7	90	118.8	34	118.9	36	0.4	0.34	118.9	28	1850	119	347	119.3	380	119.4	105	118.9	119.3	118.7	743	0	1393348	
SFC	23.4	20.4	21.9	20.5	350	20.6	1	21.2	4	-0.4	-1.83	21.5	1	4	21.5	2	21.85	7	21.9	275	0	21.5	21.2	0	0	544500	
SFG	5.88	5.12	5.5	5.3	201	5.4	66	5.5	189	0.08	1.45	5.58	140	3149	5.58	920	5.6	479	5.7	1001	5.58	5.58	5.5	0	0	2256084	
SFI	21.15	18.45	19.8	18.75	2	18.8	3	19	3	0	0	19.8	2	2	19.65	4	19.7	5	19.8	105	19.8	19.8	19.8	2	0	564175	
SGN	74.9	65.1	70	70	320	70.4	54	70.5	8	0.5	0.71	70.5	11	1090	70.9	282	71	241	72	30	0	70.9	70	680	0	928594	
SGR	16.55	14.45	15.5	14.5	5	15	50	15.1	6	0	0	15.5	75	76	15.4	10	15.5	100	16.2	30	0	15.5	15.5	0	0	2231257	
SGT	4.6	4	4.3	4.02	20	4.11	20	4.15	2049	-0.15	-3.49	4.15	27	228	4.28	9	4.29	190	4.3	12	4.15	4.3	4.1	0	37	2599740	
SHA	4.35	3.79	4.07	3.91	6	3.92	1	3.95	6	-0.11	-2.7	3.96	11	959	3.96	59	3.97	216	4.02	30	3.96	4	3.96	0	0	1456632	
SHI	9.4	8.18	8.79	8.62	30	8.7	312	8.71	14	0.11	1.25	8.9	2000	54870	8.9	733	8.95	200	8.99	310	8.9	8.9	8.71	961	0	4198748	
SHP	26.75	23.25	25	23.25	500	23.3	300	23.7	7	-1.3	-5.2	23.7	1	401	25	2157	25.2	1	25.5	5	0	25	23.7	0	300	4123401	
SII	18.4	16	17.2	0	0	0	0	0	0	0	0	0	0	0	17.1	280	17.2	270	18.4	10	0	0	0	0	0	2750	
SJD	18.7	16.3	17.5	17.4	170	17.45	55	17.5	460	0.1	0.57	17.6	1	8169	17.6	464	17.7	1120	17.75	3460	17.6	17.75	17.5	0	2510	1566255	
SJF	2.04	1.78	1.91	1.89	560	1.9	242	1.91	1393	0.01	0.52	1.92	5607	49586	1.92	849	1.93	17055	1.94	260	1.92	1.92	1.86	0	0	3858613	
SJS	22.5	19.6	21.05	22.3	859	22.45	107	22.5	21819	1.45	6.89	22.5	434	46314	0	0	0	0	0	0	22.5	22.5	20.55	666	409	5376692	
SKG	10.9	9.49	10.2	10.15	500	10.2	46	10.25	131	0.05	0.49	10.25	1469	12500	10.3	1340	10.35	3367	10.4	5434	10.25	10.3	10.15	0	0	240164	
SMA	14.4	12.6	13.5	12.6	206	12.65	800	12.7	188	-0.9	-6.67	12.6	12	231	13.5	506	14.4	1	0	0	12.6	12.8	12.6	0	0	928092	
SMB	33.8	29.4	31.6	31.2	80	31.55	222	31.6	215	0	0	31.6	95	2846	31.8	680	32	493	32.4	2	0	32	31.6	2500	83	1072873	
SMC	11.75	10.25	11	10.6	500	10.65	500	10.7	196	0	0	11	6	17	11	674	11.1	235	11.2	52	11	11.1	10.7	0	0	969907	
SPM	11.3	9.86	10.6	9.86	131	9.9	50	9.96	20	0	0	0	0	0	10.5	100	10.6	1	10.9	10	0	0	0	0	0	642995	
SRC	17.5	15.3	16.4	16	695	16.05	60	16.1	500	0	0	16.4	31	395	16.4	189	16.5	255	16.6	200	16.4	16.4	16.1	0	0	1372379	
SRF	13.65	11.95	12.8	12.5	22	12.7	2	12.8	58	0.6	4.69	13.4	3	60	13.4	50	13.45	44	13.5	65	13.4	13.6	12.8	0	0	71003	
SSC	60.8	53	56.9	0	0	0	0	53	7	-1	-1.76	55.9	1	18	56	12	56.5	10	60.4	1	55.9	55.9	53	0	0	718873	
SSI	15.85	13.85	14.85	14.7	8588	14.75	15254	14.8	8580	-0.05	-0.34	14.8	15241	357378	14.85	673	14.9	21496	14.95	4937	14.8	14.9	14.65	7544	26279	29871283	
ST8	12.4	10.8	11.6	0	0	10.8	10	11	5	0	0	0	0	0	12.2	588	12.4	51	0	0	0	0	0	0	0	0	
STB	11	9.58	10.3	10.2	62938	10.25	55214	10.3	37210	0	0	10.3	49299	685649	10.35	1786	10.4	14511	10.45	49393	10.3	10.45	10.2	15995	15362	27429276	
STG	16.55	14.45	15.5	14.6	59	14.65	10	14.7	70	-0.5	-3.23	15	1	51	15	18	15.4	98	15.5	95	0	15.4	14.6	0	0	4806165	
STK	18.4	16	17.2	16.95	972	17	352	17.1	50	0	0	17.2	239	3478	17.2	482	17.25	763	17.3	2206	17.2	17.2	16.95	0	45	3164136	
SVC	75.4	65.6	70.5	65.7	2	70.3	10	71	99	0.5	0.71	71	15	490	75	72	75.2	59	75.4	20	71	73	71	0	250	1146299	
SVI	86.1	74.9	80.5	0	0	0	0	0	0	0	0	0	0	0	82.9	10	83	202	0	0	0	0	0	0	0	623482	
SVT	11.75	10.25	11	11.5	100	11.6	150	11.75	36	0.75	6.82	11.75	27	3124	0	0	0	0	0	0	11.75	11.75	11	0	0	515365	
SZC	21.9	19.1	20.5	20.9	2960	21	1660	21.15	598	0.7	3.41	21.2	5438	128251	21.2	289	21.25	520	21.3	13824	21.2	21.4	20.3	359	1032	4874347	
SZL	43.2	37.6	40.4	40.4	101	40.5	542	40.8	22	0.6	1.49	41	362	5847	41	348	41.1	636	41.2	70	41	41.1	39.85	0	118	817258	
TAC	40.3	35.1	37.7	36.5	1	37	201	37.1	20	-0.5	-1.33	37.2	129	3290	37.7	100	37.9	146	38	505	37.2	37.9	36	0	29	1617405	
TBC	25.65	22.35	24	23	79	23.3	80	23.5	50	-0.7	-2.92	23.3	600	600	23.95	1	24	36	25.65	1	0	23.5	23.3	0	0	3079105	
TCB	22.35	19.45	20.9	20.6	2759	20.65	2309	20.7	3161	-0.2	-0.96	20.7	16777	110117	20.75	1300	20.8	2970	20.85	3394	20.7	20.95	20.7	54679	54679	0	
TCD	9.7	8.44	9.07	8.45	76	8.46	5	8.5	6	-0.02	-0.22	9.05	32	920	8.76	4	9	2	9.04	2	9.05	9.18	8.45	0	0	1444541	
TCH	22.45	19.55	21	21	1361	21.05	1852	21.1	5950	0.2	0.95	21.2	8226	142033	21.2	204	21.25	1000	21.3	1067	21.2	21.3	20.2	886	4476	16200936	
TCL	27.15	23.65	25.4	24.75	780	24.8	30	24.9	238	-0.4	-1.57	25	10	13760	25	235	25.1	65	25.2	3	25	25.4	24.7	24	902	1059671	
TCM	18.85	16.45	17.65	17.35	852	17.4	4246	17.5	1889	-0.05	-0.28	17.6	7822	72355	17.6	2325	17.65	4009	17.7	2022	17.6	17.7	17.2	508	1007	26877	
TCO	10.15	8.84	9.5	0	0	0	0	0	0	0.6	6.32	10.1	3	13	10.1	2	10.15	1	0	0	0	10.1	10.1	0	0	873491	
TCR	2.71	2.37	2.54	0	0	2.37	130	2.45	5	-0.04	-1.57	2.5	92	429	2.6	94	2.71	1500	0	0	0	2.6	2.5	0	0	0	
TCT	34.2	29.8	32	31.3	1	31.5	4	31.6	201	-0.4	-1.25	31.6	330	2499	32.4	34	32.8	41	32.95	30	31.6	32.4	31.5	150	1214	369982	
TDC	8.63	7.51	8.07	8	3355	8.01	1815	8.06	100	-0.01	-0.12	8.06	100	3096	8.07	165	8.08	145	8.09	1151	8.06	8.07	8.01	0	0	4668697	
TDG	1.81	1.59	1.7	1.79	8000	1.8	5315	1.81	5941	0.11	6.47	1.81	120	76617	0	0	0	0	0	0	1.81	1.81	1.67	0	0	791710	
TDH	9.41	8.19	8.8	8.75	1731	8.76	100	8.77	55	-0.02	-0.23	8.78	1093	24255	8.78	829	8.79	1615	8.8	3743	8.78	8.79	8.61	0	951	1725399	
TDM	23.15	20.15	21.65	21.4	2379	21.45	400	21.5	427	-0.15	-0.69	21.5	180	10850	21.6	737	21.65	429	21.7	1060	21.5	21.6	21.3	275	0	3691194	
TDW	28.85	25.15	27	25.25	2	25.5	1	25.55	1	0	0	0	0	0	27.5	10	28.85	1	0	0	0	0	0	0	0	394394	
TEG	6.67	5.81	6.24	5.86	35	5.87	300	5.88	29	-0.09	-1.44	6.15	3150	20095	6.15	262	6.17	200	6.2	634	6.15	6.24	5.85	50	1002	1572485	
TGG	0.94	0.82	0.88	0.92	2049	0.93	30170	0.94	47365	0.06	6.82	0.94	254	60286	0	0	0	0	0	0	0.94	0.94	0.88	0	0	1251484	
THG	52.4	45.6	49	47.8	50	48	50	48.1	171	-0.9	-1.84	48.1	770	1012	49.4	106	49.5	65	49.6	6	48.1	49.8	48.1	0	0	640235	
THI	29.5	25.7	27.6	26.2	200	26.3	50	27.5	300	0	0	0	0	0	28.5	8	29.5	230	0	0	0	0	0	0	0	2388065	
TIP	22	19.2	20.6	20.85	2730	21	1764	21.05	360	0.5	2.43	21.1	2032	25703	21.1	459	21.2	533	21.3	310	21.1	21.5	20.45	0	0	1017341	
TIX	32.1	27.9	30	27.95	3	29	103	29.5	55	-0.5	-1.67	29.5	20	177	31.9	1	32	8	32.1	2	29.5	29.5	29	0	0	1467467	
TLD	6.42	5.58	6	5.95	30	5.99	9	6	176	0	0	6	2	12661	6.05	300	6.06	300	6.07	300	6	6.15	5.99	0	0	891197	
TLG	34.2	29.8	32	31.5	696	31.55	331	31.6	889	-0.35	-1.09	31.65	623	15365	31.65	507	31.7	7	31.8	372	31.65	32	31.55	393	4855	5908733	
TLH	3.56	3.1	3.33	3.27	779	3.28	98	3.3	200	0	0	3.33	1002	18694	3.33	90	3.34	1919	3.35	6	3.33	3.34	3.25	0	0	4905766	
TMP	37.45	32.55	35	34	205	35	729	35.05	9	2.3	6.57	37.3	1	21	36.5	10	37.3	241	37.45	69	0	37.3	35.55	0	0	3406667	
TMS	27.45	23.95	25.7	25	51	25.1	20	25.2	81	-0.2	-0.78	25.5	1	25	25.5	1	25.6	28	25.65	23	25.5	25.8	25.2	1	0	0	
TMT	5.35	4.65	5	5	10	5.1	200	5.35	2	0.35	7	5.35	1	321	0	0	0	0	0	0	5.35	5.35	5.3	0	0	1733900	
TN1	68.6	59.8	64.2	63.8	36	63.9	174	64	91	0	0	64.2	10	398	64.2	11	64.5	30	65	30	0	64.2	64.1	220	0	649241	
TNA	19.65	17.15	18.4	18.45	1250	18.5	3390	18.6	71	0.2	1.09	18.6	6570	30063	18.7	100	18.8	1280	18.9	691	18.6	18.7	17.9	0	835	1478078	
TNC	21.9	19.1	20.5	19.25	21	19.35	500	19.5	190	-0.4	-1.95	20.1	5	257	20.1	29	20.2	251	20.5	1250	20.1	20.7	19.15	0	0	898643	
TNI	12.4	10.8	11.6	12.2	677	12.3	1	12.4	1	0.6	5.17	12.2	500	302600	0	0	0	0	0	0	0	12.4	10.8	1640	1439	2516410	
TNT	1.62	1.42	1.52	1.6	48	1.61	758	1.62	8741	0.1	6.58	1.62	317	46974	0	0	0	0	0	0	1.62	1.62	1.5	0	0	1237141	
TPB	22.05	19.25	20.65	20.55	55	20.6	997	20.65	31	0	0	20.65	220	12332	20.7	502	20.8	104	20.95	10	20.65	20.8	20.5	1	0	0	
TPC	8.88	7.72	8.3	8.1	50	8.15	50	8.16	1	0.07	0.84	8.37	5	6	8.37	1	8.38	45	8.4	50	8.37	8.37	8.16	0	0	1156357	
TRA	62	54	58	57.3	20	57.5	2	58	23	0.8	1.38	58.8	5	122	58.4	1	58.5	50	58.8	35	0	58.8	58	50	0	207986	
TRC	30	26.1	28.05	28.1	50	28.3	18	28.4	6	-0.05	-0.18	28	24	27	29.4	20	29.5	112	29.9	247	28	28	28	0	24	1220700	
TS4	3.42	2.98	3.2	3.05	156	3.06	40	3.07	335	-0.13	-4.06	3.07	20	805	3.2	296	3.25	259	3.26	830	3.07	3.25	3.07	0	0	762159	
TSC	2.53	2.21	2.37	2.51	1200	2.52	1395	2.53	9228	0.16	6.75	2.53	4601	354321	0	0	0	0	0	0	2.53	2.53	2.34	0	59	7176660	
TTB	5.14	4.48	4.81	5.12	6653	5.13	196	5.14	49004	0.33	6.86	5.14	2	79307	0	0	0	0	0	0	5.14	5.14	5.09	0	0	2282089	
TTE	14.85	12.95	13.9	0	0	0	0	0	0	0	0	0	0	0	14.45	3	14.5	180	14.85	12	0	0	0	0	0	1452958	
TTF	2.91	2.53	2.72	2.89	4430	2.9	5320	2.91	48388	0.19	6.99	2.91	702	494140	0	0	0	0	0	0	2.91	2.91	2.71	0	0	15185019	
TV2	81.8	71.2	76.5	78.2	3	78.3	2	79	334	2.5	3.27	79	396	8878	79.1	166	79.2	50	79.5	570	79	79.1	76.5	0	202	15365	
TVB	12.15	10.65	11.4	11.2	777	11.3	209	11.35	217	-0.05	-0.44	11.35	8683	412014	11.4	700	11.45	100	11.5	940	11.35	12	10.65	3749	5165	2344516	
TVS	11.6	10.1	10.85	10.6	100	10.7	99	10.8	300	0.05	0.46	10.9	150	453	10.9	350	10.95	908	11	1560	10.9	10.95	10.7	0	0	2175153	
TVT	21.55	18.75	20.15	19.8	26	20	219	20.05	2	0.35	1.74	20.5	1	112	20.5	44	20.6	100	20.75	50	0	20.5	20	0	0	1026441	
TYA	13.65	11.95	12.8	12.6	5010	12.65	2790	12.7	4	0	0	12.8	1	2423	12.8	1554	12.85	261	12.9	300	0	12.8	12.7	300	2	400804	
UDC	3.07	2.67	2.87	2.75	500	2.76	698	2.77	66	0.02	0.7	2.89	80	738	2.89	580	2.93	364	2.95	100	0	2.89	2.76	0	0	1713749	
UIC	40.2	35	37.6	37.1	112	37.2	4	37.5	5	0	0	37.6	100	1556	37.6	2	37.8	601	37.9	65	37.6	38.5	37.2	876	0	231209	
VAF	7.3	6.36	6.83	6.36	20	6.85	2	6.88	40	0	0	0	0	0	7.3	1	0	0	0	0	0	0	0	0	0	1845588	
VCB	90.4	78.6	84.5	85	1008	85.1	620	85.2	2294	0.7	0.83	85.2	15630	116118	85.9	495	86	4600	86.1	703	85.2	86	84.5	90148	29078	23136718	
VCF	235.4	204.6	220	214.2	1	217	12	217.1	1	-3	-1.36	217	17	20	219.9	1	220	23	222.9	10	0	220	217	0	0	1287817	
VCI	24.95	21.75	23.35	22.7	3249	22.75	2550	22.8	2580	-0.55	-2.36	22.8	24153	125651	23	210	23.1	520	23.2	500	22.8	23.4	22.65	3524	55170	11611382	
VDP	39.35	34.25	36.8	34.25	40	34.3	1	34.35	2	2.05	5.57	38.85	4	20	38.85	188	38.9	100	39.3	10	38.85	38.85	34.4	0	0	622113	
VDS	6.63	5.77	6.2	5.84	204	5.85	20	5.86	5	-0.2	-3.23	6	100	170	6	169	6.18	1	6.2	157	6	6	5.84	0	0	4865369	
VFG	41.5	36.1	38.8	0	0	0	0	37.5	100	0.2	0.52	39	50	50	39	15	39.1	4	39.2	8	39	39	39	0	46	1484343	
VGC	20.25	17.65	18.95	18.7	1142	18.75	4	18.8	157	-0.15	-0.79	18.8	5047	62116	18.95	338	19	2102	19.05	2500	18.8	19.15	18.7	143	11144	17533020	
VHC	36.25	31.55	33.9	33.5	2624	33.55	1122	33.6	793	-0.3	-0.88	33.6	4189	38057	33.95	205	34	412	34.1	3272	33.6	34	33.5	1455	5325	12394366	
VHM	80.2	69.8	75	76.4	824	76.5	13158	76.6	6384	1.6	2.13	76.6	46886	394212	76.7	1	76.8	1172	76.9	2161	76.6	77.1	75.5	99020	97361	117845438	
VIC	103.7	90.3	97	96.8	75	96.9	5119	97	2135	0	0	97	28635	49350	97.1	532	97.2	799	97.3	639	97	97.5	96.6	7997	25860	76748485	
VID	5.13	4.47	4.8	5	1010	5.1	1000	5.13	4191	0.33	6.88	5.13	5	1704	0	0	0	0	0	0	0	5.13	5.13	0	0	1354422	
VIP	5.4	4.7	5.05	5	395	5.01	450	5.05	452	0	0	5.05	55	5357	5.09	947	5.1	635	5.15	204	5.05	5.1	5	2000	857	2933978	
VIS	21.9	19.1	20.5	0	0	0	0	19.1	4	0	0	0	0	0	20.7	1	21	35	21.5	36	0	0	0	0	0	1910919	
VJC	121.2	105.4	113.3	112.7	306	112.8	508	112.9	552	-0.3	-0.26	113	13305	44984	113	2686	113.1	2	113.3	1281	113	113.3	112.9	5709	17275	6225793	
VMD	21.9	19.1	20.5	19.5	10	20	10	20.3	12	0	0	20.5	5	7	20.45	15	20.75	2	20.8	10	20.5	20.65	20.5	2	2	729243	
VND	13.6	11.9	12.75	12.6	2329	12.65	2591	12.7	7008	0	0	12.75	3900	69828	12.75	635	12.8	1357	12.85	409	12.75	12.85	12.45	23775	4100	2880513	
VNE	5.03	4.39	4.71	4.84	520	4.85	163	4.86	28	0.19	4.03	4.9	70	9655	4.9	49	4.92	165	4.93	50	4.9	5.02	4.8	0	10	3929186	
VNG	14.4	12.6	13.5	13.35	165	13.4	459	13.45	300	0	0	13.5	280	17550	13.5	633	13.55	658	13.6	1359	13.5	13.6	13.35	7	938	4754438	
VNL	15.15	13.25	14.2	13.8	150	13.9	50	14.6	15	0.4	2.82	14.6	4	317	14.8	3	15	5	15.15	3	0	14.6	14.6	262	0	357640	
VNM	122.8	106.8	114.8	114.8	1914	114.9	443	115	13485	0.2	0.17	115	21218	120368	115.1	1084	115.2	1150	115.3	108	115	115.2	113.5	126569	106293	71724905	
VNS	10.7	9.3	10	9.92	320	9.93	388	9.94	2	0.1	1	10.1	21	1752	10.1	7	10.15	12	10.2	12	10.1	10.3	9.91	0	0	1947011	
VOS	1.49	1.31	1.4	1.38	4453	1.39	250	1.4	1877	0.04	2.86	1.44	40	34985	1.44	2043	1.45	3268	1.46	2503	1.44	1.45	1.38	0	0	6609756	
VPB	24.7	21.5	23.1	23.25	8178	23.3	15563	23.35	2747	0.25	1.08	23.35	24936	369645	23.4	405	23.45	1010	23.5	5510	23.35	23.4	22.95	3516	0	0	
VPD	15.4	13.4	14.4	14.5	100	14.6	100	14.9	200	0.5	3.47	14.9	100	200	15	291	15.2	218	15.4	2320	14.9	14.9	14.8	0	0	5218547	
VPG	21.05	18.35	19.7	19.4	5	19.5	5	19.6	5	0	0	19.7	565	941	19.7	298	19.8	85	19.9	50	19.7	19.7	19.6	0	2	1294558	
VPH	4.55	3.97	4.26	4.16	300	4.17	360	4.18	631	-0.08	-1.88	4.18	300	4895	4.28	20	4.3	305	4.32	2100	4.18	4.4	4.16	0	0	3417746	
VPI	45	39.2	42.1	42.3	296	42.4	159	42.5	114	0.45	1.07	42.55	300	48378	42.55	61	42.6	493	42.65	572	42.55	42.6	42.1	0	10000	7189532	
VPS	11.15	9.72	10.45	0	0	0	0	9.73	173	-0.72	-6.89	9.73	13	18	10.25	90	10.3	4	10.45	20	0	9.73	9.73	0	0	1181843	
VRC	6.67	5.81	6.24	6.24	252	6.25	1610	6.3	2559	0.12	1.92	6.36	1599	12099	6.36	137	6.37	1011	6.38	160	6.36	6.39	6.24	0	0	2390057	
VRE	28.75	25.05	26.9	27.4	13213	27.45	717	27.5	3795	0.6	2.23	27.5	169774	782257	27.8	5	27.9	210	27.95	8500	27.5	28.2	26.55	346716	284731	42014097	
VSC	30.1	26.2	28.15	28.3	415	28.35	863	28.4	569	0.35	1.24	28.5	1300	13281	28.5	212	28.6	30	28.7	458	28.5	28.9	27.9	11464	736	851323	
VSH	18.85	16.45	17.65	17.5	110	17.65	220	17.7	780	0.05	0.28	17.7	818	1518	17.8	35	18.1	192	18.2	10	17.7	18.1	17.7	220	1326	7530778	
VSI	25.55	22.25	23.9	0	0	22.25	13	22.3	2	-0.05	-0.21	23.85	10	205	23.85	921	23.9	55	24	43	23.85	24	23.85	0	0	639871	
VTB	11.25	9.82	10.55	10.3	50	10.5	35	10.65	133	0.1	0.95	10.65	24	391	10.9	101	10.95	5	11	62	10.65	11	10.2	13	0	495515	
VTO	8.23	7.17	7.7	7.67	200	7.68	9	7.7	160	0	0	7.7	77	2988	7.75	2	7.77	105	7.78	102	7.7	7.8	7.65	0	50	3717737	
YBM	4.69	4.09	4.39	4.6	18	4.65	5	4.69	4652	0.3	6.83	4.69	200	2848	0	0	0	0	0	0	0	4.69	4.69	0	0	688731	
YEG	62.2	54.2	58.2	57.6	111	58	59	58.1	4	0	0	58.2	119	1778	58.2	262	58.5	372	58.6	285	58.2	58.6	57.3	718	220	2166838	
