VNALL
775.46
3.37	0.43
772.05	-0.01	14650	0.59	
777.22	0.66	233375850	3452.84	
777.12	0.65	250056020	3835.46	
APC	19.25	16.75	18	17.55	300	17.6	363	17.65	20	-0.05	-0.28	17.95	20	185	17.9	487	17.95	542	18	455	17.95	18	17.6	0	0	652998	
TGG	0.94	0.82	0.88	0.92	2049	0.93	30170	0.94	47365	0.06	6.82	0.94	254	60286	0	0	0	0	0	0	0.94	0.94	0.88	0	0	1251484	
TPB	22.05	19.25	20.65	20.55	55	20.6	997	20.65	31	0	0	20.65	220	12332	20.7	502	20.8	104	20.95	10	20.65	20.8	20.5	1	0	0	
RAL	87	75.8	81.4	78.8	1	78.9	35	79	114	-1.4	-1.72	80	13	1282	80.8	60	80.9	97	81	61	80	81.8	79	560	0	545802	
CTG	24.1	21	22.55	22.4	14540	22.45	13671	22.5	20284	-0.05	-0.22	22.5	49461	356163	22.6	820	22.65	6972	22.7	9084	22.5	22.7	22.45	51951	4888	1237138	
BFC	14.15	12.35	13.25	13.1	1991	13.15	1581	13.2	518	-0.05	-0.38	13.2	628	38458	13.25	1215	13.3	567	13.35	3160	13.2	13.45	13	191	0	2587714	
DCM	9.1	7.92	8.51	8.47	1630	8.48	21634	8.49	862	-0.02	-0.24	8.49	6914	81576	8.53	500	8.55	796	8.56	12077	8.49	8.58	8.46	2015	271	24925764	
HVH	8.72	7.58	8.15	7.92	42	7.93	372	7.95	1116	-0.01	-0.12	8.14	2725	20266	8.14	882	8.15	771	8.16	184	8.14	8.16	7.91	0	409	961894	
D2D	62.1	54.1	58.1	59.1	230	59.2	578	59.3	300	1.3	2.24	59.4	1227	24464	59.4	1264	59.5	321	59.6	391	59.4	59.7	58.1	773	785	897533	
TCH	22.45	19.55	21	21	1361	21.05	1852	21.1	5950	0.2	0.95	21.2	8226	142033	21.2	204	21.25	1000	21.3	1067	21.2	21.3	20.2	886	4476	16200936	
VPG	21.05	18.35	19.7	19.4	5	19.5	5	19.6	5	0	0	19.7	565	941	19.7	298	19.8	85	19.9	50	19.7	19.7	19.6	0	2	1294558	
VNG	14.4	12.6	13.5	13.35	165	13.4	459	13.45	300	0	0	13.5	280	17550	13.5	633	13.55	658	13.6	1359	13.5	13.6	13.35	7	938	4754438	
CNG	23	20	21.5	21.4	6	21.45	50	21.5	200	0.4	1.86	21.9	500	6045	21.9	188	22	245	22.1	63	0	22	21	0	0	757255	
HHS	4.22	3.68	3.95	4.06	30	4.07	686	4.08	3345	0.13	3.29	4.08	10165	187089	4.09	1940	4.1	4155	4.11	2352	4.08	4.13	3.88	8182	0	12578102	
HAP	3.37	2.93	3.15	3.12	536	3.13	304	3.14	200	0	0	3.15	40	1082	3.15	1516	3.16	703	3.2	110	3.15	3.15	3.12	0	0	2327244	
VCI	24.95	21.75	23.35	22.7	3249	22.75	2550	22.8	2580	-0.55	-2.36	22.8	24153	125651	23	210	23.1	520	23.2	500	22.8	23.4	22.65	3524	55170	11611382	
SJS	22.5	19.6	21.05	22.3	859	22.45	107	22.5	21819	1.45	6.89	22.5	434	46314	0	0	0	0	0	0	22.5	22.5	20.55	666	409	5376692	
HT1	15.3	13.3	14.3	14.65	300	14.7	1151	14.75	1395	0.45	3.15	14.75	1923	30776	14.8	1669	14.9	1001	14.95	5	14.75	14.8	14.05	0	0	16250446	
SCD	22.75	19.85	21.3	21.2	207	21.25	1	21.3	500	0.05	0.23	21.35	3	1063	21.35	47	21.5	430	21.85	60	21.35	21.35	21.2	0	450	346490	
DIG	12.9	11.3	12.1	11.95	2001	12	6279	12.05	138	0	0	12.1	16300	60598	12.1	219	12.15	4199	12.2	3050	12.1	12.15	11.9	1102	0	4596979	
NNC	48.75	42.45	45.6	45.25	15	45.6	57	45.7	261	0.1	0.22	45.7	2	453	46.8	100	46.9	30	47	11	45.7	46.9	45.7	0	0	685647	
ILB	18.15	15.85	17	16.5	569	16.8	200	16.9	207	0	0	17	2	1079	17	200	17.2	270	17.4	200	0	17	16.9	0	0	0	
TDC	8.63	7.51	8.07	8	3355	8.01	1815	8.06	100	-0.01	-0.12	8.06	100	3096	8.07	165	8.08	145	8.09	1151	8.06	8.07	8.01	0	0	4668697	
PHC	10.3	8.99	9.66	9.58	890	9.65	19	9.66	20	0.01	0.1	9.67	41	443	9.67	65	9.68	43	9.69	20	9.67	9.68	9.6	0	0	1258456	
PPC	26.05	22.65	24.35	24	4682	24.05	1630	24.1	2063	-0.25	-1.03	24.1	2149	18233	24.25	4	24.3	755	24.35	593	24.1	24.35	24.05	1252	10210	10619270	
TIP	22	19.2	20.6	20.85	2730	21	1764	21.05	360	0.5	2.43	21.1	2032	25703	21.1	459	21.2	533	21.3	310	21.1	21.5	20.45	0	0	1017341	
LCG	7.49	6.51	7	6.89	700	6.9	800	6.95	210	-0.03	-0.43	6.97	3782	47623	6.97	1653	6.98	725	6.99	3896	6.97	7.05	6.85	190	0	1881343	
STK	18.4	16	17.2	16.95	972	17	352	17.1	50	0	0	17.2	239	3478	17.2	482	17.25	763	17.3	2206	17.2	17.2	16.95	0	45	3164136	
AST	57.7	50.3	54	53.9	275	54	543	54.1	27	0.1	0.19	54.1	100	3870	54.5	189	54.6	113	54.7	761	54.1	54.9	53.8	166	13	261734	
MWG	90.6	78.8	84.7	84.4	5147	84.5	3563	84.6	213	-0.1	-0.12	84.6	7453	84950	84.7	1326	84.8	314	84.9	252	84.6	85	84.1	0	0	0	
ITA	3.64	3.18	3.41	3.62	34940	3.63	27969	3.64	544133	0.23	6.74	3.64	1471	1260336	0	0	0	0	0	0	3.64	3.64	3.45	1504	7915	39472744	
YEG	62.2	54.2	58.2	57.6	111	58	59	58.1	4	0	0	58.2	119	1778	58.2	262	58.5	372	58.6	285	58.2	58.6	57.3	718	220	2166838	
NTL	18.9	16.5	17.7	17.85	1770	17.9	4265	17.95	1050	0.3	1.69	18	1506	58047	18	31	18.05	237	18.1	874	18	18.2	17.8	1909	57	2832768	
FTM	1.5	1.32	1.41	1.44	102	1.45	3723	1.46	294	0.05	3.55	1.46	526	21246	1.47	550	1.48	3375	1.49	2990	1.46	1.49	1.37	0	0	2435620	
FPT	51.3	44.65	48	47.85	1034	47.9	2447	47.95	165	-0.05	-0.1	47.95	9030	134617	48	211	48.05	227	48.1	2199	47.95	48.1	47.5	2189	2189	0	
VSC	30.1	26.2	28.15	28.3	415	28.35	863	28.4	569	0.35	1.24	28.5	1300	13281	28.5	212	28.6	30	28.7	458	28.5	28.9	27.9	11464	736	851323	
NT2	22.6	19.7	21.15	20.9	2053	20.95	1610	21	760	-0.05	-0.24	21.1	123	32012	21.1	2665	21.15	694	21.2	662	21.1	21.15	20.9	10	2520	8964224	
SBT	15.9	13.9	14.9	14.75	7658	14.8	2275	14.85	356	0	0	14.9	6587	215204	14.9	5425	14.95	3167	15	12544	14.9	14.9	14.7	5167	7530	55220085	
BMC	13.15	11.45	12.3	11.9	730	11.95	454	12	579	0	0	12.3	113	981	12.3	828	12.4	710	12.55	70	12.3	12.3	11.8	28	522	325245	
BMP	51.1	44.5	47.8	47.5	6821	47.55	90	47.7	66	-0.1	-0.21	47.7	298	12186	47.75	50	47.85	13	47.9	624	47.7	48.15	47.1	839	1003	1631053	
TTB	5.14	4.48	4.81	5.12	6653	5.13	196	5.14	49004	0.33	6.86	5.14	2	79307	0	0	0	0	0	0	5.14	5.14	5.09	0	0	2282089	
PTB	50.2	43.75	47	46.4	323	46.45	35	46.5	199	-0.5	-1.06	46.5	325	7206	46.6	47	46.65	238	46.7	50	46.5	47	46.35	0	277	1481200	
HPX	28.7	25	26.85	26.5	5	26.55	1	26.6	5	-0.05	-0.19	26.8	100	13604	26.8	54	26.85	941	26.9	36	26.8	26.9	26.6	0	50	8086708	
DRH	7.22	6.28	6.75	7.2	4147	7.21	7398	7.22	453	0.47	6.96	7.22	13325	253969	0	0	0	0	0	0	7.22	7.22	6.51	8211	0	2864483	
CRC	12.3	10.7	11.5	11.2	72	11.3	36	11.4	11	-0.05	-0.43	11.45	21	3630	11.45	365	11.5	243	11.6	210	11.45	11.5	10.85	0	0	734797	
FMC	28.85	25.15	27	26.45	140	26.5	133	26.55	15	-0.3	-1.11	26.7	910	7560	26.7	680	26.8	550	26.9	57	26.7	26.8	26.45	51	2638	1983986	
ELC	5.64	4.92	5.28	5.21	1524	5.22	140	5.23	219	0	0	5.28	1	2274	5.28	928	5.29	109	5.3	233	5.28	5.28	5.2	0	348	1462214	
PLP	9.08	7.9	8.49	8.1	100	8.15	50	8.2	379	-0.07	-0.82	8.42	1	161	8.42	99	8.43	24	8.49	116	8.42	8.49	8.2	0	0	977831	
TV2	81.8	71.2	76.5	78.2	3	78.3	2	79	334	2.5	3.27	79	396	8878	79.1	166	79.2	50	79.5	570	79	79.1	76.5	0	202	15365	
TNA	19.65	17.15	18.4	18.45	1250	18.5	3390	18.6	71	0.2	1.09	18.6	6570	30063	18.7	100	18.8	1280	18.9	691	18.6	18.7	17.9	0	835	1478078	
SRC	17.5	15.3	16.4	16	695	16.05	60	16.1	500	0	0	16.4	31	395	16.4	189	16.5	255	16.6	200	16.4	16.4	16.1	0	0	1372379	
BCG	6.63	5.77	6.2	6.15	2061	6.2	682	6.21	1000	0.2	3.23	6.4	14210	74968	6.4	1081	6.45	52	6.5	7714	6.4	6.4	6.05	1234	290	1658642	
ACL	26.5	23.1	24.8	24.45	270	24.5	67	24.6	32	-0.2	-0.81	24.6	300	5547	24.8	579	24.85	30	24.9	125	24.6	25.3	24.5	800	0	844617	
KDC	31.85	27.75	29.8	31.75	41	31.8	1231	31.85	1234	2.05	6.88	31.85	9214	45596	0	0	0	0	0	0	31.85	31.85	29.8	1253	1403	20961560	
PDR	27.8	24.2	26	27.25	2	27.35	550	27.4	1000	1.5	5.77	27.5	866	152845	27.5	768	27.6	150	27.65	60	27.5	27.75	26	2753	0	15032342	
CVT	19	16.6	17.8	17.75	2100	17.8	1874	17.85	1244	0.05	0.28	17.85	958	13559	17.9	1176	17.95	1125	18	3151	17.85	17.9	17.65	295	0	3270378	
VRC	6.67	5.81	6.24	6.24	252	6.25	1610	6.3	2559	0.12	1.92	6.36	1599	12099	6.36	137	6.37	1011	6.38	160	6.36	6.39	6.24	0	0	2390057	
KBC	14.8	12.9	13.85	13.95	9691	14	16171	14.05	1304	0.2	1.44	14.05	18735	392088	14.1	12428	14.15	12609	14.2	19289	14.05	14.2	13.7	20927	14684	12791492	
CSV	23.8	20.7	22.25	22.35	851	22.4	1050	22.45	200	0.25	1.12	22.5	950	26435	22.5	1867	22.55	915	22.6	2077	22.5	22.7	22.2	734	0	1820298	
SGN	74.9	65.1	70	70	320	70.4	54	70.5	8	0.5	0.71	70.5	11	1090	70.9	282	71	241	72	30	0	70.9	70	680	0	928594	
SHI	9.4	8.18	8.79	8.62	30	8.7	312	8.71	14	0.11	1.25	8.9	2000	54870	8.9	733	8.95	200	8.99	310	8.9	8.9	8.71	961	0	4198748	
C47	12.75	11.15	11.95	11.25	220	11.3	204	11.35	139	-0.6	-5.02	11.35	1	216	12	35	12.1	5	12.25	1	11.35	12	11.35	0	0	829800	
PAC	24.1	21	22.55	22.35	60	22.4	200	22.45	50	0.05	0.22	22.6	92	3909	22.6	446	22.7	345	22.75	101	22.6	22.6	22.3	1	45	1311020	
ASM	5.78	5.04	5.41	5.35	3433	5.36	5760	5.37	684	-0.04	-0.74	5.37	3417	246541	5.38	500	5.39	2570	5.4	855	5.37	5.4	5.29	6868	0	12322374	
VJC	121.2	105.4	113.3	112.7	306	112.8	508	112.9	552	-0.3	-0.26	113	13305	44984	113	2686	113.1	2	113.3	1281	113	113.3	112.9	5709	17275	6225793	
TDG	1.81	1.59	1.7	1.79	8000	1.8	5315	1.81	5941	0.11	6.47	1.81	120	76617	0	0	0	0	0	0	1.81	1.81	1.67	0	0	791710	
HSG	10.85	9.44	10.15	9.95	4482	9.96	10489	9.97	10771	-0.18	-1.77	9.97	81914	1750697	9.99	1770	10	9801	10.05	2117	9.97	10.2	9.72	32891	576949	14572387	
TCL	27.15	23.65	25.4	24.75	780	24.8	30	24.9	238	-0.4	-1.57	25	10	13760	25	235	25.1	65	25.2	3	25	25.4	24.7	24	902	1059671	
BTP	16.15	14.05	15.1	14.75	760	14.8	753	14.85	148	-0.25	-1.66	14.85	688	2916	14.9	231	14.95	300	15.05	600	14.85	15.1	14.75	242	0	2401911	
ASP	5.77	5.03	5.4	5.32	200	5.35	648	5.36	169	0	0	5.4	1	1098	5.4	94	5.43	965	5.45	191	5.4	5.45	5.22	6	0	0	
DSN	50.9	44.3	47.6	47.2	27	47.25	15	47.3	107	-0.3	-0.63	47.3	30	819	47.4	33	47.5	190	47.6	20	47.3	47.6	47.25	0	0	372097	
VHM	80.2	69.8	75	76.4	824	76.5	13158	76.6	6384	1.6	2.13	76.6	46886	394212	76.7	1	76.8	1172	76.9	2161	76.6	77.1	75.5	99020	97361	117845438	
JVC	2.86	2.5	2.68	2.84	4000	2.85	9485	2.86	139862	0.18	6.72	2.86	42	646751	0	0	0	0	0	0	2.86	2.86	2.68	0	495727	342445	
LIX	57.3	49.85	53.6	53.5	360	53.6	39	53.7	371	0.2	0.37	53.8	229	2529	53.8	51	53.9	210	54	123	53.8	54.3	53.6	50	51	1246669	
EVE	10.8	9.4	10.1	10.1	310	10.2	289	10.25	79	0.15	1.49	10.25	1	3542	10.3	113	10.35	10	10.4	300	10.25	10.6	9.72	3122	0	1473143	
IDI	4.47	3.89	4.18	4.14	1077	4.15	3563	4.16	948	-0.02	-0.48	4.16	1610	99381	4.17	603	4.18	3201	4.19	50	4.16	4.18	4.11	4693	0	10966163	
BCE	8.28	7.2	7.74	7.62	306	7.63	101	7.64	100	0	0	7.74	150	7046	7.74	138	7.75	49	7.77	40	7.74	7.75	7.61	0	69	1358916	
VGC	20.25	17.65	18.95	18.7	1142	18.75	4	18.8	157	-0.15	-0.79	18.8	5047	62116	18.95	338	19	2102	19.05	2500	18.8	19.15	18.7	143	11144	17533020	
HAR	3.24	2.82	3.03	3.05	505	3.06	300	3.07	150	0.04	1.32	3.07	2900	54116	3.09	2	3.1	4204	3.11	3500	3.07	3.1	2.99	0	0	4951232	
TCM	18.85	16.45	17.65	17.35	852	17.4	4246	17.5	1889	-0.05	-0.28	17.6	7822	72355	17.6	2325	17.65	4009	17.7	2022	17.6	17.7	17.2	508	1007	26877	
DPR	40.75	35.45	38.1	38.2	99	38.5	800	39	6	0.9	2.36	39	57	3743	39.15	182	39.2	105	39.25	100	39	39	38.1	0	503	1498702	
NLG	24.95	21.75	23.35	23	5378	23.1	150	23.2	826	-0.15	-0.64	23.2	8941	95558	23.3	1583	23.35	1202	23.4	196	23.2	23.35	22.95	2315	26000	387385	
BID	43.5	37.9	40.7	40	13963	40.05	1288	40.1	1131	-0.6	-1.47	40.1	17859	166973	40.3	968	40.4	3750	40.5	2137	40.1	40.5	39.8	15471	25197	49438210	
TS4	3.42	2.98	3.2	3.05	156	3.06	40	3.07	335	-0.13	-4.06	3.07	20	805	3.2	296	3.25	259	3.26	830	3.07	3.25	3.07	0	0	762159	
NVL	58.1	50.5	54.3	53.4	6145	53.5	5814	53.6	1771	-0.6	-1.1	53.7	9390	89922	53.7	1082	53.8	1000	53.9	1271	53.7	54.9	53.3	3190	6305	31417850	
NCT	66.1	57.5	61.8	61.2	16	61.3	10	61.5	12	-0.2	-0.32	61.6	20	410	61.6	26	61.7	86	61.8	237	0	61.8	61.2	20	0	1001465	
TSC	2.53	2.21	2.37	2.51	1200	2.52	1395	2.53	9228	0.16	6.75	2.53	4601	354321	0	0	0	0	0	0	2.53	2.53	2.34	0	59	7176660	
BVH	53.9	46.9	50.4	49.8	1792	49.85	1358	49.9	5218	-0.45	-0.89	49.95	4473	86584	49.95	386	50	200	50.2	464	49.95	50.4	49.7	4020	16318	15294609	
GEX	18.45	16.05	17.25	17.35	11076	17.4	9464	17.45	6276	0.2	1.16	17.45	9384	241612	17.5	9635	17.55	1185	17.6	1179	17.45	17.45	17.05	6202	4973	16547658	
VPH	4.55	3.97	4.26	4.16	300	4.17	360	4.18	631	-0.08	-1.88	4.18	300	4895	4.28	20	4.3	305	4.32	2100	4.18	4.4	4.16	0	0	3417746	
DBD	53.5	46.5	50	49.6	321	49.65	500	49.7	3	-0.3	-0.6	49.7	200	1100	50.4	4	50.5	204	51	372	49.7	50	49.6	0	7	5235679	
ANV	19.9	17.3	18.6	18.05	545	18.1	1931	18.15	1710	-0.45	-2.42	18.15	2188	16769	18.2	1	18.25	1280	18.3	246	18.15	18.5	18.15	197	736	6092480	
AAA	13.4	11.7	12.55	12.35	10105	12.4	17596	12.45	5387	-0.1	-0.8	12.45	14394	240703	12.5	6335	12.55	7556	12.6	8298	12.45	12.6	12.4	5452	157	6201666	
DCL	21.65	18.85	20.25	20.15	376	20.2	190	20.25	439	0.15	0.74	20.4	252	3712	20.4	828	20.45	424	20.5	1069	20.4	20.5	20.15	25	0	1680211	
DQC	19.2	16.7	17.95	17.55	108	17.6	183	17.65	68	-0.3	-1.67	17.65	95	762	17.9	50	17.95	99	18	491	17.65	18	17.3	40	35	1591780	
DIC	1.87	1.63	1.75	1.85	3049	1.86	4087	1.87	1635	0.12	6.86	1.87	192	84121	0	0	0	0	0	0	1.87	1.87	1.72	500	0	1287012	
HAI	3.21	2.79	3	3.04	20681	3.05	15977	3.06	11139	0.06	2	3.06	10900	277677	3.07	300	3.08	1719	3.09	8261	3.06	3.15	2.99	7149	3980	8614532	
VIC	103.7	90.3	97	96.8	75	96.9	5119	97	2135	0	0	97	28635	49350	97.1	532	97.2	799	97.3	639	97	97.5	96.6	7997	25860	76748485	
LMH	0.75	0.67	0.71	0.73	204	0.74	2331	0.75	34090	0.04	5.63	0.75	483	421361	0	0	0	0	0	0	0.75	0.75	0.67	0	0	2562923	
AGR	3.53	3.07	3.3	3.32	550	3.34	20	3.38	565	0.1	3.03	3.4	2609	33885	3.4	6930	3.42	3498	3.44	936	3.4	3.4	3.2	140	0	9962394	
HDG	29.6	25.8	27.7	28.35	197	28.4	1698	28.45	11	0.8	2.89	28.5	7104	58020	28.5	811	28.55	473	28.6	1121	28.5	28.5	27.6	350	4038	3916861	
KDH	23.25	20.25	21.75	21.85	552	21.9	1566	21.95	1079	0.25	1.15	22	2829	63698	22	1674	22.05	2481	22.1	2252	22	22.05	21.75	28694	780	2770663	
TEG	6.67	5.81	6.24	5.86	35	5.87	300	5.88	29	-0.09	-1.44	6.15	3150	20095	6.15	262	6.17	200	6.2	634	6.15	6.24	5.85	50	1002	1572485	
HII	14.35	12.55	13.45	13.35	300	13.4	10	13.5	34	0.25	1.86	13.7	20	17630	13.7	33	13.75	190	13.8	143	13.7	14	13	876	0	1352314	
HSL	5.73	4.99	5.36	5.27	249	5.28	446	5.29	106	-0.07	-1.31	5.29	263	9923	5.3	972	5.36	300	5.37	80	5.29	5.42	5.25	500	0	1360151	
TLD	6.42	5.58	6	5.95	30	5.99	9	6	176	0	0	6	2	12661	6.05	300	6.06	300	6.07	300	6	6.15	5.99	0	0	891197	
CEE	16.05	13.95	15	0	0	0	0	14.15	2	0	0	15	1	23	15	1	15.45	170	15.6	6	15	15	14	0	0	2021552	
BWE	23.5	20.5	22	21.9	3585	21.95	2040	22	897	0.1	0.45	22.1	10	12120	22.1	304	22.15	1100	22.2	947	22.1	22.1	21.9	333	0	5952042	
PHR	53.5	46.5	50	50.7	25	50.8	2323	50.9	2525	0.9	1.8	50.9	6245	119414	51	9894	51.1	1565	51.2	1350	50.9	51	49.6	406	2417	5317693	
SJF	2.04	1.78	1.91	1.89	560	1.9	242	1.91	1393	0.01	0.52	1.92	5607	49586	1.92	849	1.93	17055	1.94	260	1.92	1.92	1.86	0	0	3858613	
LGL	5.06	4.4	4.73	4.69	50	4.72	230	4.77	1	0.06	1.27	4.79	400	12223	4.79	16	4.82	100	4.84	50	4.79	4.79	4.46	0	0	2261195	
SRF	13.65	11.95	12.8	12.5	22	12.7	2	12.8	58	0.6	4.69	13.4	3	60	13.4	50	13.45	44	13.5	65	13.4	13.6	12.8	0	0	71003	
APG	9.41	8.19	8.8	8.87	5	8.9	99	8.91	126	0.1	1.14	8.9	300	74934	8.95	155	8.99	200	9	848	0	8.9	8.8	3220	0	3165522	
GMC	20.7	18	19.35	18.7	56	18.8	246	18.9	4	-0.05	-0.26	19.3	107	424	19.3	357	19.35	89	19.4	100	19.3	19.35	18.7	0	0	1034755	
ITD	9.09	7.91	8.5	8.48	1	8.49	1	8.5	500	0.1	1.18	8.6	2	1104	8.6	8	8.69	10	8.7	1317	0	8.7	8.47	0	50	682420	
VCB	90.4	78.6	84.5	85	1008	85.1	620	85.2	2294	0.7	0.83	85.2	15630	116118	85.9	495	86	4600	86.1	703	85.2	86	84.5	90148	29078	23136718	
GAS	79	68.8	73.9	74.1	622	74.2	1517	74.3	2800	0.5	0.68	74.4	2594	37261	74.4	450	74.5	2724	74.6	2353	74.4	74.5	73.7	10294	2202	87473891	
THG	52.4	45.6	49	47.8	50	48	50	48.1	171	-0.9	-1.84	48.1	770	1012	49.4	106	49.5	65	49.6	6	48.1	49.8	48.1	0	0	640235	
KPF	19.8	17.3	18.55	0	0	0	0	0	0	0.15	0.81	18.7	1	118	18.7	117	18.8	100	18.95	2	18.7	18.7	17.3	0	0	882579	
DRC	21.25	18.55	19.9	19.6	1419	19.65	1515	19.7	2533	-0.15	-0.75	19.75	1303	74208	19.75	602	19.8	1941	19.85	563	19.75	19.85	19.55	0	3855	3373624	
HTI	13.45	11.75	12.6	12	286	12.05	500	12.1	203	0	0	0	0	0	12.5	105	12.6	371	12.7	100	0	0	0	0	0	791429	
ROS	3.64	3.18	3.41	3.48	109440	3.49	156385	3.5	138195	0.09	2.64	3.5	186348	1022812	3.51	22745	3.52	42994	3.53	21559	3.5	3.52	3.4	20840	98864	26378982	
PLX	50	43.55	46.8	46	9622	46.05	2341	46.1	2769	-0.65	-1.39	46.15	7000	80601	46.15	764	46.2	2074	46.25	1202	46.15	46.85	46.05	4911	16529	8644498	
VHC	36.25	31.55	33.9	33.5	2624	33.55	1122	33.6	793	-0.3	-0.88	33.6	4189	38057	33.95	205	34	412	34.1	3272	33.6	34	33.5	1455	5325	12394366	
GDT	32.1	27.9	30	29.75	150	29.8	170	30	12	0.1	0.33	30.1	54	2700	30.1	106	30.15	180	30.2	600	30.1	30.1	29.7	0	280	486101	
LSS	5.02	4.38	4.7	4.64	3	4.65	49	4.69	100	0	0	4.7	5	1461	4.7	930	4.71	1	4.72	1	4.7	4.7	4.61	0	0	3317491	
C32	27.15	23.65	25.4	25.2	483	25.3	500	25.35	28	0.05	0.2	25.45	100	2884	25.45	1188	25.5	1555	25.6	210	25.45	25.45	25.2	0	408	346283	
DAG	5.75	5.01	5.38	5.32	85	5.33	20	5.34	120	-0.02	-0.37	5.36	796	15466	5.36	84	5.37	1072	5.38	1550	5.36	5.39	5.29	0	0	2102397	
FCN	9.89	8.61	9.25	9.16	1361	9.17	3200	9.18	1109	-0.07	-0.76	9.18	5090	48861	9.2	540	9.23	3543	9.25	3271	9.18	9.31	9.15	1245	55	2925932	
DVP	37.45	32.55	35	34.6	76	34.65	40	34.7	141	-0.3	-0.86	34.7	99	922	34.95	1	35	550	35.1	20	34.7	35	34.7	2	0	1407744	
POW	11.1	9.68	10.4	10.1	20395	10.15	20810	10.2	30887	-0.15	-1.44	10.25	49694	326621	10.25	5379	10.3	1052	10.35	15563	10.25	10.4	10.25	27046	23270	88043049	
SZC	21.9	19.1	20.5	20.9	2960	21	1660	21.15	598	0.7	3.41	21.2	5438	128251	21.2	289	21.25	520	21.3	13824	21.2	21.4	20.3	359	1032	4874347	
HTN	20.65	17.95	19.3	18.85	180	18.9	100	19	300	-0.2	-1.04	19.1	101	7514	19.1	34	19.2	200	19.25	132	19.1	19.5	18.75	0	205	1428262	
VND	13.6	11.9	12.75	12.6	2329	12.65	2591	12.7	7008	0	0	12.75	3900	69828	12.75	635	12.8	1357	12.85	409	12.75	12.85	12.45	23775	4100	2880513	
BSI	8.69	7.57	8.13	8.01	50	8.02	3	8.03	40	-0.1	-1.23	8.03	10	2255	8.3	100	8.38	18	8.39	20	8.03	8.49	8.02	0	1300	4950281	
DHM	7.75	6.75	7.25	6.95	50	7.25	150	7.3	20	0.5	6.9	7.75	471	71040	7.75	4023	0	0	0	0	7.75	7.75	6.76	90	0	1531248	
HCM	20.2	17.6	18.9	18.7	7495	18.75	5317	18.8	3070	-0.1	-0.53	18.8	10231	170865	18.85	706	18.9	798	18.95	2281	18.8	18.95	18.65	13799	40200	14210227	
TLH	3.56	3.1	3.33	3.27	779	3.28	98	3.3	200	0	0	3.33	1002	18694	3.33	90	3.34	1919	3.35	6	3.33	3.34	3.25	0	0	4905766	
TDH	9.41	8.19	8.8	8.75	1731	8.76	100	8.77	55	-0.02	-0.23	8.78	1093	24255	8.78	829	8.79	1615	8.8	3743	8.78	8.79	8.61	0	951	1725399	
BMI	23.2	20.2	21.7	21.6	749	21.65	500	21.7	1624	0.05	0.23	21.75	21	19617	21.75	234	21.8	886	21.85	776	21.75	21.85	21.3	9750	4000	1198501	
ITC	13.85	12.05	12.95	0	0	12.05	21	12.1	5	0	0	12.95	200	205	12.95	59	13	304	13.05	307	12.95	12.95	12.05	0	0	3518730	
UIC	40.2	35	37.6	37.1	112	37.2	4	37.5	5	0	0	37.6	100	1556	37.6	2	37.8	601	37.9	65	37.6	38.5	37.2	876	0	231209	
CCL	7.97	6.93	7.45	7.38	47	7.39	2377	7.4	1840	-0.05	-0.67	7.4	2000	24019	7.44	466	7.45	650	7.46	412	7.4	7.5	7.38	0	0	2111836	
CMG	29.85	25.95	27.9	27.3	17	27.35	13	27.4	89	-0.05	-0.18	27.85	31	3372	27.85	5	27.9	10	27.95	212	27.85	28.3	27.4	1236	3	1167090	
DPM	15.9	13.9	14.9	14.7	13525	14.75	20308	14.8	17949	-0.1	-0.67	14.8	22285	192478	14.85	2080	14.9	4505	14.95	696	14.8	15.1	14.8	6008	40759	14343754	
HAX	12.4	10.8	11.6	11.35	800	11.4	661	11.45	51	-0.05	-0.43	11.55	451	10934	11.55	254	11.6	599	11.65	2359	11.55	11.65	11.3	0	0	1539607	
FLC	3.08	2.68	2.88	2.86	121260	2.87	31886	2.88	39152	0.01	0.35	2.89	22763	397115	2.89	49840	2.9	93605	2.91	18534	2.89	2.89	2.86	18622	3506	32901079	
TVT	21.55	18.75	20.15	19.8	26	20	219	20.05	2	0.35	1.74	20.5	1	112	20.5	44	20.6	100	20.75	50	0	20.5	20	0	0	1026441	
KMR	2.31	2.01	2.16	2.16	1471	2.17	440	2.18	1	0.03	1.39	2.19	1001	9878	2.19	186	2.2	641	2.21	238	2.19	2.21	2.15	0	0	2119687	
MSN	67.1	58.5	62.8	62.5	1673	62.6	22	62.7	351	-0.1	-0.16	62.7	10107	69810	62.8	2284	62.9	2549	63	6367	62.7	62.9	62.2	22285	32031	11272428	
TRC	30	26.1	28.05	28.1	50	28.3	18	28.4	6	-0.05	-0.18	28	24	27	29.4	20	29.5	112	29.9	247	28	28	28	0	24	1220700	
CSM	17.2	15	16.1	15.9	840	15.95	700	16	23	-0.1	-0.62	16	378	5916	16.15	119	16.2	380	16.25	220	16	16.2	15.85	0	0	4862228	
SAM	9.92	8.64	9.28	9.2	3301	9.25	1634	9.28	1550	0.01	0.11	9.29	3003	7898	9.29	322	9.3	2652	9.34	699	9.29	9.35	9.2	600	841	12171777	
IJC	13.15	11.45	12.3	11.9	1395	11.95	1814	12	1376	-0.3	-2.44	12	2601	18544	12.1	1942	12.15	2055	12.2	900	12	12.3	11.95	1	1788	6516534	
KSB	24.2	21.1	22.65	24.1	163	24.15	3213	24.2	19299	1.55	6.84	24.2	1131	154332	0	0	0	0	0	0	24.2	24.2	22.45	12056	8007	2080951	
NAF	26.6	23.2	24.9	24.1	10	24.2	10	24.3	11	0	0	24.9	330	2600	24.9	590	25	1875	25.1	54	24.9	24.9	24	0	0	4117225	
TNT	1.62	1.42	1.52	1.6	48	1.61	758	1.62	8741	0.1	6.58	1.62	317	46974	0	0	0	0	0	0	1.62	1.62	1.5	0	0	1237141	
CTD	82.1	71.5	76.8	75.6	33	75.7	49	76	337	-0.8	-1.04	76	1137	23850	76.3	263	76.4	100	76.5	20	76	76.8	75	811	537	188914	
HAG	4.56	3.98	4.27	4.54	1	4.55	3	4.56	156789	0.29	6.79	4.56	4071	818647	0	0	0	0	0	0	4.56	4.56	4.23	3015	2534	38040711	
SKG	10.9	9.49	10.2	10.15	500	10.2	46	10.25	131	0.05	0.49	10.25	1469	12500	10.3	1340	10.35	3367	10.4	5434	10.25	10.3	10.15	0	0	240164	
TVB	12.15	10.65	11.4	11.2	777	11.3	209	11.35	217	-0.05	-0.44	11.35	8683	412014	11.4	700	11.45	100	11.5	940	11.35	12	10.65	3749	5165	2344516	
LHG	19	16.6	17.8	18.05	2040	18.1	709	18.15	214	0.35	1.97	18.15	706	34081	18.2	2581	18.25	8191	18.3	2161	18.15	18.2	17.7	2290	8	2106240	
QBS	2.47	2.15	2.31	2.31	630	2.46	100	2.47	31489	0.16	6.93	2.47	1	2688	0	0	0	0	0	0	0	2.47	2.47	0	0	0	
CTI	20.2	17.6	18.9	18.55	350	18.6	938	18.7	100	-0.1	-0.53	18.8	1735	39450	18.75	246	18.8	809	18.85	2809	18.8	18.95	18.5	0	120034	2062958	
MSH	39.15	34.05	36.6	36.05	82	36.1	99	36.3	78	-0.3	-0.82	36.3	48	8376	36.4	182	36.5	50	36.55	369	36.3	36.9	35.7	30	37	2237645	
DXG	12.05	10.55	11.3	11.15	22668	11.2	9809	11.25	1349	0	0	11.3	10601	269162	11.3	20554	11.35	3784	11.4	15528	11.3	11.3	11.15	58268	5200	4609459	
SZL	43.2	37.6	40.4	40.4	101	40.5	542	40.8	22	0.6	1.49	41	362	5847	41	348	41.1	636	41.2	70	41	41.1	39.85	0	118	817258	
EVG	3.02	2.64	2.83	3	2538	3.01	8311	3.02	229967	0.19	6.71	3.02	1	207226	0	0	0	0	0	0	3.02	3.02	3.01	0	0	2856019	
FTS	12.05	10.55	11.3	11.15	1152	11.2	1540	11.3	2971	0	0	11.3	529	3936	11.35	300	11.4	80	11.45	565	11.3	11.3	11.15	400	0	9457899	
SSI	15.85	13.85	14.85	14.7	8588	14.75	15254	14.8	8580	-0.05	-0.34	14.8	15241	357378	14.85	673	14.9	21496	14.95	4937	14.8	14.9	14.65	7544	26279	29871283	
DHC	39.55	34.45	37	36.7	292	36.75	300	36.8	1270	-0.2	-0.54	36.8	106	6068	36.9	1020	36.95	110	37	3286	36.8	37.35	36.6	2820	0	683348	
HBC	9.69	8.43	9.06	8.85	5339	8.86	3570	8.87	8747	-0.19	-2.1	8.87	15485	386048	8.88	2212	8.9	796	8.91	4500	8.87	9.06	8.87	0	17544	6666394	
HDC	17.25	15.05	16.15	15.9	1124	15.95	1497	16	8592	-0.15	-0.93	16	4095	73501	16.05	639	16.1	34	16.15	2172	16	16.45	16	2821	10347	2459046	
AMD	3.32	2.9	3.11	3.11	11386	3.12	1947	3.13	1232	0.02	0.64	3.13	24292	235165	3.14	4907	3.15	16564	3.16	6815	3.13	3.18	3.05	3244	1000	7707697	
DGW	28.65	24.95	26.8	26.85	641	26.9	412	26.95	656	0.2	0.75	27	773	33097	27	641	27.05	290	27.1	943	27	27.1	26.7	1966	429	1045613	
VDS	6.63	5.77	6.2	5.84	204	5.85	20	5.86	5	-0.2	-3.23	6	100	170	6	169	6.18	1	6.2	157	6	6	5.84	0	0	4865369	
ADS	10.7	9.3	10	9.55	20	9.65	265	9.71	10	0	0	10	1	102	10	31	10.05	19	10.1	77	0	10	9.9	0	0	1248247	
GMD	20.95	18.25	19.6	19.45	680	19.5	508	19.55	1	0	0	19.6	2440	33087	19.6	2865	19.65	300	19.7	617	19.6	19.75	19.4	277	277	0	
SJD	18.7	16.3	17.5	17.4	170	17.45	55	17.5	460	0.1	0.57	17.6	1	8169	17.6	464	17.7	1120	17.75	3460	17.6	17.75	17.5	0	2510	1566255	
DHA	34.05	29.65	31.85	31.2	146	31.3	10	31.5	24	-0.2	-0.63	31.65	10	627	31.6	24	31.65	30	31.7	410	31.65	31.7	31	0	0	600570	
CMX	17.45	15.25	16.35	16.05	218	16.1	210	16.15	200	-0.15	-0.92	16.2	1462	59721	16.2	623	16.25	355	16.3	505	16.2	16.4	16	0	400	1159148	
SMB	33.8	29.4	31.6	31.2	80	31.55	222	31.6	215	0	0	31.6	95	2846	31.8	680	32	493	32.4	2	0	32	31.6	2500	83	1072873	
PAN	23.9	20.8	22.35	21.3	60	21.35	48	22	238	-0.35	-1.57	22	762	2465	22.1	5	22.2	60	22.25	346	22	22.35	21.35	0	1000	1036287	
HUB	18.15	15.85	17	16.1	9	16.9	200	17	40	0	0	17	100	260	17.15	1	17.2	151	17.5	3	0	17.1	17	0	0	747054	
VNE	5.03	4.39	4.71	4.84	520	4.85	163	4.86	28	0.19	4.03	4.9	70	9655	4.9	49	4.92	165	4.93	50	4.9	5.02	4.8	0	10	3929186	
FCM	6.76	5.88	6.32	6.59	698	6.69	438	6.7	682	0.38	6.01	6.7	48	20170	6.72	10	6.75	1090	6.76	3075	6.7	6.75	6.32	2280	153	1906940	
NBB	20.5	17.9	19.2	18.5	621	19	1153	19.05	61	-0.15	-0.78	19.05	24	1554	19.2	267	19.3	10	19.4	71	19.05	19.5	19	0	0	3105656	
YBM	4.69	4.09	4.39	4.6	18	4.65	5	4.69	4652	0.3	6.83	4.69	200	2848	0	0	0	0	0	0	0	4.69	4.69	0	0	688731	
PVD	11.4	9.96	10.7	10.5	49476	10.55	29399	10.6	16374	-0.1	-0.93	10.6	37160	466380	10.65	1000	10.7	15809	10.75	9736	10.6	10.8	10.55	782	32091	15378467	
REE	33.65	29.25	31.45	31.15	776	31.2	5240	31.25	28	-0.2	-0.64	31.25	4024	47783	31.4	422	31.45	2351	31.5	786	31.25	31.45	31.15	0	0	0	
CTF	22.7	19.8	21.25	20.4	55	20.45	8	20.5	15	0	0	21.25	2	15132	21.25	330	21.3	2	21.4	20	21.25	21.25	20.5	47	0	2231278	
SFG	5.88	5.12	5.5	5.3	201	5.4	66	5.5	189	0.08	1.45	5.58	140	3149	5.58	920	5.6	479	5.7	1001	5.58	5.58	5.5	0	0	2256084	
CTS	6.9	6	6.45	6.26	340	6.3	362	6.31	30	0.03	0.47	6.48	1780	22680	6.48	228	6.49	871	6.5	5039	6.48	6.49	6.2	2500	9900	4055322	
FIR	32.4	28.2	30.3	29.95	820	30	167	30.1	588	-0.2	-0.66	30.1	591	9768	30.2	104	30.3	267	30.4	310	30.1	30.4	30	205	0	1005500	
HAH	12.7	11.1	11.9	11.8	1	11.85	1	11.9	812	0.05	0.42	11.95	11	8352	11.95	1489	12	1772	12.05	40	11.95	12	11.6	0	0	1368693	
PGC	15.8	13.8	14.8	14.6	59	14.65	39	14.7	115	0	0	14.8	100	6750	14.8	242	14.85	20	14.9	1098	14.8	14.8	14.65	0	2348	2501443	
DPG	25.55	22.25	23.9	23.85	1687	23.9	543	23.95	101	0.1	0.42	24	1779	21053	24	55	24.1	500	24.15	202	24	24.35	23.8	21	0	2187057	
EIB	18.05	15.75	16.9	17.2	204	17.25	993	17.3	1899	0.4	2.37	17.3	2002	36245	17.4	70	17.5	279	17.55	370	17.3	17.6	17	3	1422	12899	
TDM	23.15	20.15	21.65	21.4	2379	21.45	400	21.5	427	-0.15	-0.69	21.5	180	10850	21.6	737	21.65	429	21.7	1060	21.5	21.6	21.3	275	0	3691194	
NKG	8.24	7.18	7.71	7.66	5289	7.67	14362	7.68	4532	-0.03	-0.39	7.68	13480	270417	7.7	929	7.71	8626	7.72	5632	7.68	7.8	7.68	3839	56563	14304348	
CRE	17.4	15.2	16.3	16	12288	16.05	981	16.1	3126	-0.2	-1.23	16.1	14195	134541	16.15	2921	16.2	3745	16.25	3493	16.1	16.5	16.05	3953	123100	2063224	
IBC	25.1	21.9	23.5	23.15	24	23.2	113	23.25	112	-0.2	-0.85	23.3	3	10915	23.3	67	23.5	100	23.65	185	23.3	23.5	23.15	0	128390	1975984	
TNI	12.4	10.8	11.6	12.2	677	12.3	1	12.4	1	0.6	5.17	12.2	500	302600	0	0	0	0	0	0	0	12.4	10.8	1640	1439	2516410	
PNJ	67	58.4	62.7	62.9	700	63	2158	63.1	36	0.4	0.64	63.1	6257	76403	63.7	911	63.8	2432	63.9	1003	63.1	64	62.1	20000	20000	0	
SCS	126.7	110.3	118.5	118.7	90	118.8	34	118.9	36	0.4	0.34	118.9	28	1850	119	347	119.3	380	119.4	105	118.9	119.3	118.7	743	0	1393348	
HMC	15.05	13.15	14.1	14.1	60	14.15	5	14.2	49	0.1	0.71	14.2	6	71	14.6	8	14.75	9	14.8	500	14.2	14.75	14.05	0	0	1003126	
HQC	1.15	1.01	1.08	1.08	73690	1.09	24881	1.1	76216	0.03	2.78	1.11	28592	605791	1.11	58064	1.12	123005	1.13	51120	1.11	1.12	1.07	1861	4500	21532470	
VOS	1.49	1.31	1.4	1.38	4453	1.39	250	1.4	1877	0.04	2.86	1.44	40	34985	1.44	2043	1.45	3268	1.46	2503	1.44	1.45	1.38	0	0	6609756	
LDG	6.08	5.3	5.69	5.8	8245	5.81	4749	5.82	1705	0.15	2.64	5.84	13716	391954	5.84	2434	5.85	7945	5.86	942	5.84	5.95	5.61	7700	1444	11463759	
VPI	45	39.2	42.1	42.3	296	42.4	159	42.5	114	0.45	1.07	42.55	300	48378	42.55	61	42.6	493	42.65	572	42.55	42.6	42.1	0	10000	7189532	
TYA	13.65	11.95	12.8	12.6	5010	12.65	2790	12.7	4	0	0	12.8	1	2423	12.8	1554	12.85	261	12.9	300	0	12.8	12.7	300	2	400804	
FRT	26.6	23.2	24.9	26.05	38	26.1	1504	26.15	616	1.3	5.22	26.2	2422	116994	26.2	3295	26.25	218	26.3	587	26.2	26.6	24.4	1937	589	1042314	
SCR	5.16	4.5	4.83	4.83	4507	4.84	4636	4.85	8125	0.02	0.41	4.85	11120	159810	4.88	1000	4.9	6562	4.91	2838	4.85	4.94	4.79	0	825	17419655	
PET	9.05	7.87	8.46	8.27	53	8.28	55	8.3	468	-0.16	-1.89	8.3	1200	26264	8.4	849	8.45	468	8.46	1415	8.3	8.48	8.22	1292	49	2800053	
DLG	1.53	1.33	1.43	1.47	1066	1.48	59816	1.49	11526	0.06	4.2	1.49	15700	941128	1.5	14954	1.51	29411	1.52	69626	1.49	1.53	1.42	10593	12661	13833220	
PMG	13.05	11.35	12.2	12	2007	12.05	8	12.1	7	0	0	12.2	5	79	12.2	14	12.25	28	12.3	80	12.2	12.25	12.2	0	0	2018910	
PC1	18.4	16	17.2	17.2	1211	17.25	5002	17.3	1526	0.1	0.58	17.3	2000	77413	17.35	2700	17.4	1000	17.45	2505	17.3	17.7	17.15	220	163636	4621939	
SAB	187.4	163	175.2	175.5	3	176.2	305	176.4	112	1.2	0.68	176.4	830	6138	177	1399	177.1	112	177.2	14	176.4	177	174	3605	692	23505395	
VRE	28.75	25.05	26.9	27.4	13213	27.45	717	27.5	3795	0.6	2.23	27.5	169774	782257	27.8	5	27.9	210	27.95	8500	27.5	28.2	26.55	346716	284731	42014097	
PVT	11.7	10.2	10.95	10.75	7662	10.8	4304	10.85	1841	-0.1	-0.91	10.85	5068	147256	10.9	1685	10.95	5437	11	10742	10.85	10.95	10.75	30624	5797	6778259	
HDB	25.35	22.05	23.7	24	52	24.05	100	24.1	2000	0.5	2.11	24.2	24343	93790	24.2	194	24.3	4446	24.35	50	24.2	24.2	23.25	28740	23730	8685636	
VNM	122.8	106.8	114.8	114.8	1914	114.9	443	115	13485	0.2	0.17	115	21218	120368	115.1	1084	115.2	1150	115.3	108	115	115.2	113.5	126569	106293	71724905	
CII	21.2	18.5	19.85	19.2	4973	19.25	8137	19.3	1223	-0.55	-2.77	19.3	9616	164517	19.35	567	19.4	1402	19.45	1118	19.3	19.9	19.2	124	76893	7329526	
FIT	6.51	5.67	6.09	6.21	258	6.23	150	6.25	2000	0.18	2.96	6.27	3834	120621	6.27	3438	6.28	2285	6.29	185	6.27	6.33	6.04	0	78	12144549	
AAM	12.6	11	11.8	11.05	203	11.2	33	11.3	1	0	0	11.8	33	33	11.8	192	11.9	2	12	37	0	11.8	11.8	0	0	592374	
STB	11	9.58	10.3	10.2	62938	10.25	55214	10.3	37210	0	0	10.3	49299	685649	10.35	1786	10.4	14511	10.45	49393	10.3	10.45	10.2	15995	15362	27429276	
GIL	20.4	17.8	19.1	19.05	826	19.1	804	19.15	237	0.05	0.26	19.15	689	21373	19.2	508	19.25	4	19.3	500	19.15	19.4	19	794	0	1055746	
TCB	22.35	19.45	20.9	20.6	2759	20.65	2309	20.7	3161	-0.2	-0.96	20.7	16777	110117	20.75	1300	20.8	2970	20.85	3394	20.7	20.95	20.7	54679	54679	0	
HPG	29.1	25.3	27.2	27.3	34278	27.35	13916	27.4	3596	0.2	0.74	27.4	147107	1258039	27.5	68736	27.55	54129	27.6	25697	27.4	27.7	27	307116	279697	34220268	
MBB	18.5	16.1	17.3	17.1	35923	17.15	47466	17.2	8602	-0.1	-0.58	17.2	41534	437027	17.3	28551	17.35	7797	17.4	19575	17.2	17.3	17.15	5000	5000	0	
HCD	3.16	2.76	2.96	2.86	5	2.87	200	2.88	529	-0.08	-2.7	2.88	2705	66354	2.89	500	2.9	500	2.91	550	2.88	3.04	2.88	0	0	1320269	
SAV	9.63	8.37	9	8.45	10	8.51	9	8.52	50	0.39	4.33	9.39	1	150	9.4	838	9.42	840	9.46	547	9.39	9.39	8.4	0	0	0	
VPB	24.7	21.5	23.1	23.25	8178	23.3	15563	23.35	2747	0.25	1.08	23.35	24936	369645	23.4	405	23.45	1010	23.5	5510	23.35	23.4	22.95	3516	0	0	
DAH	12.7	11.1	11.9	11.5	1801	11.55	1269	11.6	694	-0.3	-2.52	11.6	470	20157	11.65	876	11.7	900	11.75	500	11.6	11.65	11.35	2052	0	1638341	
VIP	5.4	4.7	5.05	5	395	5.01	450	5.05	452	0	0	5.05	55	5357	5.09	947	5.1	635	5.15	204	5.05	5.1	5	2000	857	2933978	
