HNX
109.64
0.74	0.68
41394577	480.77	
AAV	5.3	4.5	4.9	5.2	3290	5.3	5410	0	5190	0.4	8.16	5.3	50	60940	0	0	0	0	0	0	5.3	4.9	5.18	0	0	0	
ACB	25	20.6	22.8	22.7	15960	22.8	33460	22.9	16470	0.1	0.44	22.9	10	356780	23	2430	23.1	10030	23.2	14500	23.2	22.8	23	0	0	0	
ACM	0.7	0.5	0.6	0	0	0	0	0.5	128080	-0.1	-16.67	0.5	190	9740	0.6	149300	0.7	74240	0	0	0.6	0.5	0.53	0	0	2471768	
ADC	15.5	12.7	14.1	13.3	150	13.5	50	13.6	20	0	0	14.1	50	80	14.2	20	14.4	60	14.6	250	14.1	14.1	14.1	0	0	104819	
ALT	13	10.8	11.9	0	0	0	0	10.8	30	0	0	0	0	0	13	200	0	0	0	0	0	0	11.9	0	0	282665	
AMC	19.9	16.3	18.1	16.3	10	16.5	10	18	50	1.1	6.08	19.2	50	110	19.2	880	0	0	0	0	19.2	19.2	19.2	0	0	128530	
AME	7.5	6.3	6.9	0	0	6.4	100	6.9	50	0	0	6.9	10	20	7.1	10	7.2	10	7.3	10	6.9	6.9	6.9	0	0	1092620	
AMV	18.4	15.2	16.8	16.6	6060	16.7	4990	16.8	90	0	0	16.8	10	36390	16.9	1870	17	770	17.1	700	16.9	16.4	16.76	550	4240	1767648	
API	10.3	8.5	9.4	8.5	50	8.6	20	9.4	200	0.6	6.38	10	10	10	10.1	10	10.2	10	10.3	60	10	10	10	10	0	177097	
APP	4.8	4	4.4	0	0	0	0	4	90	0	0	0	0	0	4.4	550	0	0	0	0	0	0	4.4	0	0	226441	
APS	2.2	1.8	2	2.1	380	2.2	5330	0	2100	0.2	10	2.2	10	4090	0	0	0	0	0	0	2.2	2	2.11	0	0	2750605	
ARM	32.5	26.7	29.6	26.7	10	27.1	20	28	40	0	0	0	0	0	0	0	0	0	0	0	0	0	29.6	0	0	126933	
ART	2.9	2.5	2.7	2.5	63870	2.6	98770	2.7	1810	0	0	2.7	1130	110480	2.8	132900	2.9	158500	0	0	2.8	2.7	2.7	100	50	4206998	
ATS	29.3	24.1	26.7	0	0	0	0	0	0	0	0	0	0	0	0	0	0	0	0	0	0	0	26.7	0	0	171480	
BAX	46.7	38.3	42.5	40	100	40.5	10	40.6	10	0.4	0.94	42.9	10	790	42.8	20	42.9	40	43	20	42.9	39.9	42.47	750	0	387100	
BBS	12.6	10.4	11.5	0	0	0	0	0	0	0	0	0	0	0	0	0	0	0	0	0	0	0	11.5	0	0	291494	
BCC	8.4	7	7.7	7.4	3730	7.5	1370	7.6	1090	0.2	2.6	7.9	10	6620	7.9	1490	8	1190	8.1	1110	7.9	7.6	7.77	0	0	4905886	
BCF	59.4	48.6	54	0	0	0	0	0	0	-1	-1.85	53	100	200	54	60	55	20	56	70	53	53	53	0	0	0	
BDB	11.8	9.8	10.8	0	0	0	0	0	0	0	0	0	0	0	11	100	0	0	0	0	0	0	10.8	0	0	55197	
BED	36.3	29.7	33	0	0	0	0	30	20	0	0	0	0	0	33	10	35.5	10	0	0	0	0	33	0	0	147000	
BII	0.9	0.7	0.8	0	0	0	0	0.7	10550	-0.1	-12.5	0.7	620	1930	0.8	59440	0.9	37260	0	0	0.8	0.7	0.71	0	0	2470175	
BKC	6.1	5.1	5.6	5.1	100	5.2	100	5.3	10	0	0	0	0	0	0	0	0	0	0	0	0	0	5.6	0	0	573668	
BLF	3	2.6	2.8	0	0	0	0	0	0	0	0	0	0	0	0	0	0	0	0	0	0	0	2.8	0	0	536148	
BPC	12.8	10.6	11.7	0	0	0	0	0	0	-0.9	-7.69	10.8	30	210	10.9	40	11	60	11.6	100	10.9	10.8	10.89	0	0	178873	
BSC	16.7	13.7	15.2	0	0	0	0	0	0	0	0	0	0	0	0	0	0	0	0	0	0	0	15.2	0	0	139186	
BST	15.4	12.6	14	0	0	0	0	12.6	20	1	7.14	15	10	50	15.4	190	0	0	0	0	15.4	12.6	14.02	0	0	53740	
BTS	4.7	3.9	4.3	0	0	3.9	10	4	200	0	0	0	0	0	4.3	110	4.6	60	4.7	70	0	0	4.3	0	0	5863673	
BTW	44	36	40	0	0	0	0	0	0	0	0	0	0	0	40	260	0	0	0	0	0	0	40	0	0	265131	
BVS	10.3	8.5	9.4	9.1	840	9.2	1480	9.3	610	0	0	9.4	10	6070	9.4	1560	9.5	3690	9.6	820	9.4	9.2	9.36	500	2000	1673007	
BXH	15.9	13.1	14.5	0	0	0	0	0	0	0	0	0	0	0	0	0	0	0	0	0	0	0	14.5	0	0	147589	
C69	6.1	5.1	5.6	0	0	5.1	6920	5.2	9220	-0.3	-5.36	5.3	10	25420	5.3	1680	5.4	2970	5.5	580	5.6	5.2	5.34	0	0	734960	
C92	8.2	6.8	7.5	0	0	0	0	0	0	-0.7	-9.33	6.8	20	30	0	30	6.8	510	0	0	6.8	6.8	6.8	0	0	258285	
CAG	94.4	77.4	85.9	0	0	0	0	0	0	0	0	0	0	0	0	10	77.4	70	85.9	30	0	0	85.9	0	0	676200	
CAN	24.3	19.9	22.1	21.6	30	22.1	10	22.2	20	0	0	0	0	0	24.3	30	0	0	0	0	0	0	22.1	0	0	123068	
CAP	32.1	26.3	29.2	28	510	28.2	60	28.3	30	-0.9	-3.08	28.3	20	1920	28.4	100	28.5	310	28.6	250	28.9	28.3	28.52	0	330	247998	
CDN	21.7	17.9	19.8	18	10	18.5	120	19.6	30	-0.2	-1.01	19.6	20	550	19.8	30	19.9	20	20	170	19.8	19.6	19.64	0	0	2739335	
CEO	8.1	6.7	7.4	7.2	7200	7.3	10710	7.4	15570	0	0	7.4	30	27040	7.5	3990	7.6	22980	7.7	40310	7.5	7.4	7.44	0	0	8578232	
CET	1.9	1.7	1.8	0	0	0	0	1.7	2720	0	0	1.8	100	9110	1.8	700	1.9	4570	0	0	1.9	1.8	1.8	10	10	295890	
CIA	12.7	10.5	11.6	11.1	300	11.3	250	11.4	80	-0.2	-1.72	11.4	10	530	11.7	70	11.8	120	11.9	100	11.7	11.4	11.62	0	0	565434	
CJC	18.8	15.4	17.1	0	0	0	0	0	0	0	0	0	0	0	17.1	1000	17.2	300	17.3	260	0	0	17.1	0	0	194710	
CKV	16.7	13.7	15.2	0	0	0	0	13.7	170	0.3	1.97	15.5	10	250	15.9	20	16.7	30	0	0	15.5	13.7	13.99	40	0	145197	
CLH	18.9	15.5	17.2	17	200	17.1	10	17.2	20	0.6	3.49	17.8	100	320	17.5	40	17.8	20	17.9	300	17.8	17.2	17.46	0	0	488530	
CLM	17.6	14.4	16	0	0	14.6	50	14.7	10	0	0	0	0	0	17.2	50	17.6	10	0	0	0	0	16	0	0	0	
CMC	5.8	4.8	5.3	0	0	0	0	4.8	30	0	0	5.3	20	20	5.3	110	0	0	0	0	5.3	5.3	5.3	0	0	217430	
CMS	2.8	2.4	2.6	0	0	2.4	310	2.5	200	0	0	0	0	0	2.6	670	2.7	700	2.8	1610	0	0	2.6	0	0	816716	
CPC	17.1	14.1	15.6	14.2	70	14.5	10	14.7	20	-0.3	-1.92	15.3	10	40	15.4	50	15.6	10	15.8	10	15.3	15.3	15.3	0	0	127917	
CSC	25.1	20.7	22.9	21.7	40	22	20	22.1	700	-0.8	-3.49	22.1	300	1790	22.8	10	22.9	30	23	230	23	22.1	22.19	0	0	942189	
CTB	34.6	28.4	31.5	29	20	29.5	200	29.8	20	0	0	0	0	0	33	100	34.6	50	0	0	0	0	31.5	0	0	586225	
CTC	3.6	3	3.3	0	0	0	0	0	0	0	0	0	0	0	0	0	0	0	0	0	0	0	3.3	0	0	430569	
CTP	3.3	2.7	3	0	0	2.8	430	2.9	440	0.1	3.33	3.1	10	2590	3.1	770	3.2	220	3.3	190	3.3	2.9	3.02	0	0	583701	
CTT	10.5	8.7	9.6	0	0	0	0	0	0	0	0	0	0	0	0	0	0	0	0	0	0	0	9.6	0	0	228970	
CTX	10.2	8.4	9.3	8.9	170	9	300	9.1	10	0.2	2.15	9.5	10	10	9.4	70	9.5	150	9.6	100	9.5	9.5	9.5	0	0	3865356	
CVN	12.1	9.9	11	0	0	10.1	890	10.2	100	-0.8	-7.27	10.2	190	3330	10.5	180	10.6	90	10.8	250	11	10.2	10.53	0	0	404110	
CX8	9.4	7.8	8.6	0	0	0	0	0	0	0	0	0	0	0	0	0	0	0	0	0	0	0	8.6	0	0	102786	
D11	25.8	21.2	23.5	25.7	1000	25.8	1150	0	550	2.3	9.79	25.8	10	1970	0	0	0	0	0	0	25.8	24.5	25.69	0	0	320442	
DAD	18.1	14.9	16.5	0	0	14.9	10	15.1	10	0.3	1.82	16.8	10	40	16.7	10	16.9	500	17.3	10	16.8	14.9	15.38	10	0	93750	
DAE	15.6	12.8	14.2	13.6	20	13.7	30	13.8	20	0	0	14.2	50	100	14.2	1020	14.5	20	14.6	500	14.2	14.2	14.2	100	100	61042	
DBT	11.4	9.4	10.4	0	0	9.6	50	10.2	20	0.3	2.88	10.7	20	40	10.8	200	11	170	0	0	10.7	10.4	10.55	0	0	0	
DC2	7.1	5.9	6.5	0	0	0	0	6	2100	0.1	1.54	6.6	300	300	6.5	10	6.6	210	6.7	190	6.6	6.6	6.6	0	0	123460	
DC4	15.7	12.9	14.3	0	0	0	0	0	0	0.5	3.5	14.8	30	40	14.8	340	14.9	10	15	80	14.9	14.8	14.82	0	0	1468583	
DDG	30.6	25.2	27.9	27.3	440	27.4	150	27.5	10	-0.3	-1.08	27.6	70	4710	27.6	140	27.8	110	27.9	400	27.9	27.6	27.71	0	0	1199990	
DGC	39	32	35.5	36.5	950	36.6	1620	36.7	810	1.3	3.66	36.8	70	26330	36.8	2580	36.9	1720	37	5710	37.2	35.6	36.68	0	3700	6228460	
DHP	11.7	9.7	10.7	0	0	0	0	0	0	0	0	0	0	0	11.4	20	11.5	800	11.7	380	0	0	10.7	0	0	414397	
DHT	49.5	40.5	45	44.5	260	44.6	290	44.7	30	-0.3	-0.67	44.7	270	680	45	120	45.1	210	45.2	10	45.3	44.6	44.75	0	50	969245	
DIH	16.3	13.5	14.9	0	0	0	0	0	0	0	0	0	0	0	15.4	50	15.5	100	16.3	90	0	0	14.9	0	0	293414	
DL1	12.6	10.4	11.5	0	0	0	0	0	0	0.9	7.83	12.4	10	40	12.4	10	0	0	0	0	12.4	11.8	12	0	0	4853751	
DNC	61.3	50.3	55.8	0	0	0	0	0	0	0	0	0	0	0	60	30	61.3	10	0	0	0	0	55.8	0	0	200562	
DNM	37.4	30.6	34	33.6	20	33.7	50	34	100	0.2	0.59	34.2	10	630	34.5	230	34.6	430	34.8	120	34.9	34	34.45	0	0	196636	
DNP	18.7	15.3	17	16.2	550	16.3	1500	16.4	50	0	0	0	0	0	17	780	17.2	2000	17.5	300	0	0	17	0	0	3020608	
DNY	1.8	1.6	1.7	0	0	0	0	1.7	500	0	0	0	0	0	1.8	100	0	0	0	0	0	0	1.7	0	0	1297582	
DP3	89.1	72.9	81	80	130	80.1	40	81	180	0	0	81	40	460	81.2	20	81.4	20	81.5	60	81.5	81	81.15	0	50	417234	
DPC	11.3	9.3	10.3	10	300	10.1	50	10.2	110	0	0	10.3	20	70	10.8	40	11	70	0	0	10.3	10.3	10.3	0	0	106768	
DPS	0.3	0.1	0.2	0	0	0	0	0	0	0	0	0	0	0	0	0	0	0	0	0	0	0	0.2	0	0	1511121	
DS3	3.6	3	3.3	3	70	3.1	790	3.2	6120	0	0	3.3	10	1190	3.3	2090	3.4	1090	3.5	1710	3.3	3.2	3.2	0	0	521286	
DST	4.6	3.8	4.2	4.5	35430	4.6	21640	0	6960	0.4	9.52	4.6	50	72090	0	0	0	0	0	0	4.6	4.4	4.6	0	0	125	
DTD	13.5	11.1	12.3	12.1	510	12.2	490	12.3	380	0.1	0.81	12.4	10	17680	12.5	620	12.6	2260	12.7	600	12.6	11.4	12.18	0	0	1202579	
DXP	11.3	9.3	10.3	10.1	230	10.2	20	10.3	170	0	0	10.3	30	1850	10.4	880	10.5	100	10.7	10	10.3	10.1	10.27	0	420	277927	
DZM	3.3	2.7	3	3.1	1220	3.3	3640	0	3680	0.3	10	3.3	800	3690	0	0	0	0	0	0	3.3	3.3	3.3	0	0	209329	
EBA	9.9	8.1	9	0	0	9	20	9.9	60	0	0	0	0	0	0	0	0	0	0	0	0	0	9	0	0	1550000	
EBS	7.7	6.3	7	6.6	100	6.7	50	6.8	10	0	0	7	100	300	7	100	7.1	200	7.2	500	7	7	7	100	0	415210	
ECI	17.6	14.4	16	0	0	0	0	0	0	0	0	0	0	0	0	0	0	0	0	0	0	0	16	0	0	81210	
EID	11.6	9.6	10.6	10.3	10	10.4	30	10.5	530	0	0	10.6	10	4760	10.6	860	10.7	640	10.8	590	10.7	10.6	10.62	1750	0	385115	
EVS	9	7.4	8.2	0	0	0	0	7.4	400	0	0	8.2	30	30	8.2	2680	8.5	50	8.9	200	8.2	8.2	8.2	0	0	6000040	
FDT	42.6	35	38.8	0	0	0	0	0	0	0	0	0	0	0	0	0	0	0	0	0	0	0	38.8	0	0	149670	
FID	1	0.8	0.9	0	0	0.8	1600	0.9	1590	0.1	11.11	1	680	2060	1	1000	0	0	0	0	1	1	1	1800	0	1151466	
GDW	35	28.8	31.9	0	0	0	0	0	0	0	0	0	0	0	28.8	770	0	0	0	0	0	0	31.9	0	0	415360	
GKM	19.4	16	17.7	17.2	370	17.3	110	17.4	40	0	0	17.7	30	4320	17.7	1200	17.8	940	17.9	790	17.7	17.5	17.57	0	0	729301	
GLT	26.1	21.5	23.8	0	0	21.7	10	21.8	20	0	0	0	0	0	23	100	24.9	80	25.4	50	0	0	23.8	0	0	247772	
GMX	26.4	21.6	24	0	0	21.6	100	21.7	10	0	0	0	0	0	26.4	10	0	0	0	0	0	0	24	0	0	250104	
HAD	15.6	12.8	14.2	13.8	500	13.9	10	14.1	300	0	0	14.2	70	410	14.3	100	14.5	80	14.6	880	14.3	14.2	14.2	0	0	156539	
HAT	21.6	17.8	19.7	18.2	20	19	40	19.2	100	-0.1	-0.51	19.6	40	210	19.6	40	19.7	60	19.8	120	19.8	19.2	19.43	0	0	129692	
HBE	8.2	6.8	7.5	0	0	0	0	6.8	60	-0.7	-9.33	6.8	20	30	7.5	130	0	0	0	0	7.5	6.8	7.03	0	0	62866	
HBS	2	1.8	1.9	0	0	1.8	5510	1.9	400	0.1	5.26	2	10	4290	2	600	0	0	0	0	2	1.8	1.81	0	0	1594525	
HCC	11.5	9.5	10.5	10	60	10.1	170	10.4	100	0	0	10.5	10	70	10.5	40	10.6	200	10.8	60	10.5	10.5	10.5	0	0	221080	
HCT	11.6	9.6	10.6	0	0	0	0	0	0	0	0	0	0	0	10.5	170	10.6	40	10.7	40	0	0	10.6	0	0	42872	
HDA	9.9	8.1	9	8.6	3460	8.7	3520	8.8	860	-0.1	-1.11	8.9	50	28200	8.9	400	9	960	9.1	820	9.1	8.8	8.84	0	0	497037	
HEV	16.5	13.5	15	0	0	0	0	0	0	0	0	0	0	0	15.5	180	16.5	1990	0	0	0	0	15	0	0	10644	
HGM	35.8	29.4	32.6	0	0	29.4	40	32.6	50	3.2	9.82	35.8	10	380	35.8	10	0	0	0	0	35.8	29.4	29.72	0	0	615040	
HHC	111.1	90.9	101	0	0	0	0	0	0	0	0	0	0	0	105	30	0	0	0	0	0	0	101	0	0	799044	
HHG	1.2	1	1.1	0	0	1	7710	1.1	6360	0	0	1.1	190	1560	1.2	13580	0	0	0	0	1.2	1.1	1.19	0	0	1652928	
HHP	13.4	11	12.2	11.5	3450	11.6	3220	11.7	1320	-0.4	-3.28	11.8	30	16900	11.8	570	11.9	420	12	390	12.2	11.7	11.87	0	0	851793	
HJS	25.3	20.7	23	20.8	50	21.5	50	23	110	0	0	0	0	0	24.9	110	25	10	25.3	30	0	0	23	0	0	1027132	
HKB	0.9	0.7	0.8	0	0	0	0	0	0	-0.1	-12.5	0.7	100	39910	0	7110	0.7	3060	0.8	57170	0.8	0.7	0.7	0	0	2462558	
HKT	4.1	3.5	3.8	3.8	290	3.9	50	4	60	0.2	5.26	4	50	60	0	0	0	0	0	0	4	3.9	3.98	0	0	298207	
HLC	8	6.6	7.3	0	0	0	0	0	0	0.4	5.48	7.7	10	10	7.7	10	7.8	20	7.9	20	7.7	7.7	7.7	0	0	1102303	
HLD	20.2	16.6	18.4	20.1	100	20.2	1680	0	50	1.8	9.78	20.2	350	29450	0	0	0	0	0	0	20.2	18.9	20.12	0	200	808854	
HLY	49	40.2	44.6	0	0	0	0	0	0	0	0	0	0	0	40.2	70	40.5	20	0	0	0	0	44.6	0	0	43044	
HMH	9.4	7.8	8.6	7.8	700	8	600	8.2	1230	0	0	0	0	0	8.7	90	8.9	90	9	10	0	0	8.6	0	0	391802	
HNM	4.9	4.1	4.5	0	0	0	0	0	0	0	0	0	0	0	0	0	0	0	0	0	0	0	4.5	0	0	963835	
HOM	3.6	3	3.3	0	0	3	10000	3.1	860	0	0	3.3	20	210	3.3	2990	3.4	2320	3.5	620	3.3	3.2	3.28	0	0	3454940	
HPM	14.1	11.7	12.9	0	0	0	0	0	0	0	0	0	0	0	11.7	90	12.9	80	0	0	0	0	12.9	0	0	179520	
HTC	25.8	21.2	23.5	21.5	100	23	50	23.1	100	0	0	0	0	0	25.8	100	0	0	0	0	0	0	23.5	0	0	524030	
HTP	8.8	7.2	8	7.3	80	7.4	30	8	180	0	0	0	0	0	0	0	0	0	0	0	0	0	8	0	0	88044	
HUT	2.2	1.8	2	0	0	1.8	154940	1.9	135250	0	0	2	10	285410	2	101590	2.1	257080	2.2	154460	2	1.9	1.94	3000	0	12143068	
HVT	39.1	32.1	35.6	0	0	35.6	130	35.7	80	3.4	9.55	39	10	10	39	240	0	0	0	0	39	39	39	0	0	518626	
ICG	5.5	4.5	5	4.7	30	4.8	20	4.9	10	0	0	5	20	370	5	50	5.1	90	5.2	10	5	4.9	4.97	170	0	844744	
IDC	19.5	16.1	17.8	16.9	1300	17	5830	17.1	40	-0.7	-3.93	17.1	10	18310	17.8	440	17.9	200	18	240	17.8	17	17.04	0	0	14608167	
IDJ	15.6	12.8	14.2	13.7	60	13.8	1290	13.9	390	-0.2	-1.41	14	60	12910	14	280	14.2	790	14.3	310	14.5	13.9	14.13	0	0	1449955	
IDV	44	36	40	38.6	50	39	340	39.6	190	-0.1	-0.25	39.9	80	2290	39.9	250	40	530	40.6	50	40	39.9	39.94	980	0	634017	
INC	9.2	7.6	8.4	0	0	0	0	8	20	0	0	0	0	0	9.2	100	0	0	0	0	0	0	8.4	0	0	98000	
INN	28	23	25.5	24.6	650	24.7	110	24.8	70	-0.3	-1.18	25.2	10	700	25.2	440	25.4	10	25.5	50	25.5	25	25.07	0	0	706541	
ITQ	2.5	2.1	2.3	2.1	11810	2.2	16770	2.3	410	0	0	2.3	10	6630	2.4	5600	2.5	2550	0	0	2.4	2.3	2.3	0	0	1165771	
IVS	7.8	6.4	7.1	6.7	30	7	150	7.1	240	0	0	7.1	100	940	7.6	160	7.7	2240	7.8	120	7.2	7.1	7.16	50	0	1641593	
KDM	2	1.8	1.9	0	0	0	0	1.8	1390	0	0	1.9	300	3670	1.9	200	2	3130	0	0	1.9	1.8	1.86	0	0	345583	
KHS	13.9	11.5	12.7	0	0	11.7	60	12	10	0	0	12.7	50	50	12.9	40	13.9	1150	0	0	12.7	12.7	12.7	0	0	584856	
KKC	5.8	4.8	5.3	4.9	50	5	50	5.1	130	-0.1	-1.89	5.2	200	280	5.2	530	5.3	210	5.6	300	5.3	5.2	5.23	0	80	203178	
KLF	2	1.8	1.9	0	0	0	0	1.8	323500	0	0	1.9	100	121990	1.9	111170	2	390600	0	0	1.9	1.8	1.87	0	0	7978955	
KMT	8.2	6.8	7.5	0	0	0	0	6.8	100	0	0	0	0	0	7.5	240	8.2	800	0	0	0	0	7.5	0	0	482411	
KSD	6.9	5.7	6.3	0	0	0	0	0	0	0.5	7.94	6.8	10	10	6.3	20	6.5	20	6.6	300	6.8	6.8	6.8	0	0	579770	
KSQ	1.4	1.2	1.3	0	0	1.2	12180	1.3	3260	0	0	1.3	180	6360	1.4	7980	0	0	0	0	1.3	1.2	1.3	0	0	1457160	
KST	21.4	17.6	19.5	0	0	0	0	0	0	0	0	0	0	0	19.5	80	21.4	420	0	0	0	0	19.5	0	0	144754	
KTS	9	7.4	8.2	7.5	20	8.1	200	8.2	10	-0.1	-1.22	8.1	10	10	9	450	0	0	0	0	8.1	8.1	8.1	0	0	192493	
KTT	4.5	3.7	4.1	0	0	0	0	0	0	0	0	0	0	0	0	0	0	0	0	0	0	0	4.1	0	0	143424	
KVC	1	0.8	0.9	0	0	0	0	0.8	157380	-0.1	-11.11	0.8	1320	44120	0.9	37760	1	52270	0	0	0.9	0.8	0.87	0	0	2272780	
L14	71.5	58.5	65	64.6	210	64.7	140	64.8	10	0.4	0.62	65.4	10	4040	65.4	30	65.5	130	65.6	90	66	64.7	65.17	0	0	904963	
L18	9.9	8.1	9	0	0	0	0	0	0	0	0	0	0	0	9	200	9.2	20	9.4	100	0	0	9	0	0	1124694	
L35	7.3	6.1	6.7	6.1	30	6.2	50	6.7	50	0	0	0	0	0	7.3	10	0	0	0	0	0	0	6.7	0	0	159972	
L43	2.9	2.5	2.7	0	0	0	0	0	0	0	0	0	0	0	2.5	100	2.9	150	0	0	0	0	2.7	0	0	171450	
L61	14.1	11.7	12.9	0	0	0	0	0	0	0	0	0	0	0	11.7	50	13	20	13.5	260	0	0	12.9	0	0	0	
L62	7.7	6.3	7	0	0	0	0	0	0	0	0	0	0	0	7.7	130	0	0	0	0	0	0	7	0	0	0	
LAS	7.1	5.9	6.5	6.1	2550	6.2	5180	6.3	4960	-0.1	-1.54	6.4	10	9970	6.4	1400	6.5	3780	6.6	2560	6.5	6.3	6.36	0	0	5323506	
LBE	41.4	34	37.7	0	0	0	0	0	0	0	0	0	0	0	0	0	0	0	0	0	0	0	37.7	0	0	53330	
LCD	7.4	6.2	6.8	0	0	0	0	6.2	10	0	0	0	0	0	0	0	0	0	0	0	0	0	6.8	0	0	73500	
LCS	2.3	1.9	2.1	0	0	0	0	1.9	30	-0.1	-4.76	2	20	430	2.1	340	2.2	1000	2.3	500	2	1.9	1.9	0	0	372100	
LDP	22.8	18.8	20.8	0	0	0	0	18.8	10	0	0	0	0	0	20.6	80	20.7	10	20.8	20	0	0	20.8	0	0	0	
LHC	75.9	62.1	69	65.5	50	66.8	50	67	20	0	0	69	360	360	69	40	69.9	240	70	200	69	69	69	0	0	94506	
LIG	3.4	2.8	3.1	2.8	950	2.9	3540	3	400	0	0	3.1	10	11260	3.1	3640	3.2	2320	3.3	1050	3.1	3	3	0	0	2136093	
LM7	4.2	3.6	3.9	0	0	0	0	0	0	-0.3	-7.69	3.6	20	30	3.6	800	3.8	30	3.9	350	3.6	3.6	3.6	0	0	244670	
LO5	1.3	1.1	1.2	0	0	0	0	1.1	90	-0.1	-8.33	1.1	10	10	1.2	1130	1.3	2740	0	0	1.1	1.1	1.1	0	0	250399	
LUT	2	1.8	1.9	0	0	0	0	1.8	20	0	0	0	0	0	1.9	20	2	480	0	0	0	0	1.9	0	0	732722	
MAC	5.1	4.3	4.7	4.4	50	4.6	10	4.7	1130	0	0	4.7	470	470	4.8	510	4.9	1000	5	500	4.7	4.7	4.7	0	470	715244	
MAS	38.7	31.7	35.2	35.2	100	35.3	50	35.5	20	0.3	0.85	35.5	10	110	37	10	37.1	50	37.2	60	37.2	35.5	37.04	0	0	163962	
MBG	6.9	5.7	6.3	6.1	1690	6.2	4900	6.3	3540	0.1	1.59	6.4	290	78900	6.4	3220	6.5	3750	6.6	6890	6.6	6	6.38	0	0	2111227	
MBS	11.4	9.4	10.4	10.1	950	10.2	1000	10.3	2720	0	0	10.4	30	28550	10.4	1490	10.5	2800	10.6	200	10.5	10.2	10.28	0	0	8045509	
MCC	12.7	10.5	11.6	0	0	0	0	11.6	150	0	0	0	0	0	0	0	0	0	0	0	0	0	11.6	0	0	240366	
MCF	9.9	8.1	9	8.1	60	8.2	50	8.3	50	0.9	10	9.9	10	10	9.2	250	9.3	120	9.7	140	9.9	9.9	9.9	10	0	426007	
MCO	2.6	2.2	2.4	2.2	1280	2.4	500	2.5	230	0.1	4.17	2.5	1000	3630	2.6	28330	0	0	0	0	2.5	2.2	2.45	0	0	192771	
MDC	6.9	5.7	6.3	5.7	10	5.9	1040	6	20	0.6	9.52	6.9	10	10	0	0	0	0	0	0	6.9	6.9	6.9	0	0	676439	
MED	46.2	37.8	42	40	20	40.1	100	41	200	0	0	0	0	0	45	120	45.9	50	46	550	0	0	42	0	0	307664	
MEL	9.6	8	8.8	0	0	0	0	8	10	0	0	0	0	0	8.9	10	9	10	9.1	10	0	0	8.8	0	0	734870	
MHL	5	4.2	4.6	0	0	0	0	0	0	0	0	0	0	0	4.2	1970	0	0	0	0	0	0	4.6	0	0	260423	
MIM	13.5	11.1	12.3	0	0	0	0	0	0	0	0	0	0	0	11.1	250	0	0	0	0	0	0	12.3	0	0	165835	
MKV	11	9	10	0	0	0	0	0	0	0	0	0	0	0	10	540	11	20	0	0	0	0	10	0	0	221284	
MPT	1.3	1.1	1.2	0	0	1.1	11780	1.2	13430	0	0	1.2	190	6180	1.3	19490	0	0	0	0	1.3	1.2	1.24	0	0	823184	
MSC	19.3	15.9	17.6	0	0	0	0	0	0	0	0	0	0	0	0	0	0	0	0	0	0	0	17.6	0	0	1102500	
MST	3	2.6	2.8	0	0	2.6	49990	2.7	72960	0	0	2.8	60	60460	2.8	3760	2.9	126210	3	87830	2.8	2.7	2.78	1000	0	1724019	
NAG	5.1	4.3	4.7	0	0	4.3	850	4.4	710	-0.2	-4.26	4.5	30	3560	4.5	470	4.6	100	4.7	730	4.7	4.5	4.6	0	0	710567	
NAP	14.3	11.7	13	0	0	0	0	12.5	10	0	0	0	0	0	0	0	0	0	0	0	0	0	13	0	0	1054342	
NBC	6.8	5.6	6.2	5.7	2250	5.9	700	6	1930	-0.1	-1.61	6.1	100	5700	6.2	3780	6.3	2750	6.4	2850	6.2	6.1	6.1	0	0	1525740	
NBP	13.2	10.8	12	0	0	0	0	10.8	300	0	0	0	0	0	12.3	170	12.4	30	12.5	40	0	0	12	0	0	530279	
NBW	29.2	24	26.6	0	0	0	0	25.6	50	-0.6	-2.26	26	30	50	26.5	30	26.6	320	27	300	28.1	26	26.54	0	0	225960	
NDN	19.4	16	17.7	17.5	3680	17.6	2590	17.7	10	0.1	0.56	17.8	30	13330	17.8	1720	17.9	1550	18	1730	17.8	17.5	17.66	0	0	2318237	
NDX	14.1	11.7	12.9	12.8	200	12.9	490	13	300	0.2	1.55	13.1	100	410	13.1	100	13.2	200	0	0	13.1	12.9	12.95	0	0	281411	
NET	52.5	43.1	47.8	44.2	20	45	190	45.3	20	-0.4	-0.84	47.4	10	100	50.4	50	50.5	110	51	60	47.4	47.4	47.4	0	0	1080076	
NFC	6.2	5.2	5.7	0	0	0	0	0	0	0	0	0	0	0	0	0	0	0	0	0	0	0	5.7	0	0	770591	
NGC	2.7	2.3	2.5	0	0	0	0	0	0	0	0	2.5	10	890	2.5	1280	2.7	260	0	0	2.5	2.3	2.3	0	0	81496	
NHA	11.3	9.3	10.3	10.7	140	10.8	70	11	120	0.8	7.77	11.1	10	6190	11.1	150	11.2	780	11.3	4980	11.3	10.2	10.78	0	0	720054	
NHC	38.1	31.3	34.7	0	0	0	0	31.3	10	0	0	0	0	0	34	120	34.5	50	35	480	0	0	34.7	0	0	97297	
NHP	0.5	0.3	0.4	0	0	0	0	0.3	102000	-0.1	-25	0.3	30	2120	0.4	32490	0.5	16560	0	0	0.4	0.3	0.3	0	0	1335938	
NRC	9.3	7.7	8.5	8.1	800	8.2	500	8.3	310	-0.2	-2.35	8.3	10	610	8.5	410	8.6	100	8.7	30	8.6	8	8.37	0	0	671185	
NSH	1.5	1.3	1.4	0	0	0	0	0	0	0	0	1.4	20	1680	1.4	4710	1.5	1800	0	0	1.4	1.3	1.3	0	0	1010628	
NST	18.4	15.2	16.8	0	0	0	0	0	0	0	0	0	0	0	15.2	7000	17	500	17.8	40	0	0	16.8	0	0	448674	
NTH	30.8	25.2	28	0	0	26	50	27	100	0	0	28	50	50	28.5	50	29	100	29.5	100	28	28	28	0	0	529300	
NTP	38.3	31.5	34.9	35.2	330	35.3	30	35.4	40	0.6	1.72	35.5	50	14340	35.5	260	35.6	1540	35.7	2040	35.7	35	35.32	8020	0	2961479	
NVB	9	7.4	8.2	7.8	20740	7.9	11000	8	890	-0.1	-1.22	8.1	840	163740	8.1	4550	8.2	4820	8.3	2900	8.2	7.9	7.95	0	0	10469333	
OCH	8.5	7.1	7.8	0	0	0	0	7.1	50	0	0	0	0	0	7.8	30	8	290	8.5	1570	0	0	7.8	0	0	9799570	
ONE	3.7	3.1	3.4	0	0	3.1	400	3.2	840	-0.1	-2.94	3.3	120	800	3.4	390	3.5	1570	3.6	200	3.3	3.3	3.3	0	0	321766	
PBP	7.5	6.3	6.9	0	0	6.3	100	6.8	250	0.1	1.45	7	10	370	7	40	7.2	450	7.3	450	7.4	6.8	6.85	0	0	230901	
PCE	7.5	6.3	6.9	0	0	0	0	7.5	550	0	0	0	0	0	0	0	0	0	0	0	0	0	6.9	0	0	450880	
PCG	5.6	4.6	5.1	0	0	0	0	4.6	30	0	0	0	0	0	5.1	1380	5.6	10	0	0	0	0	5.1	0	0	29448	
PCT	5.1	4.3	4.7	4.3	60	4.7	100	5.1	790	0.4	8.51	5.1	10	210	0	0	0	0	0	0	5.1	5.1	5.1	0	0	1099770	
PDB	8.8	7.2	8	7.6	150	7.7	10	7.8	10	0	0	0	0	0	8	10	8.1	90	8.2	200	0	0	8	0	0	355877	
PDC	7.8	6.4	7.1	0	0	0	0	0	0	0	0	0	0	0	6.4	970	6.8	90	7.1	490	0	0	7.1	0	0	734590	
PEN	5.5	4.5	5	0	0	4.5	50	5	20	0	0	0	0	0	0	0	0	0	0	0	0	0	5	0	0	245000	
PGN	11.7	9.7	10.7	0	0	0	0	10	200	0	0	0	0	0	10.9	90	11	40	0	0	0	0	10.7	0	0	161270	
PGS	18.1	14.9	16.5	15.5	80	15.7	580	15.8	210	-0.7	-4.24	15.8	100	1630	16.1	440	16.2	30	16.3	460	16.3	15.8	15.91	0	760	1985957	
PGT	4.6	3.8	4.2	0	0	0	0	3.8	100	0	0	0	0	0	4.2	10	4.6	2520	0	0	0	0	4.2	0	0	11432	
PHN	27	22.2	24.6	22.5	30	25	200	25.1	200	0	0	0	0	0	27	150	0	0	0	0	0	0	24.6	0	0	8	
PHP	10.1	8.3	9.2	9	360	9.1	130	9.2	10	0.1	1.09	9.3	30	1260	9.4	510	9.5	160	9.6	50	9.3	9.2	9.3	0	0	16010507	
PIA	27.6	22.6	25.1	24.1	60	24.2	10	24.5	500	0	0	25.1	10	10	27	10	27.1	20	27.5	50	25.1	25.1	25.1	0	0	158423	
PIC	9.9	8.1	9	8.1	30	8.2	60	8.6	20	0	0	0	0	0	0	0	0	0	0	0	0	0	9	0	0	1633642	
PJC	27.2	22.4	24.8	0	0	0	0	0	0	0	0	0	0	0	25	20	27.2	40	0	0	0	0	24.8	0	0	351308	
PLC	18.8	15.4	17.1	16.6	550	16.7	1840	16.8	3660	-0.3	-1.75	16.8	100	37110	16.9	830	17.1	2170	17.2	1830	17.3	16.8	17.01	0	0	3897217	
PMB	9.3	7.7	8.5	0	0	0	0	7.8	10	0	0	0	0	0	9	360	9.1	200	9.2	300	0	0	8.5	0	0	461560	
PMC	55	45	50	48.3	10	48.4	10	48.5	10	-0.2	-0.4	49.8	10	210	49.9	10	50	70	50.3	50	49.9	47.8	49.06	20	0	253987	
PMP	8.9	7.3	8.1	7.7	60	7.8	10	8	10	0	0	0	0	0	8.9	10	0	0	0	0	0	0	8.1	0	0	203380	
PMS	18.7	15.3	17	0	0	15.3	30	15.5	900	-1.5	-8.82	15.5	100	370	17	200	17.1	280	17.4	50	15.5	15.3	15.43	0	0	315545	
POT	14.5	11.9	13.2	12.1	30	12.2	10	12.5	20	0.2	1.52	13.4	10	30	13.4	30	13.7	230	14.5	370	13.4	13.2	13.27	0	0	950192	
PPE	5	4.2	4.6	0	0	4.2	50	4.6	30	0	0	4.6	10	20	0	0	0	0	0	0	5	4.6	4.8	0	0	97470	
PPP	16.2	13.4	14.8	0	0	0	0	13.4	50	0	0	14.8	10	200	14.7	700	14.8	430	0	0	14.8	13.4	13.67	0	0	423057	
PPS	7.8	6.4	7.1	6.5	10	6.6	50	6.9	10	0	0	7.1	10	2610	7.1	1010	7.4	30	7.8	1470	7.1	7.1	7.1	2500	0	195508	
PPY	29	23.8	26.4	0	0	0	0	0	0	0	0	0	0	0	26.3	70	26.4	70	0	0	0	0	26.4	0	0	403666	
PRC	10.4	8.6	9.5	0	0	0	0	0	0	0	0	0	0	0	0	0	0	0	0	0	0	0	9.5	0	0	58680	
PSC	17.4	14.4	15.9	0	0	0	0	14.4	120	0	0	0	0	0	16	10	0	0	0	0	0	0	15.9	0	0	350363	
PSD	11	9	10	9.5	320	9.6	100	9.7	50	0	0	10	10	100	10	260	10.2	150	10.8	310	10	10	10	0	0	1444977	
PSE	7.9	6.5	7.2	0	0	0	0	6.5	100	0	0	0	0	0	7.3	50	7.4	10	7.5	10	0	0	7.2	0	0	556000	
PSI	2.8	2.4	2.6	0	0	0	0	0	0	-0.1	-3.85	2.5	30	50	2.5	70	2.6	30	2.8	440	2.5	2.5	2.5	0	0	2039450	
PSW	7.3	6.1	6.7	0	0	0	0	6.1	100	0	0	0	0	0	7.3	60	0	0	0	0	0	0	6.7	0	0	817960	
PTD	17.8	14.6	16.2	0	0	0	0	0	0	0	0	0	0	0	17	60	0	0	0	0	0	0	16.2	0	0	85872	
PTI	19.9	16.3	18.1	17.1	10	17.3	10	18	20	0	0	0	0	0	19.2	20	19.3	60	19.4	20	0	0	18.1	0	0	913545	
PTS	5.6	4.6	5.1	0	0	4.6	300	4.7	60	0	0	0	0	0	5.2	90	5.3	90	5.4	90	0	0	5.1	0	0	260283	
PV2	2.8	2.4	2.6	0	0	2.4	50	2.5	30	0	0	0	0	0	2.6	130	2.8	600	0	0	0	0	2.6	0	0	1828500	
PVB	15.8	13	14.4	14	2150	14.1	740	14.2	260	-0.1	-0.69	14.3	10	22070	14.3	990	14.4	810	14.5	1420	14.6	14.2	14.36	0	0	1057591	
PVC	5.8	4.8	5.3	5	1130	5.1	4520	5.2	4430	0	0	5.3	10	3730	5.3	490	5.4	76070	5.5	7460	5.4	5.2	5.28	1	0	1887002	
PVG	7.7	6.3	7	6.6	600	6.7	870	6.8	810	-0.1	-1.43	6.9	390	500	7	5130	7.1	30	7.6	200	6.9	6.9	6.9	0	0	1762139	
PVI	33.8	27.8	30.8	30.2	100	30.3	50	30.4	210	0	0	30.8	10	2630	30.8	120	30.9	560	31	1370	30.9	30.3	30.7	1500	1200	10693297	
PVL	1.3	1.1	1.2	0	0	0	0	1.1	7190	0	0	1.2	10	4080	1.2	12180	1.3	4000	0	0	1.2	1.1	1.11	0	0	2376859	
PVS	14	11.6	12.8	12.4	61790	12.5	72180	12.6	6280	-0.2	-1.56	12.6	970	459080	12.7	20540	12.8	36410	12.9	31030	12.8	12.5	12.64	0	4700	17357531	
PVX	0.9	0.7	0.8	0	0	0	0	0.7	317980	-0.1	-12.5	0.7	550	34470	0.8	133340	0.9	192070	0	0	0.8	0.7	0.74	0	0	19366245	
QHD	23.1	18.9	21	0	0	19.2	290	19.4	200	-1.8	-8.57	19.2	10	10	22	100	22.1	100	0	0	19.2	19.2	19.2	0	0	267430	
QNC	3.4	2.8	3.1	3.2	70	3.3	100	3.4	400	0.3	9.68	3.4	90	110	0	0	0	0	0	0	3.4	3.2	3.38	0	0	968113	
QST	12.7	10.5	11.6	0	0	0	0	0	0	0	0	0	0	0	0	0	0	0	0	0	0	0	11.6	0	0	79380	
QTC	19.5	16.1	17.8	16.6	10	16.7	10	17	10	0	0	0	0	0	18.5	70	18.9	220	0	0	0	0	17.8	0	0	48926	
RCL	16.1	13.3	14.7	0	0	0	0	0	0	-1.4	-9.52	13.3	200	200	13.4	100	13.5	2780	0	0	13.3	13.3	13.3	0	0	476281	
S55	25.4	20.8	23.1	20.8	100	21	10	22.5	170	0	0	0	0	0	24	100	24.6	100	25.4	500	0	0	23.1	0	0	485782	
S74	4.7	3.9	4.3	0	0	0	0	4.3	160	0	0	4.3	500	1000	4.6	500	0	0	0	0	4.3	4.3	4.3	0	0	308588	
S99	8.6	7.2	7.9	7.2	20	7.3	100	7.5	30	0.1	1.27	8	20	1800	8	340	8.2	30	8.4	100	8.5	7.9	7.94	0	0	2535939	
SAF	55	45	50	45	120	46	300	46.1	60	-4	-8	46	10	80	49	10	50	20	52.6	20	46	46	46	0	0	359611	
SCI	15	12.4	13.7	13.3	360	13.4	630	13.5	470	0	0	13.7	20	3150	13.7	20	13.8	350	13.9	340	13.8	13.5	13.65	0	0	592894	
SD2	6.7	5.5	6.1	0	0	0	0	5.8	300	0.1	1.64	6.2	10	40	6.2	210	6.3	1930	6.4	7510	6.2	6.2	6.2	0	0	619005	
SD4	3.9	3.3	3.6	0	0	0	0	3.3	1080	-0.3	-8.33	3.3	10	430	3.5	50	3.8	40	3.9	120	3.3	3.3	3.3	0	0	464786	
SD5	5.1	4.3	4.7	4.3	790	4.4	740	4.5	170	-0.1	-2.13	4.6	10	290	4.6	50	4.7	110	4.8	180	4.7	4.4	4.52	10	170	1017939	
SD6	2.5	2.1	2.3	2.1	220	2.2	800	2.3	300	0	0	2.3	700	1190	2.4	900	2.5	800	0	0	2.3	2.3	2.3	0	0	1226664	
SD9	5.5	4.5	5	4.6	70	4.7	40	4.8	240	0	0	5	100	600	5	1400	5.1	1120	5.2	2050	5	5	5	0	0	1436671	
SDA	2.6	2.2	2.4	2.2	270	2.3	320	2.4	440	0.2	8.33	2.6	10	100	2.6	1830	0	0	0	0	2.6	2.4	2.45	0	0	0	
SDC	17.8	14.6	16.2	0	0	0	0	0	0	0	0	0	0	0	16.8	20	17	10	0	0	0	0	16.2	0	0	107978	
SDG	35.6	29.2	32.4	0	0	0	0	0	0	0	0	0	0	0	0	0	0	0	0	0	0	0	32.4	0	0	330987	
SDN	32.2	26.4	29.3	0	0	0	0	0	0	0	0	0	0	0	29.3	10	0	0	0	0	0	0	29.3	0	0	36143	
SDT	3.1	2.7	2.9	0	0	2.7	730	2.8	10	0	0	2.9	20	20	2.9	240	3	610	3.1	430	2.9	2.9	2.9	0	0	1717326	
SDU	7.4	6.2	6.8	0	0	6.2	20	6.5	50	0	0	0	0	0	0	0	0	0	0	0	0	0	6.8	0	0	977790	
SEB	31.3	25.7	28.5	28.5	230	28.7	50	29	1000	1.9	6.67	30.4	20	120	30.5	120	30.8	50	31	80	30.4	30.4	30.4	0	0	1563244	
SED	15.4	12.6	14	13.1	10	13.2	20	13.4	70	0	0	14	20	850	14	980	14.3	100	14.4	10	14	14	14	850	850	335589	
SFN	28	23	25.5	0	0	0	0	23	10	0	0	0	0	0	28	10	0	0	0	0	0	0	25.5	0	0	144576	
SGC	62.7	51.3	57	57.1	10	57.2	60	57.3	10	3	5.26	60	10	200	61.9	30	62	10	62.1	10	62.4	59	61.83	0	0	343746	
SGD	10.1	8.3	9.2	9.3	70	9.4	50	9.5	20	0.3	3.26	9.5	30	80	9.9	10	10	20	0	0	9.5	9.5	9.5	0	0	196843	
SGH	45.5	37.3	41.4	0	0	0	0	37.8	60	0	0	0	0	0	45.5	80	0	0	0	0	0	0	41.4	0	0	600180	
SHB	14.9	12.3	13.6	13.8	26580	13.9	2490	14	8000	0.5	3.68	14.1	30	924140	14.1	18500	14.2	56650	14.3	61620	14.3	13.4	13.91	21300	8310	34780293	
SHE	19.8	16.2	18	17.1	20	17.9	40	18	320	0	0	0	0	0	18.6	10	18.9	100	19	200	0	0	18	0	0	229040	
SHN	7.4	6.2	6.8	6.4	80	6.5	210	6.6	110	0	0	6.8	90	900	7	30	7.1	200	7.2	560	6.8	6.8	6.8	0	0	6343684	
SHS	9.9	8.1	9	8.7	12700	8.8	17050	8.9	17400	-0.1	-1.11	8.9	1850	125460	9	6040	9.1	11400	9.2	18690	9.1	8.9	9.03	0	10710	8432988	
SIC	9.4	7.8	8.6	0	0	7.9	20	8.2	10	0.2	2.33	8.8	10	2090	8.8	1130	8.9	400	9	740	8.8	8.6	8.78	0	0	1168848	
SJ1	27.5	22.5	25	0	0	0	0	0	0	0	0	0	0	0	22.5	1970	27	60	27.5	130	0	0	25	0	0	1029806	
SJC	0.8	0.6	0.7	0	0	0	0	0	0	0	0	0	0	0	0	0	0	0	0	0	0	0	0.7	0	0	350709	
SJE	20.9	17.1	19	0	0	17.3	100	18	160	-1	-5.26	18	140	2350	19	40	19.5	300	19.8	100	19	18	18.09	0	0	889096	
SLS	59.4	48.6	54	53	30	53.2	20	53.3	20	0	0	54	60	1100	54.5	50	54.9	30	55	10	56	54	54.18	0	0	443620	
SMN	9.5	7.9	8.7	7.9	90	8	10	8.1	50	0	0	0	0	0	8.7	290	8.9	120	9.4	100	0	0	8.7	0	0	211355	
SMT	13.2	10.8	12	0	0	0	0	0	0	0	0	0	0	0	12.2	10	12.9	300	0	0	0	0	12	0	0	104756	
SPI	1.1	0.9	1	0	0	0	0	0.9	53780	-0.1	-10	0.9	1500	7550	1	11680	1.1	25880	0	0	1	0.9	0.91	0	0	802505	
SRA	13.4	11	12.2	11.7	1480	11.8	1830	11.9	1230	-0.2	-1.64	12	110	5770	12	820	12.1	750	12.2	690	12.2	11.6	11.98	0	5	837361	
SSM	7.9	6.5	7.2	0	0	0	0	0	0	0	0	0	0	0	7.8	640	7.9	80	0	0	0	0	7.2	0	0	248263	
STC	16	13.2	14.6	13.5	30	14	10	14.6	40	0.8	5.48	15.4	10	20	15.5	10	16	90	0	0	15.4	14.7	15.05	0	0	245841	
STP	6.9	5.7	6.3	0	0	0	0	5.8	20	0	0	0	0	0	6.2	60	6.8	110	6.9	1010	0	0	6.3	0	0	388193	
SVN	1.9	1.7	1.8	0	0	0	0	1.7	530	0	0	1.8	80	3160	1.9	2230	0	0	0	0	1.9	1.7	1.79	0	300	858910	
SZB	32.4	26.6	29.5	28.5	60	28.7	100	28.8	110	1.2	4.07	30.7	10	330	30.6	90	30.7	150	31	5010	30.7	27.5	29.59	0	0	1470000	
TA9	10.2	8.4	9.3	0	0	8.4	50	8.5	80	0	0	0	0	0	9.4	530	9.5	10	9.6	120	0	0	9.3	0	0	579042	
TAR	29	23.8	26.4	24	3210	24.1	2530	24.2	1490	-2.2	-8.33	24.2	10	30640	24.7	10	24.8	150	24.9	110	26.5	24.2	25.34	0	0	1714180	
TBX	24.5	20.1	22.3	0	0	0	0	0	0	0	0	0	0	0	22	300	0	0	0	0	0	0	22.3	0	0	73981	
TC6	4.5	3.7	4.1	4	400	4.1	1050	4.2	150	0.1	2.44	4.2	10	1480	4.3	4690	4.4	1120	4.5	50	4.2	4.2	4.2	0	0	1494371	
TCS	8.9	7.3	8.1	7.7	920	7.8	710	7.9	240	0	0	8.1	10	3050	8.1	990	8.2	500	8.3	50	8.1	7.7	7.82	0	0	1178283	
TDN	6.3	5.3	5.8	5.5	2340	5.6	1300	5.7	80	-0.1	-1.72	5.7	20	5880	5.8	920	5.9	880	6	760	5.9	5.5	5.63	0	0	1439107	
TDT	10.8	9	9.9	9.7	550	9.8	660	9.9	200	0.1	1.01	10	30	3310	10	2280	10.1	450	10.2	1390	10	9.7	9.88	250	0	569161	
TET	33.2	27.2	30.2	0	0	0	0	0	0	0	0	0	0	0	0	0	0	0	0	0	0	0	30.2	0	0	279394	
TFC	4.9	4.1	4.5	4.3	500	4.4	130	4.5	50	0.1	2.22	4.6	20	80	4.7	180	4.8	30	4.9	800	4.7	4.6	4.65	0	0	284979	
THB	9.1	7.5	8.3	8	300	8.3	70	8.4	10	0.4	4.82	8.7	10	20	8.8	60	9.1	250	0	0	8.7	8.3	8.5	10	0	513383	
THS	7.9	6.5	7.2	0	0	0	0	0	0	0	0	0	0	0	0	0	0	0	0	0	0	0	7.2	0	0	146790	
THT	8.5	7.1	7.8	7.2	100	7.3	140	7.5	1280	0	0	7.8	10	400	7.8	710	7.9	2270	8.3	50	7.8	7.5	7.53	0	0	726556	
TIG	7.2	6	6.6	6.3	28650	6.4	24470	6.5	10470	0	0	6.6	50	84560	6.6	14270	6.7	14840	6.8	39360	6.6	6.4	6.53	20	0	2874726	
TJC	7.1	5.9	6.5	0	0	6	20	6.2	30	0	0	6.5	10	40	0	0	0	0	0	0	7.1	6.5	6.95	0	0	419386	
TKC	3.3	2.7	3	2.8	200	2.9	670	3	60	0.1	3.33	3.1	10	370	3.1	1580	3.2	1100	3.3	1200	3.1	3	3.01	0	20	556469	
TKU	13.4	11	12.2	0	0	0	0	0	0	0.7	5.74	12.9	50	350	12.5	500	12.6	300	12.8	710	12.9	12.2	12.3	0	0	54256	
TMB	13.3	10.9	12.1	0	0	0	0	11	190	0	0	0	0	0	13.3	160	0	0	0	0	0	0	12.1	0	0	734800	
TMC	12.9	10.7	11.8	0	0	0	0	10.7	20	0	0	0	0	0	12.8	60	12.9	1010	0	0	0	0	11.8	0	0	596900	
TMX	16.8	13.8	15.3	0	0	0	0	0	0	0	0	0	0	0	16.8	30	0	0	0	0	0	0	15.3	0	0	244851	
TNG	15.1	12.5	13.8	13.6	9990	13.7	6620	13.8	11060	0	0	13.8	30	119240	13.9	1490	14	7300	14.1	5740	14.2	13.8	13.88	0	0	2767323	
TPH	9.3	7.7	8.5	0	0	0	0	0	0	0	0	0	0	0	0	0	0	0	0	0	0	0	8.5	0	0	98452	
TPP	14.6	12	13.3	0	0	0	0	0	0	0	0	0	0	0	14.6	100	0	0	0	0	0	0	13.3	0	0	971887	
TSB	7.7	6.3	7	0	0	0	0	0	0	0	0	0	0	0	0	0	0	0	0	0	0	0	7	0	0	330508	
TST	9.2	7.6	8.4	0	0	0	0	0	0	0	0	0	0	0	8.5	50	8.6	500	8.7	20	0	0	8.4	0	0	220670	
TTC	13.2	10.8	12	0	0	0	0	10.8	30	-1.1	-9.17	10.9	10	10	12	90	0	0	0	0	10.9	10.9	10.9	0	0	259298	
TTH	2	1.8	1.9	0	0	1.8	20270	1.9	5000	0.1	5.26	2	500	11820	2	19470	0	0	0	0	2	1.9	1.91	0	0	1796410	
TTL	7.5	6.3	6.9	0	0	6.3	500	6.4	500	0	0	6.9	10	830	6.9	1220	7	200	7.1	100	6.9	6.5	6.53	0	0	2053472	
TTT	41.6	34.2	37.9	0	0	34.2	210	35	100	-0.2	-0.53	37.7	10	20	37.9	210	39	30	40	40	37.7	36.8	37.25	0	0	197510	
TTZ	1.8	1.6	1.7	0	0	1.6	4490	1.7	2770	0.1	5.88	1.8	90	500	1.8	4730	0	0	0	0	1.8	1.7	1.72	0	0	169112	
TV3	31.5	25.9	28.7	0	0	0	0	26.2	10	0	0	0	0	0	31	10	31.5	20	0	0	0	0	28.7	0	0	405465	
TV4	12.5	10.3	11.4	11.1	50	11.2	100	11.3	50	0	0	11.4	200	450	11.6	200	11.7	100	11.8	90	11.8	11.4	11.52	0	0	774742	
TVC	34.3	28.1	31.2	30.5	1880	30.6	1270	30.7	1940	-0.4	-1.28	30.8	280	19940	30.8	360	30.9	540	31	270	31.7	30.4	30.99	0	0	1960658	
TVD	7.1	5.9	6.5	6.4	310	6.5	590	6.6	30	0.2	3.08	6.7	10	6940	6.7	120	6.8	2000	6.9	30	6.7	6.5	6.57	0	0	2190380	
TXM	3.3	2.7	3	2.8	10	3	1020	3.3	2240	0.3	10	3.3	40	2170	0	0	0	0	0	0	3.3	3.3	3.3	0	1500	218727	
UNI	4.4	3.6	4	3.6	200	3.7	8320	3.8	120	0	0	0	0	0	4.3	100	4.4	20	0	0	0	0	4	0	0	739633	
V12	11.4	9.4	10.4	0	0	0	0	9.4	100	1	9.62	11.4	10	10	11.4	2090	0	0	0	0	11.4	11.4	11.4	0	0	285032	
V21	8	6.6	7.3	0	0	0	0	0	0	-0.7	-9.59	6.6	10	110	6.6	440	6.7	340	7.9	300	6.7	6.6	6.61	0	0	587649	
VAT	1.6	1.4	1.5	0	0	0	0	0	0	0	0	0	0	0	0	0	0	0	0	0	0	0	1.5	0	0	199108	
VBC	19	15.6	17.3	16	20	16.1	50	17	200	0	0	0	0	0	18.5	80	18.6	100	0	0	0	0	17.3	0	0	349843	
VC1	12.7	10.5	11.6	0	0	0	0	0	0	0	0	0	0	0	11.5	20	11.6	10	12	190	0	0	11.6	0	0	557269	
VC2	14	11.6	12.8	0	0	0	0	11.7	40	0	0	0	0	0	12.8	120	13	100	13.9	100	0	0	12.8	0	0	730378	
VC3	17.7	14.5	16.1	16	640	16.1	630	16.2	220	0.2	1.24	16.3	30	17410	16.3	730	16.4	290	16.5	1020	16.4	16.1	16.27	0	0	2988123	
VC6	8.3	6.9	7.6	0	0	0	0	7.6	200	0	0	0	0	0	7.7	50	7.8	100	8.1	10	0	0	7.6	0	0	311542	
VC7	6.3	5.3	5.8	0	0	0	0	5.3	60	-0.2	-3.45	5.6	10	360	5.6	10	5.7	170	5.8	500	5.6	5.3	5.31	0	0	1117840	
VC9	11	9	10	0	0	0	0	9	10	1	10	11	10	10	9.2	10	11	2570	0	0	11	11	11	0	0	556625	
VCC	10.4	8.6	9.5	8.6	100	8.9	60	9	40	0.9	9.47	10.4	10	1310	10.4	240	0	0	0	0	10.4	8.9	9.04	0	0	587210	
VCG	27.6	22.6	25.1	24.7	820	24.8	620	24.9	510	0	0	25.1	80	3890	25.1	4970	25.2	760	25.3	300	25.1	25	25.06	0	0	21442549	
VCM	19.3	15.9	17.6	0	0	16.1	50	16.2	20	0	0	0	0	0	19.3	90	0	0	0	0	0	0	17.6	0	0	0	
VCS	73.7	60.3	67	67	4320	67.1	510	67.2	30	0.3	0.45	67.3	100	21490	67.3	150	67.4	110	67.5	830	68.1	66.9	67.19	310	0	7417710	
VDL	25.3	20.7	23	0	0	0	0	21	50	0	0	0	0	0	23	10	25	20	0	0	0	0	23	0	0	706285	
VE1	8.3	6.9	7.6	0	0	0	0	0	0	0	0	0	0	0	8	12400	8.2	300	0	0	0	0	7.6	0	0	114226	
VE2	7.7	6.3	7	0	0	0	0	0	0	0	0	0	0	0	7.7	60	0	0	0	0	0	0	7	0	0	104103	
VE3	6.3	5.3	5.8	0	0	0	0	6.3	410	0.5	8.62	6.3	90	9590	0	0	0	0	0	0	6.3	6.3	6.3	0	0	56589	
VE4	5.6	4.6	5.1	0	0	0	0	4.6	50	0	0	0	0	0	5.1	80	5.5	10	5.6	50	0	0	5.1	0	0	47582	
VE8	9.9	8.1	9	0	0	0	0	0	0	0	0	0	0	0	9	110	9.1	200	9.2	200	0	0	9	0	0	87680	
VE9	1.4	1.2	1.3	0	0	0	0	1.2	1890	0	0	1.3	10	4090	1.3	14240	1.4	5690	0	0	1.3	1.2	1.2	0	2240	535637	
VGP	12.1	9.9	11	10.7	10	10.9	200	11	200	0.7	6.36	11.7	10	60	11.7	10	11.8	80	11.9	40	12	11.7	11.75	0	0	386558	
VGS	8.9	7.3	8.1	7.6	810	7.9	410	8	120	-0.1	-1.23	8	80	5790	8.1	2570	8.2	3170	8.3	1360	8.2	7.9	8.04	0	0	1997545	
VHE	6	5	5.5	5.1	290	5.2	10	5.3	110	0.1	1.82	5.6	10	620	5.6	280	5.9	140	6	600	5.6	5.3	5.3	0	0	0	
VHL	27.2	22.4	24.8	25.7	20	26.5	40	27.2	190	2.4	9.68	27.2	30	1590	0	0	0	0	0	0	27.2	25.6	26.95	0	0	1174192	
VIE	6.7	5.5	6.1	0	0	0	0	0	0	0	0	0	0	0	0	0	0	0	0	0	0	0	6.1	0	0	100079	
VIF	19	15.6	17.3	0	0	15.7	300	16.5	20	-0.1	-0.58	17.2	10	30	17.2	30	17.4	370	17.8	10	17.2	16.5	16.73	0	0	0	
VIG	0.9	0.7	0.8	0	0	0	0	0.7	101410	0	0	0.8	970	42120	0.8	17180	0.9	25560	0	0	0.8	0.7	0.72	750	0	1632671	
VIT	15.9	13.1	14.5	13.9	50	14	840	14.1	20	-0.1	-0.69	14.4	10	50	14.4	100	14.5	730	14.6	220	14.4	14.4	14.4	0	0	944950	
VIX	5.5	4.5	5	4.7	1510	4.8	1430	4.9	5860	-0.1	-2	4.9	70	7060	5	400	5.1	1430	5.2	990	5.1	4.9	4.95	0	0	5565390	
VKC	2.8	2.4	2.6	0	0	2.4	1700	2.5	3140	0	0	2.6	180	1310	2.6	260	2.7	6020	2.8	4000	2.6	2.6	2.6	0	0	695533	
VLA	12.7	10.5	11.6	0	0	0	0	0	0	0	0	0	0	0	0	0	0	0	0	0	0	0	11.6	0	0	46370	
VMC	10.7	8.9	9.8	9.5	350	9.6	480	9.7	50	0	0	9.8	20	180	9.8	100	9.9	410	10	750	9.8	9.6	9.69	0	0	921000	
VMI	0.7	0.5	0.6	0	0	0	0	0	0	0	0	0	0	0	0	0	0	0	0	0	0	0	0.6	0	0	449469	
VMS	6.4	5.4	5.9	0	0	5.4	1230	5.8	260	0.5	8.47	6.4	10	10	6.4	500	0	0	0	0	6.4	6.4	6.4	10	0	435350	
VNC	36.3	29.7	33	30.1	30	30.3	30	32.2	20	0.2	0.61	33.2	10	10	33.2	20	35.1	20	35.2	20	33.2	33.2	33.2	0	0	375819	
VNF	34.4	28.2	31.3	0	0	0	0	0	0	0	0	0	0	0	31.3	250	33	10	0	0	0	0	31.3	0	0	377695	
VNR	20.7	17.1	18.9	18.3	50	18.4	50	18.5	50	-0.3	-1.59	18.6	10	1170	19.8	110	19.9	700	20	580	19.9	18.6	19.71	1000	0	2721179	
VNT	55.2	45.2	50.2	50	30	50.2	500	50.4	10	0.2	0.4	50.4	10	3320	0	0	0	0	0	0	55.2	50.2	55.09	0	0	410950	
VSA	15.5	12.7	14.1	0	0	12.7	70	13	380	0	0	0	0	0	0	0	0	0	0	0	0	0	14.1	0	0	635133	
VSM	11.8	9.8	10.8	10	10	10.1	10	11	20	-0.7	-6.48	10.1	10	20	11.8	40	0	0	0	0	11.8	10.1	10.95	0	0	137591	
VTC	11	9	10	0	0	0	0	9	70	0	0	0	0	0	10.4	170	11	370	0	0	0	0	10	0	0	169242	
VTH	11.5	9.5	10.5	0	0	0	0	0	0	0	0	0	0	0	11.5	10	0	0	0	0	0	0	10.5	0	0	243990	
VTJ	5.8	4.8	5.3	0	0	0	0	0	0	0	0	0	0	0	5.6	500	5.8	180	0	0	0	0	5.3	0	0	558430	
VTL	17.9	14.7	16.3	0	0	0	0	14.7	10	-1.6	-9.82	14.7	10	10	17.9	10	0	0	0	0	14.7	14.7	14.7	0	0	243261	
VTS	31.3	25.7	28.5	0	0	0	0	0	0	0	0	0	0	0	25.7	190	28	680	28.5	10	0	0	28.5	0	0	52936	
VTV	7.5	6.3	6.9	0	0	0	0	6.3	100	0.1	1.45	7	100	860	7.4	100	7.5	240	0	0	7	7	7	0	0	1522519	
VXB	7.5	6.3	6.9	0	0	0	0	0	0	0.1	1.45	7	10	20	7	40	7.1	800	7.3	130	7.3	7	7.15	0	0	198381	
WCS	185.1	151.5	168.3	166	10	167	20	167.3	10	0	0	0	0	0	169.5	10	170	20	172	90	0	0	168.3	0	0	56547	
WSS	1.9	1.7	1.8	0	0	0	0	1.7	1300	0	0	1.8	150	250	1.9	380	0	0	0	0	1.9	1.8	1.84	0	0	2346880	
X20	8.8	7.2	8	0	0	0	0	0	0	0	0	0	0	0	0	0	0	0	0	0	0	0	8	0	0	845040	
