HNXMSCAP
140.2
-0.7	-0.5
7506500	47.36	
LBE	41.4	34	37.7	0	0	0	0	0	0	0	0	0	0	0	0	0	0	0	0	0	0	0	37.7	0	0	53330	0	0	
PJC	27.2	22.4	24.8	0	0	0	0	0	0	0	0	0	0	0	25	20	27.2	40	0	0	0	0	24.8	0	0	351308	0	0	
NGC	2.7	2.3	2.5	0	0	0	0	0	0	0	0	2.5	10	890	2.5	1280	2.7	260	0	0	2.5	2.3	2.3	0	0	81496	0	0	
TSB	7.7	6.3	7	0	0	0	0	0	0	0	0	0	0	0	0	0	0	0	0	0	0	0	7	0	0	330508	0	0	
CSC	25.1	20.7	22.9	21.7	40	22	20	22.1	700	-0.8	-3.49	22.1	300	1790	22.8	10	22.9	30	23	230	23	22.1	22.19	0	0	942189	0	0	
VXB	7.5	6.3	6.9	0	0	0	0	0	0	0.1	1.45	7	10	20	7	40	7.1	800	7.3	130	7.3	7	7.15	0	0	198381	0	0	
TTC	13.2	10.8	12	0	0	0	0	10.8	30	-1.1	-9.17	10.9	10	10	12	90	0	0	0	0	10.9	10.9	10.9	0	0	259298	0	0	
CTC	3.6	3	3.3	0	0	0	0	0	0	0	0	0	0	0	0	0	0	0	0	0	0	0	3.3	0	0	430569	0	0	
TV3	31.5	25.9	28.7	0	0	0	0	26.2	10	0	0	0	0	0	31	10	31.5	20	0	0	0	0	28.7	0	0	405465	0	0	
CTP	3.3	2.7	3	0	0	2.8	430	2.9	440	0.1	3.33	3.1	10	2590	3.1	770	3.2	220	3.3	190	3.3	2.9	3.02	0	0	583701	0	0	
TVD	7.1	5.9	6.5	6.4	310	6.5	590	6.6	30	0.2	3.08	6.7	10	6940	6.7	120	6.8	2000	6.9	30	6.7	6.5	6.57	0	0	2190380	0	0	
S55	25.4	20.8	23.1	20.8	100	21	10	22.5	170	0	0	0	0	0	24	100	24.6	100	25.4	500	0	0	23.1	0	0	485782	0	0	
CVN	12.1	9.9	11	0	0	10.1	890	10.2	100	-0.8	-7.27	10.2	190	3330	10.5	180	10.6	90	10.8	250	11	10.2	10.53	0	0	404110	0	0	
HAD	15.6	12.8	14.2	13.8	500	13.9	10	14.1	300	0	0	14.2	70	410	14.3	100	14.5	80	14.6	880	14.3	14.2	14.2	0	0	156539	0	0	
LIG	3.4	2.8	3.1	2.8	950	2.9	3540	3	400	0	0	3.1	10	11260	3.1	3640	3.2	2320	3.3	1050	3.1	3	3	0	0	2136093	0	0	
CX8	9.4	7.8	8.6	0	0	0	0	0	0	0	0	0	0	0	0	0	0	0	0	0	0	0	8.6	0	0	102786	0	0	
ITQ	2.5	2.1	2.3	2.1	11810	2.2	16770	2.3	410	0	0	2.3	10	6630	2.4	5600	2.5	2550	0	0	2.4	2.3	2.3	0	0	1165771	0	0	
PBP	7.5	6.3	6.9	0	0	6.3	100	6.8	250	0.1	1.45	7	10	370	7	40	7.2	450	7.3	450	7.4	6.8	6.85	0	0	230901	0	0	
VNT	55.2	45.2	50.2	50	30	50.2	500	50.4	10	0.2	0.4	50.4	10	3320	0	0	0	0	0	0	55.2	50.2	55.09	0	0	410950	0	0	
CIA	12.7	10.5	11.6	11.1	300	11.3	250	11.4	80	-0.2	-1.72	11.4	10	530	11.7	70	11.8	120	11.9	100	11.7	11.4	11.62	0	0	565434	0	0	
TKU	13.4	11	12.2	0	0	0	0	0	0	0.7	5.74	12.9	50	350	12.5	500	12.6	300	12.8	710	12.9	12.2	12.3	0	0	54256	0	0	
CJC	18.8	15.4	17.1	0	0	0	0	0	0	0	0	0	0	0	17.1	1000	17.2	300	17.3	260	0	0	17.1	0	0	194710	0	0	
NBC	6.8	5.6	6.2	5.7	2250	5.9	700	6	1930	-0.1	-1.61	6.1	100	5700	6.2	3780	6.3	2750	6.4	2850	6.2	6.1	6.1	0	0	1525740	0	0	
CLH	18.9	15.5	17.2	17	200	17.1	10	17.2	20	0.6	3.49	17.8	100	320	17.5	40	17.8	20	17.9	300	17.8	17.2	17.46	0	0	488530	0	0	
NAP	14.3	11.7	13	0	0	0	0	12.5	10	0	0	0	0	0	0	0	0	0	0	0	0	0	13	0	0	1054342	0	0	
PEN	5.5	4.5	5	0	0	4.5	50	5	20	0	0	0	0	0	0	0	0	0	0	0	0	0	5	0	0	245000	0	0	
NBP	13.2	10.8	12	0	0	0	0	10.8	300	0	0	0	0	0	12.3	170	12.4	30	12.5	40	0	0	12	0	0	530279	0	0	
VSA	15.5	12.7	14.1	0	0	12.7	70	13	380	0	0	0	0	0	0	0	0	0	0	0	0	0	14.1	0	0	635133	0	0	
NBW	29.2	24	26.6	0	0	0	0	25.6	50	-0.6	-2.26	26	30	50	26.5	30	26.6	320	27	300	28.1	26	26.54	0	0	225960	0	0	
VTL	17.9	14.7	16.3	0	0	0	0	14.7	10	-1.6	-9.82	14.7	10	10	17.9	10	0	0	0	0	14.7	14.7	14.7	0	0	243261	0	0	
VTJ	5.8	4.8	5.3	0	0	0	0	0	0	0	0	0	0	0	5.6	500	5.8	180	0	0	0	0	5.3	0	0	558430	0	0	
VTH	11.5	9.5	10.5	0	0	0	0	0	0	0	0	0	0	0	11.5	10	0	0	0	0	0	0	10.5	0	0	243990	0	0	
VTV	7.5	6.3	6.9	0	0	0	0	6.3	100	0.1	1.45	7	100	860	7.4	100	7.5	240	0	0	7	7	7	0	0	1522519	0	0	
VTS	31.3	25.7	28.5	0	0	0	0	0	0	0	0	0	0	0	25.7	190	28	680	28.5	10	0	0	28.5	0	0	52936	0	0	
TPP	14.6	12	13.3	0	0	0	0	0	0	0	0	0	0	0	14.6	100	0	0	0	0	0	0	13.3	0	0	971887	0	0	
VTC	11	9	10	0	0	0	0	9	70	0	0	0	0	0	10.4	170	11	370	0	0	0	0	10	0	0	169242	0	0	
PIC	9.9	8.1	9	8.1	30	8.2	60	8.6	20	0	0	0	0	0	0	0	0	0	0	0	0	0	9	0	0	1633642	0	0	
DBT	11.4	9.4	10.4	0	0	9.6	50	10.2	20	0.3	2.88	10.7	20	40	10.8	200	11	170	0	0	10.7	10.4	10.55	0	0	0	0	0	
HJS	25.3	20.7	23	20.8	50	21.5	50	23	110	0	0	0	0	0	24.9	110	25	10	25.3	30	0	0	23	0	0	1027132	0	0	
SAF	55	45	50	45	120	46	300	46.1	60	-4	-8	46	10	80	49	10	50	20	52.6	20	46	46	46	0	0	359611	0	0	
HKB	0.9	0.7	0.8	0	0	0	0	0	0	-0.1	-12.5	0.7	100	39910	0	7110	0.7	3060	0.8	57170	0.8	0.7	0.7	0	0	2462558	0	0	
LUT	2	1.8	1.9	0	0	0	0	1.8	20	0	0	0	0	0	1.9	20	2	480	0	0	0	0	1.9	0	0	732722	0	0	
FID	1	0.8	0.9	0	0	0.8	1600	0.9	1590	0.1	11.11	1	680	2060	1	1000	0	0	0	0	1	1	1	1800	0	1151466	0	0	
BBS	12.6	10.4	11.5	0	0	0	0	0	0	0	0	0	0	0	0	0	0	0	0	0	0	0	11.5	0	0	291494	0	0	
BAX	46.7	38.3	42.5	40	100	40.5	10	40.6	10	0.4	0.94	42.9	10	790	42.8	20	42.9	40	43	20	42.9	39.9	42.47	750	0	387100	0	0	
SCI	15	12.4	13.7	13.3	360	13.4	630	13.5	470	0	0	13.7	20	3150	13.7	20	13.8	350	13.9	340	13.8	13.5	13.65	0	0	592894	0	0	
SD9	5.5	4.5	5	4.6	70	4.7	40	4.8	240	0	0	5	100	600	5	1400	5.1	1120	5.2	2050	5	5	5	0	0	1436671	0	0	
SEB	31.3	25.7	28.5	28.5	230	28.7	50	29	1000	1.9	6.67	30.4	20	120	30.5	120	30.8	50	31	80	30.4	30.4	30.4	0	0	1563244	0	0	
SED	15.4	12.6	14	13.1	10	13.2	20	13.4	70	0	0	14	20	850	14	980	14.3	100	14.4	10	14	14	14	850	850	335589	0	0	
SGD	10.1	8.3	9.2	9.3	70	9.4	50	9.5	20	0.3	3.26	9.5	30	80	9.9	10	10	20	0	0	9.5	9.5	9.5	0	0	196843	0	0	
SFN	28	23	25.5	0	0	0	0	23	10	0	0	0	0	0	28	10	0	0	0	0	0	0	25.5	0	0	144576	0	0	
HBE	8.2	6.8	7.5	0	0	0	0	6.8	60	-0.7	-9.33	6.8	20	30	7.5	130	0	0	0	0	7.5	6.8	7.03	0	0	62866	0	0	
ATS	29.3	24.1	26.7	0	0	0	0	0	0	0	0	0	0	0	0	0	0	0	0	0	0	0	26.7	0	0	171480	0	0	
HAT	21.6	17.8	19.7	18.2	20	19	40	19.2	100	-0.1	-0.51	19.6	40	210	19.6	40	19.7	60	19.8	120	19.8	19.2	19.43	0	0	129692	0	0	
PSW	7.3	6.1	6.7	0	0	0	0	6.1	100	0	0	0	0	0	7.3	60	0	0	0	0	0	0	6.7	0	0	817960	0	0	
HBS	2	1.8	1.9	0	0	1.8	5510	1.9	400	0.1	5.26	2	10	4290	2	600	0	0	0	0	2	1.8	1.81	0	0	1594525	0	0	
PSI	2.8	2.4	2.6	0	0	0	0	0	0	-0.1	-3.85	2.5	30	50	2.5	70	2.6	30	2.8	440	2.5	2.5	2.5	0	0	2039450	0	0	
PTS	5.6	4.6	5.1	0	0	4.6	300	4.7	60	0	0	0	0	0	5.2	90	5.3	90	5.4	90	0	0	5.1	0	0	260283	0	0	
PV2	2.8	2.4	2.6	0	0	2.4	50	2.5	30	0	0	0	0	0	2.6	130	2.8	600	0	0	0	0	2.6	0	0	1828500	0	0	
PVX	0.9	0.7	0.8	0	0	0	0	0.7	317980	-0.1	-12.5	0.7	550	34470	0.8	133340	0.9	192070	0	0	0.8	0.7	0.74	0	0	19366245	0	0	
PVC	5.8	4.8	5.3	5	1130	5.1	4520	5.2	4430	0	0	5.3	10	3730	5.3	490	5.4	76070	5.5	7460	5.4	5.2	5.28	1	0	1887002	0	0	
PVB	15.8	13	14.4	14	2150	14.1	740	14.2	260	-0.1	-0.69	14.3	10	22070	14.3	990	14.4	810	14.5	1420	14.6	14.2	14.36	0	0	1057591	0	0	
PVL	1.3	1.1	1.2	0	0	0	0	1.1	7190	0	0	1.2	10	4080	1.2	12180	1.3	4000	0	0	1.2	1.1	1.11	0	0	2376859	0	0	
PVG	7.7	6.3	7	6.6	600	6.7	870	6.8	810	-0.1	-1.43	6.9	390	500	7	5130	7.1	30	7.6	200	6.9	6.9	6.9	0	0	1762139	0	0	
HHP	13.4	11	12.2	11.5	3450	11.6	3220	11.7	1320	-0.4	-3.28	11.8	30	16900	11.8	570	11.9	420	12	390	12.2	11.7	11.87	0	0	851793	0	0	
HHG	1.2	1	1.1	0	0	1	7710	1.1	6360	0	0	1.1	190	1560	1.2	13580	0	0	0	0	1.2	1.1	1.19	0	0	1652928	0	0	
NTH	30.8	25.2	28	0	0	26	50	27	100	0	0	28	50	50	28.5	50	29	100	29.5	100	28	28	28	0	0	529300	0	0	
DAE	15.6	12.8	14.2	13.6	20	13.7	30	13.8	20	0	0	14.2	50	100	14.2	1020	14.5	20	14.6	500	14.2	14.2	14.2	100	100	61042	0	0	
DAD	18.1	14.9	16.5	0	0	14.9	10	15.1	10	0.3	1.82	16.8	10	40	16.7	10	16.9	500	17.3	10	16.8	14.9	15.38	10	0	93750	0	0	
SSM	7.9	6.5	7.2	0	0	0	0	0	0	0	0	0	0	0	7.8	640	7.9	80	0	0	0	0	7.2	0	0	248263	0	0	
STP	6.9	5.7	6.3	0	0	0	0	5.8	20	0	0	0	0	0	6.2	60	6.8	110	6.9	1010	0	0	6.3	0	0	388193	0	0	
STC	16	13.2	14.6	13.5	30	14	10	14.6	40	0.8	5.48	15.4	10	20	15.5	10	16	90	0	0	15.4	14.7	15.05	0	0	245841	0	0	
SVN	1.9	1.7	1.8	0	0	0	0	1.7	530	0	0	1.8	80	3160	1.9	2230	0	0	0	0	1.9	1.7	1.79	0	300	858910	0	0	
DXP	11.3	9.3	10.3	10.1	230	10.2	20	10.3	170	0	0	10.3	30	1850	10.4	880	10.5	100	10.7	10	10.3	10.1	10.27	0	420	277927	0	0	
BTW	44	36	40	0	0	0	0	0	0	0	0	0	0	0	40	260	0	0	0	0	0	0	40	0	0	265131	0	0	
BTS	4.7	3.9	4.3	0	0	3.9	10	4	200	0	0	0	0	0	4.3	110	4.6	60	4.7	70	0	0	4.3	0	0	5863673	0	0	
ICG	5.5	4.5	5	4.7	30	4.8	20	4.9	10	0	0	5	20	370	5	50	5.1	90	5.2	10	5	4.9	4.97	170	0	844744	0	0	
MKV	11	9	10	0	0	0	0	0	0	0	0	0	0	0	10	540	11	20	0	0	0	0	10	0	0	221284	0	0	
QST	12.7	10.5	11.6	0	0	0	0	0	0	0	0	0	0	0	0	0	0	0	0	0	0	0	11.6	0	0	79380	0	0	
SHE	19.8	16.2	18	17.1	20	17.9	40	18	320	0	0	0	0	0	18.6	10	18.9	100	19	200	0	0	18	0	0	229040	0	0	
SIC	9.4	7.8	8.6	0	0	7.9	20	8.2	10	0.2	2.33	8.8	10	2090	8.8	1130	8.9	400	9	740	8.8	8.6	8.78	0	0	1168848	0	0	
HTC	25.8	21.2	23.5	21.5	100	23	50	23.1	100	0	0	0	0	0	25.8	100	0	0	0	0	0	0	23.5	0	0	524030	0	0	
SJC	0.8	0.6	0.7	0	0	0	0	0	0	0	0	0	0	0	0	0	0	0	0	0	0	0	0.7	0	0	350709	0	0	
SJ1	27.5	22.5	25	0	0	0	0	0	0	0	0	0	0	0	22.5	1970	27	60	27.5	130	0	0	25	0	0	1029806	0	0	
HTP	8.8	7.2	8	7.3	80	7.4	30	8	180	0	0	0	0	0	0	0	0	0	0	0	0	0	8	0	0	88044	0	0	
WSS	1.9	1.7	1.8	0	0	0	0	1.7	1300	0	0	1.8	150	250	1.9	380	0	0	0	0	1.9	1.8	1.84	0	0	2346880	0	0	
BII	0.9	0.7	0.8	0	0	0	0	0.7	10550	-0.1	-12.5	0.7	620	1930	0.8	59440	0.9	37260	0	0	0.8	0.7	0.71	0	0	2470175	0	0	
MAC	5.1	4.3	4.7	4.4	50	4.6	10	4.7	1130	0	0	4.7	470	470	4.8	510	4.9	1000	5	500	4.7	4.7	4.7	0	470	715244	0	0	
DPC	11.3	9.3	10.3	10	300	10.1	50	10.2	110	0	0	10.3	20	70	10.8	40	11	70	0	0	10.3	10.3	10.3	0	0	106768	0	0	
SMN	9.5	7.9	8.7	7.9	90	8	10	8.1	50	0	0	0	0	0	8.7	290	8.9	120	9.4	100	0	0	8.7	0	0	211355	0	0	
BKC	6.1	5.1	5.6	5.1	100	5.2	100	5.3	10	0	0	0	0	0	0	0	0	0	0	0	0	0	5.6	0	0	573668	0	0	
MAS	38.7	31.7	35.2	35.2	100	35.3	50	35.5	20	0.3	0.85	35.5	10	110	37	10	37.1	50	37.2	60	37.2	35.5	37.04	0	0	163962	0	0	
BLF	3	2.6	2.8	0	0	0	0	0	0	0	0	0	0	0	0	0	0	0	0	0	0	0	2.8	0	0	536148	0	0	
SMT	13.2	10.8	12	0	0	0	0	0	0	0	0	0	0	0	12.2	10	12.9	300	0	0	0	0	12	0	0	104756	0	0	
CAN	24.3	19.9	22.1	21.6	30	22.1	10	22.2	20	0	0	0	0	0	24.3	30	0	0	0	0	0	0	22.1	0	0	123068	0	0	
TBX	24.5	20.1	22.3	0	0	0	0	0	0	0	0	0	0	0	22	300	0	0	0	0	0	0	22.3	0	0	73981	0	0	
CAP	32.1	26.3	29.2	28	510	28.2	60	28.3	30	-0.9	-3.08	28.3	20	1920	28.4	100	28.5	310	28.6	250	28.9	28.3	28.52	0	330	247998	0	0	
L43	2.9	2.5	2.7	0	0	0	0	0	0	0	0	0	0	0	2.5	100	2.9	150	0	0	0	0	2.7	0	0	171450	0	0	
VHE	6	5	5.5	5.1	290	5.2	10	5.3	110	0.1	1.82	5.6	10	620	5.6	280	5.9	140	6	600	5.6	5.3	5.3	0	0	0	0	0	
VGP	12.1	9.9	11	10.7	10	10.9	200	11	200	0.7	6.36	11.7	10	60	11.7	10	11.8	80	11.9	40	12	11.7	11.75	0	0	386558	0	0	
VGS	8.9	7.3	8.1	7.6	810	7.9	410	8	120	-0.1	-1.23	8	80	5790	8.1	2570	8.2	3170	8.3	1360	8.2	7.9	8.04	0	0	1997545	0	0	
GKM	19.4	16	17.7	17.2	370	17.3	110	17.4	40	0	0	17.7	30	4320	17.7	1200	17.8	940	17.9	790	17.7	17.5	17.57	0	0	729301	0	0	
KTT	4.5	3.7	4.1	0	0	0	0	0	0	0	0	0	0	0	0	0	0	0	0	0	0	0	4.1	0	0	143424	0	0	
KTS	9	7.4	8.2	7.5	20	8.1	200	8.2	10	-0.1	-1.22	8.1	10	10	9	450	0	0	0	0	8.1	8.1	8.1	0	0	192493	0	0	
L62	7.7	6.3	7	0	0	0	0	0	0	0	0	0	0	0	7.7	130	0	0	0	0	0	0	7	0	0	0	0	0	
L61	14.1	11.7	12.9	0	0	0	0	0	0	0	0	0	0	0	11.7	50	13	20	13.5	260	0	0	12.9	0	0	0	0	0	
VKC	2.8	2.4	2.6	0	0	2.4	1700	2.5	3140	0	0	2.6	180	1310	2.6	260	2.7	6020	2.8	4000	2.6	2.6	2.6	0	0	695533	0	0	
KVC	1	0.8	0.9	0	0	0	0	0.8	157380	-0.1	-11.11	0.8	1320	44120	0.9	37760	1	52270	0	0	0.9	0.8	0.87	0	0	2272780	0	0	
AAV	5.3	4.5	4.9	5.2	3290	5.3	5410	0	5190	0.4	8.16	5.3	50	60940	0	0	0	0	0	0	5.3	4.9	5.18	0	0	0	0	0	
EID	11.6	9.6	10.6	10.3	10	10.4	30	10.5	530	0	0	10.6	10	4760	10.6	860	10.7	640	10.8	590	10.7	10.6	10.62	1750	0	385115	0	0	
THB	9.1	7.5	8.3	8	300	8.3	70	8.4	10	0.4	4.82	8.7	10	20	8.8	60	9.1	250	0	0	8.7	8.3	8.5	10	0	513383	0	0	
VMC	10.7	8.9	9.8	9.5	350	9.6	480	9.7	50	0	0	9.8	20	180	9.8	100	9.9	410	10	750	9.8	9.6	9.69	0	0	921000	0	0	
THT	8.5	7.1	7.8	7.2	100	7.3	140	7.5	1280	0	0	7.8	10	400	7.8	710	7.9	2270	8.3	50	7.8	7.5	7.53	0	0	726556	0	0	
THS	7.9	6.5	7.2	0	0	0	0	0	0	0	0	0	0	0	0	0	0	0	0	0	0	0	7.2	0	0	146790	0	0	
QTC	19.5	16.1	17.8	16.6	10	16.7	10	17	10	0	0	0	0	0	18.5	70	18.9	220	0	0	0	0	17.8	0	0	48926	0	0	
BXH	15.9	13.1	14.5	0	0	0	0	0	0	0	0	0	0	0	0	0	0	0	0	0	0	0	14.5	0	0	147589	0	0	
C92	8.2	6.8	7.5	0	0	0	0	0	0	-0.7	-9.33	6.8	20	30	0	30	6.8	510	0	0	6.8	6.8	6.8	0	0	258285	0	0	
VAT	1.6	1.4	1.5	0	0	0	0	0	0	0	0	0	0	0	0	0	0	0	0	0	0	0	1.5	0	0	199108	0	0	
VC7	6.3	5.3	5.8	0	0	0	0	5.3	60	-0.2	-3.45	5.6	10	360	5.6	10	5.7	170	5.8	500	5.6	5.3	5.31	0	0	1117840	0	0	
VCC	10.4	8.6	9.5	8.6	100	8.9	60	9	40	0.9	9.47	10.4	10	1310	10.4	240	0	0	0	0	10.4	8.9	9.04	0	0	587210	0	0	
VC2	14	11.6	12.8	0	0	0	0	11.7	40	0	0	0	0	0	12.8	120	13	100	13.9	100	0	0	12.8	0	0	730378	0	0	
EBS	7.7	6.3	7	6.6	100	6.7	50	6.8	10	0	0	7	100	300	7	100	7.1	200	7.2	500	7	7	7	100	0	415210	0	0	
EBA	9.9	8.1	9	0	0	9	20	9.9	60	0	0	0	0	0	0	0	0	0	0	0	0	0	9	0	0	1550000	0	0	
TA9	10.2	8.4	9.3	0	0	8.4	50	8.5	80	0	0	0	0	0	9.4	530	9.5	10	9.6	120	0	0	9.3	0	0	579042	0	0	
VE9	1.4	1.2	1.3	0	0	0	0	1.2	1890	0	0	1.3	10	4090	1.3	14240	1.4	5690	0	0	1.3	1.2	1.2	0	2240	535637	0	0	
VE8	9.9	8.1	9	0	0	0	0	0	0	0	0	0	0	0	9	110	9.1	200	9.2	200	0	0	9	0	0	87680	0	0	
VDL	25.3	20.7	23	0	0	0	0	21	50	0	0	0	0	0	23	10	25	20	0	0	0	0	23	0	0	706285	0	0	
VE4	5.6	4.6	5.1	0	0	0	0	4.6	50	0	0	0	0	0	5.1	80	5.5	10	5.6	50	0	0	5.1	0	0	47582	0	0	
VE3	6.3	5.3	5.8	0	0	0	0	6.3	410	0.5	8.62	6.3	90	9590	0	0	0	0	0	0	6.3	6.3	6.3	0	0	56589	0	0	
VE1	8.3	6.9	7.6	0	0	0	0	0	0	0	0	0	0	0	8	12400	8.2	300	0	0	0	0	7.6	0	0	114226	0	0	
ALT	13	10.8	11.9	0	0	0	0	10.8	30	0	0	0	0	0	13	200	0	0	0	0	0	0	11.9	0	0	282665	0	0	
AMC	19.9	16.3	18.1	16.3	10	16.5	10	18	50	1.1	6.08	19.2	50	110	19.2	880	0	0	0	0	19.2	19.2	19.2	0	0	128530	0	0	
LCD	7.4	6.2	6.8	0	0	0	0	6.2	10	0	0	0	0	0	0	0	0	0	0	0	0	0	6.8	0	0	73500	0	0	
TST	9.2	7.6	8.4	0	0	0	0	0	0	0	0	0	0	0	8.5	50	8.6	500	8.7	20	0	0	8.4	0	0	220670	0	0	
NHC	38.1	31.3	34.7	0	0	0	0	31.3	10	0	0	0	0	0	34	120	34.5	50	35	480	0	0	34.7	0	0	97297	0	0	
LDP	22.8	18.8	20.8	0	0	0	0	18.8	10	0	0	0	0	0	20.6	80	20.7	10	20.8	20	0	0	20.8	0	0	0	0	0	
TTT	41.6	34.2	37.9	0	0	34.2	210	35	100	-0.2	-0.53	37.7	10	20	37.9	210	39	30	40	40	37.7	36.8	37.25	0	0	197510	0	0	
LCS	2.3	1.9	2.1	0	0	0	0	1.9	30	-0.1	-4.76	2	20	430	2.1	340	2.2	1000	2.3	500	2	1.9	1.9	0	0	372100	0	0	
PMS	18.7	15.3	17	0	0	15.3	30	15.5	900	-1.5	-8.82	15.5	100	370	17	200	17.1	280	17.4	50	15.5	15.3	15.43	0	0	315545	0	0	
PMP	8.9	7.3	8.1	7.7	60	7.8	10	8	10	0	0	0	0	0	8.9	10	0	0	0	0	0	0	8.1	0	0	203380	0	0	
TV4	12.5	10.3	11.4	11.1	50	11.2	100	11.3	50	0	0	11.4	200	450	11.6	200	11.7	100	11.8	90	11.8	11.4	11.52	0	0	774742	0	0	
TTZ	1.8	1.6	1.7	0	0	1.6	4490	1.7	2770	0.1	5.88	1.8	90	500	1.8	4730	0	0	0	0	1.8	1.7	1.72	0	0	169112	0	0	
PMC	55	45	50	48.3	10	48.4	10	48.5	10	-0.2	-0.4	49.8	10	210	49.9	10	50	70	50.3	50	49.9	47.8	49.06	20	0	253987	0	0	
PMB	9.3	7.7	8.5	0	0	0	0	7.8	10	0	0	0	0	0	9	360	9.1	200	9.2	300	0	0	8.5	0	0	461560	0	0	
API	10.3	8.5	9.4	8.5	50	8.6	20	9.4	200	0.6	6.38	10	10	10	10.1	10	10.2	10	10.3	60	10	10	10	10	0	177097	0	0	
APS	2.2	1.8	2	2.1	380	2.2	5330	0	2100	0.2	10	2.2	10	4090	0	0	0	0	0	0	2.2	2	2.11	0	0	2750605	0	0	
CTT	10.5	8.7	9.6	0	0	0	0	0	0	0	0	0	0	0	0	0	0	0	0	0	0	0	9.6	0	0	228970	0	0	
APP	4.8	4	4.4	0	0	0	0	4	90	0	0	0	0	0	4.4	550	0	0	0	0	0	0	4.4	0	0	226441	0	0	
POT	14.5	11.9	13.2	12.1	30	12.2	10	12.5	20	0.2	1.52	13.4	10	30	13.4	30	13.7	230	14.5	370	13.4	13.2	13.27	0	0	950192	0	0	
PPP	16.2	13.4	14.8	0	0	0	0	13.4	50	0	0	14.8	10	200	14.7	700	14.8	430	0	0	14.8	13.4	13.67	0	0	423057	0	0	
TXM	3.3	2.7	3	2.8	10	3	1020	3.3	2240	0.3	10	3.3	40	2170	0	0	0	0	0	0	3.3	3.3	3.3	0	1500	218727	0	0	
PPS	7.8	6.4	7.1	6.5	10	6.6	50	6.9	10	0	0	7.1	10	2610	7.1	1010	7.4	30	7.8	1470	7.1	7.1	7.1	2500	0	195508	0	0	
ARM	32.5	26.7	29.6	26.7	10	27.1	20	28	40	0	0	0	0	0	0	0	0	0	0	0	0	0	29.6	0	0	126933	0	0	
PPE	5	4.2	4.6	0	0	4.2	50	4.6	30	0	0	4.6	10	20	0	0	0	0	0	0	5	4.6	4.8	0	0	97470	0	0	
S74	4.7	3.9	4.3	0	0	0	0	4.3	160	0	0	4.3	500	1000	4.6	500	0	0	0	0	4.3	4.3	4.3	0	0	308588	0	0	
PPY	29	23.8	26.4	0	0	0	0	0	0	0	0	0	0	0	26.3	70	26.4	70	0	0	0	0	26.4	0	0	403666	0	0	
VNF	34.4	28.2	31.3	0	0	0	0	0	0	0	0	0	0	0	31.3	250	33	10	0	0	0	0	31.3	0	0	377695	0	0	
TJC	7.1	5.9	6.5	0	0	6	20	6.2	30	0	0	6.5	10	40	0	0	0	0	0	0	7.1	6.5	6.95	0	0	419386	0	0	
VNC	36.3	29.7	33	30.1	30	30.3	30	32.2	20	0.2	0.61	33.2	10	10	33.2	20	35.1	20	35.2	20	33.2	33.2	33.2	0	0	375819	0	0	
ADC	15.5	12.7	14.1	13.3	150	13.5	50	13.6	20	0	0	14.1	50	80	14.2	20	14.4	60	14.6	250	14.1	14.1	14.1	0	0	104819	0	0	
VMS	6.4	5.4	5.9	0	0	5.4	1230	5.8	260	0.5	8.47	6.4	10	10	6.4	500	0	0	0	0	6.4	6.4	6.4	10	0	435350	0	0	
PCG	5.6	4.6	5.1	0	0	0	0	4.6	30	0	0	0	0	0	5.1	1380	5.6	10	0	0	0	0	5.1	0	0	29448	0	0	
PCE	7.5	6.3	6.9	0	0	0	0	7.5	550	0	0	0	0	0	0	0	0	0	0	0	0	0	6.9	0	0	450880	0	0	
PDC	7.8	6.4	7.1	0	0	0	0	0	0	0	0	0	0	0	6.4	970	6.8	90	7.1	490	0	0	7.1	0	0	734590	0	0	
PDB	8.8	7.2	8	7.6	150	7.7	10	7.8	10	0	0	0	0	0	8	10	8.1	90	8.2	200	0	0	8	0	0	355877	0	0	
PCT	5.1	4.3	4.7	4.3	60	4.7	100	5.1	790	0.4	8.51	5.1	10	210	0	0	0	0	0	0	5.1	5.1	5.1	0	0	1099770	0	0	
CKV	16.7	13.7	15.2	0	0	0	0	13.7	170	0.3	1.97	15.5	10	250	15.9	20	16.7	30	0	0	15.5	13.7	13.99	40	0	145197	0	0	
TMC	12.9	10.7	11.8	0	0	0	0	10.7	20	0	0	0	0	0	12.8	60	12.9	1010	0	0	0	0	11.8	0	0	596900	0	0	
NAG	5.1	4.3	4.7	0	0	4.3	850	4.4	710	-0.2	-4.26	4.5	30	3560	4.5	470	4.6	100	4.7	730	4.7	4.5	4.6	0	0	710567	0	0	
TMX	16.8	13.8	15.3	0	0	0	0	0	0	0	0	0	0	0	16.8	30	0	0	0	0	0	0	15.3	0	0	244851	0	0	
CLM	17.6	14.4	16	0	0	14.6	50	14.7	10	0	0	0	0	0	17.2	50	17.6	10	0	0	0	0	16	0	0	0	0	0	
CMS	2.8	2.4	2.6	0	0	2.4	310	2.5	200	0	0	0	0	0	2.6	670	2.7	700	2.8	1610	0	0	2.6	0	0	816716	0	0	
TPH	9.3	7.7	8.5	0	0	0	0	0	0	0	0	0	0	0	0	0	0	0	0	0	0	0	8.5	0	0	98452	0	0	
CPC	17.1	14.1	15.6	14.2	70	14.5	10	14.7	20	-0.3	-1.92	15.3	10	40	15.4	50	15.6	10	15.8	10	15.3	15.3	15.3	0	0	127917	0	0	
PIA	27.6	22.6	25.1	24.1	60	24.2	10	24.5	500	0	0	25.1	10	10	27	10	27.1	20	27.5	50	25.1	25.1	25.1	0	0	158423	0	0	
D11	25.8	21.2	23.5	25.7	1000	25.8	1150	0	550	2.3	9.79	25.8	10	1970	0	0	0	0	0	0	25.8	24.5	25.69	0	0	320442	0	0	
NDX	14.1	11.7	12.9	12.8	200	12.9	490	13	300	0.2	1.55	13.1	100	410	13.1	100	13.2	200	0	0	13.1	12.9	12.95	0	0	281411	0	0	
DC4	15.7	12.9	14.3	0	0	0	0	0	0	0.5	3.5	14.8	30	40	14.8	340	14.9	10	15	80	14.9	14.8	14.82	0	0	1468583	0	0	
DC2	7.1	5.9	6.5	0	0	0	0	6	2100	0.1	1.54	6.6	300	300	6.5	10	6.6	210	6.7	190	6.6	6.6	6.6	0	0	123460	0	0	
HKT	4.1	3.5	3.8	3.8	290	3.9	50	4	60	0.2	5.26	4	50	60	0	0	0	0	0	0	4	3.9	3.98	0	0	298207	0	0	
HLY	49	40.2	44.6	0	0	0	0	0	0	0	0	0	0	0	40.2	70	40.5	20	0	0	0	0	44.6	0	0	43044	0	0	
HLD	20.2	16.6	18.4	20.1	100	20.2	1680	0	50	1.8	9.78	20.2	350	29450	0	0	0	0	0	0	20.2	18.9	20.12	0	200	808854	0	0	
HLC	8	6.6	7.3	0	0	0	0	0	0	0.4	5.48	7.7	10	10	7.7	10	7.8	20	7.9	20	7.7	7.7	7.7	0	0	1102303	0	0	
DDG	30.6	25.2	27.9	27.3	440	27.4	150	27.5	10	-0.3	-1.08	27.6	70	4710	27.6	140	27.8	110	27.9	400	27.9	27.6	27.71	0	0	1199990	0	0	
HMH	9.4	7.8	8.6	7.8	700	8	600	8.2	1230	0	0	0	0	0	8.7	90	8.9	90	9	10	0	0	8.6	0	0	391802	0	0	
SDA	2.6	2.2	2.4	2.2	270	2.3	320	2.4	440	0.2	8.33	2.6	10	100	2.6	1830	0	0	0	0	2.6	2.4	2.45	0	0	0	0	0	
SDG	35.6	29.2	32.4	0	0	0	0	0	0	0	0	0	0	0	0	0	0	0	0	0	0	0	32.4	0	0	330987	0	0	
SDC	17.8	14.6	16.2	0	0	0	0	0	0	0	0	0	0	0	16.8	20	17	10	0	0	0	0	16.2	0	0	107978	0	0	
HNM	4.9	4.1	4.5	0	0	0	0	0	0	0	0	0	0	0	0	0	0	0	0	0	0	0	4.5	0	0	963835	0	0	
SD6	2.5	2.1	2.3	2.1	220	2.2	800	2.3	300	0	0	2.3	700	1190	2.4	900	2.5	800	0	0	2.3	2.3	2.3	0	0	1226664	0	0	
SD5	5.1	4.3	4.7	4.3	790	4.4	740	4.5	170	-0.1	-2.13	4.6	10	290	4.6	50	4.7	110	4.8	180	4.7	4.4	4.52	10	170	1017939	0	0	
SD4	3.9	3.3	3.6	0	0	0	0	3.3	1080	-0.3	-8.33	3.3	10	430	3.5	50	3.8	40	3.9	120	3.3	3.3	3.3	0	0	464786	0	0	
SD2	6.7	5.5	6.1	0	0	0	0	5.8	300	0.1	1.64	6.2	10	40	6.2	210	6.3	1930	6.4	7510	6.2	6.2	6.2	0	0	619005	0	0	
SDN	32.2	26.4	29.3	0	0	0	0	0	0	0	0	0	0	0	29.3	10	0	0	0	0	0	0	29.3	0	0	36143	0	0	
BCF	59.4	48.6	54	0	0	0	0	0	0	-1	-1.85	53	100	200	54	60	55	20	56	70	53	53	53	0	0	0	0	0	
HOM	3.6	3	3.3	0	0	3	10000	3.1	860	0	0	3.3	20	210	3.3	2990	3.4	2320	3.5	620	3.3	3.2	3.28	0	0	3454940	0	0	
SDU	7.4	6.2	6.8	0	0	6.2	20	6.5	50	0	0	0	0	0	0	0	0	0	0	0	0	0	6.8	0	0	977790	0	0	
SDT	3.1	2.7	2.9	0	0	2.7	730	2.8	10	0	0	2.9	20	20	2.9	240	3	610	3.1	430	2.9	2.9	2.9	0	0	1717326	0	0	
BDB	11.8	9.8	10.8	0	0	0	0	0	0	0	0	0	0	0	11	100	0	0	0	0	0	0	10.8	0	0	55197	0	0	
HPM	14.1	11.7	12.9	0	0	0	0	0	0	0	0	0	0	0	11.7	90	12.9	80	0	0	0	0	12.9	0	0	179520	0	0	
SGC	62.7	51.3	57	57.1	10	57.2	60	57.3	10	3	5.26	60	10	200	61.9	30	62	10	62.1	10	62.4	59	61.83	0	0	343746	0	0	
SGH	45.5	37.3	41.4	0	0	0	0	37.8	60	0	0	0	0	0	45.5	80	0	0	0	0	0	0	41.4	0	0	600180	0	0	
DIH	16.3	13.5	14.9	0	0	0	0	0	0	0	0	0	0	0	15.4	50	15.5	100	16.3	90	0	0	14.9	0	0	293414	0	0	
PRC	10.4	8.6	9.5	0	0	0	0	0	0	0	0	0	0	0	0	0	0	0	0	0	0	0	9.5	0	0	58680	0	0	
PSC	17.4	14.4	15.9	0	0	0	0	14.4	120	0	0	0	0	0	16	10	0	0	0	0	0	0	15.9	0	0	350363	0	0	
HCC	11.5	9.5	10.5	10	60	10.1	170	10.4	100	0	0	10.5	10	70	10.5	40	10.6	200	10.8	60	10.5	10.5	10.5	0	0	221080	0	0	
PSE	7.9	6.5	7.2	0	0	0	0	6.5	100	0	0	0	0	0	7.3	50	7.4	10	7.5	10	0	0	7.2	0	0	556000	0	0	
PSD	11	9	10	9.5	320	9.6	100	9.7	50	0	0	10	10	100	10	260	10.2	150	10.8	310	10	10	10	0	0	1444977	0	0	
LM7	4.2	3.6	3.9	0	0	0	0	0	0	-0.3	-7.69	3.6	20	30	3.6	800	3.8	30	3.9	350	3.6	3.6	3.6	0	0	244670	0	0	
HCT	11.6	9.6	10.6	0	0	0	0	0	0	0	0	0	0	0	10.5	170	10.6	40	10.7	40	0	0	10.6	0	0	42872	0	0	
HDA	9.9	8.1	9	8.6	3460	8.7	3520	8.8	860	-0.1	-1.11	8.9	50	28200	8.9	400	9	960	9.1	820	9.1	8.8	8.84	0	0	497037	0	0	
WCS	185.1	151.5	168.3	166	10	167	20	167.3	10	0	0	0	0	0	169.5	10	170	20	172	90	0	0	168.3	0	0	56547	0	0	
FDT	42.6	35	38.8	0	0	0	0	0	0	0	0	0	0	0	0	0	0	0	0	0	0	0	38.8	0	0	149670	0	0	
SPI	1.1	0.9	1	0	0	0	0	0.9	53780	-0.1	-10	0.9	1500	7550	1	11680	1.1	25880	0	0	1	0.9	0.91	0	0	802505	0	0	
MDC	6.9	5.7	6.3	5.7	10	5.9	1040	6	20	0.6	9.52	6.9	10	10	0	0	0	0	0	0	6.9	6.9	6.9	0	0	676439	0	0	
MCO	2.6	2.2	2.4	2.2	1280	2.4	500	2.5	230	0.1	4.17	2.5	1000	3630	2.6	28330	0	0	0	0	2.5	2.2	2.45	0	0	192771	0	0	
BPC	12.8	10.6	11.7	0	0	0	0	0	0	-0.9	-7.69	10.8	30	210	10.9	40	11	60	11.6	100	10.9	10.8	10.89	0	0	178873	0	0	
QNC	3.4	2.8	3.1	3.2	70	3.3	100	3.4	400	0.3	9.68	3.4	90	110	0	0	0	0	0	0	3.4	3.2	3.38	0	0	968113	0	0	
SRA	13.4	11	12.2	11.7	1480	11.8	1830	11.9	1230	-0.2	-1.64	12	110	5770	12	820	12.1	750	12.2	690	12.2	11.6	11.98	0	5	837361	0	0	
KDM	2	1.8	1.9	0	0	0	0	1.8	1390	0	0	1.9	300	3670	1.9	200	2	3130	0	0	1.9	1.8	1.86	0	0	345583	0	0	
MIM	13.5	11.1	12.3	0	0	0	0	0	0	0	0	0	0	0	11.1	250	0	0	0	0	0	0	12.3	0	0	165835	0	0	
ONE	3.7	3.1	3.4	0	0	3.1	400	3.2	840	-0.1	-2.94	3.3	120	800	3.4	390	3.5	1570	3.6	200	3.3	3.3	3.3	0	0	321766	0	0	
DZM	3.3	2.7	3	3.1	1220	3.3	3640	0	3680	0.3	10	3.3	800	3690	0	0	0	0	0	0	3.3	3.3	3.3	0	0	209329	0	0	
X20	8.8	7.2	8	0	0	0	0	0	0	0	0	0	0	0	0	0	0	0	0	0	0	0	8	0	0	845040	0	0	
V12	11.4	9.4	10.4	0	0	0	0	9.4	100	1	9.62	11.4	10	10	11.4	2090	0	0	0	0	11.4	11.4	11.4	0	0	285032	0	0	
DNY	1.8	1.6	1.7	0	0	0	0	1.7	500	0	0	0	0	0	1.8	100	0	0	0	0	0	0	1.7	0	0	1297582	0	0	
V21	8	6.6	7.3	0	0	0	0	0	0	-0.7	-9.59	6.6	10	110	6.6	440	6.7	340	7.9	300	6.7	6.6	6.61	0	0	587649	0	0	
DNC	61.3	50.3	55.8	0	0	0	0	0	0	0	0	0	0	0	60	30	61.3	10	0	0	0	0	55.8	0	0	200562	0	0	
HVT	39.1	32.1	35.6	0	0	35.6	130	35.7	80	3.4	9.55	39	10	10	39	240	0	0	0	0	39	39	39	0	0	518626	0	0	
DNM	37.4	30.6	34	33.6	20	33.7	50	34	100	0.2	0.59	34.2	10	630	34.5	230	34.6	430	34.8	120	34.9	34	34.45	0	0	196636	0	0	
SLS	59.4	48.6	54	53	30	53.2	20	53.3	20	0	0	54	60	1100	54.5	50	54.9	30	55	10	56	54	54.18	0	0	443620	0	0	
DP3	89.1	72.9	81	80	130	80.1	40	81	180	0	0	81	40	460	81.2	20	81.4	20	81.5	60	81.5	81	81.15	0	50	417234	0	0	
DPS	0.3	0.1	0.2	0	0	0	0	0	0	0	0	0	0	0	0	0	0	0	0	0	0	0	0.2	0	0	1511121	0	0	
MCF	9.9	8.1	9	8.1	60	8.2	50	8.3	50	0.9	10	9.9	10	10	9.2	250	9.3	120	9.7	140	9.9	9.9	9.9	10	0	426007	0	0	
TC6	4.5	3.7	4.1	4	400	4.1	1050	4.2	150	0.1	2.44	4.2	10	1480	4.3	4690	4.4	1120	4.5	50	4.2	4.2	4.2	0	0	1494371	0	0	
INC	9.2	7.6	8.4	0	0	0	0	8	20	0	0	0	0	0	9.2	100	0	0	0	0	0	0	8.4	0	0	98000	0	0	
TCS	8.9	7.3	8.1	7.7	920	7.8	710	7.9	240	0	0	8.1	10	3050	8.1	990	8.2	500	8.3	50	8.1	7.7	7.82	0	0	1178283	0	0	
KSQ	1.4	1.2	1.3	0	0	1.2	12180	1.3	3260	0	0	1.3	180	6360	1.4	7980	0	0	0	0	1.3	1.2	1.3	0	0	1457160	0	0	
VIE	6.7	5.5	6.1	0	0	0	0	0	0	0	0	0	0	0	0	0	0	0	0	0	0	0	6.1	0	0	100079	0	0	
TDN	6.3	5.3	5.8	5.5	2340	5.6	1300	5.7	80	-0.1	-1.72	5.7	20	5880	5.8	920	5.9	880	6	760	5.9	5.5	5.63	0	0	1439107	0	0	
TDT	10.8	9	9.9	9.7	550	9.8	660	9.9	200	0.1	1.01	10	30	3310	10	2280	10.1	450	10.2	1390	10	9.7	9.88	250	0	569161	0	0	
GLT	26.1	21.5	23.8	0	0	21.7	10	21.8	20	0	0	0	0	0	23	100	24.9	80	25.4	50	0	0	23.8	0	0	247772	0	0	
TFC	4.9	4.1	4.5	4.3	500	4.4	130	4.5	50	0.1	2.22	4.6	20	80	4.7	180	4.8	30	4.9	800	4.7	4.6	4.65	0	0	284979	0	0	
TET	33.2	27.2	30.2	0	0	0	0	0	0	0	0	0	0	0	0	0	0	0	0	0	0	0	30.2	0	0	279394	0	0	
VIT	15.9	13.1	14.5	13.9	50	14	840	14.1	20	-0.1	-0.69	14.4	10	50	14.4	100	14.5	730	14.6	220	14.4	14.4	14.4	0	0	944950	0	0	
GMX	26.4	21.6	24	0	0	21.6	100	21.7	10	0	0	0	0	0	26.4	10	0	0	0	0	0	0	24	0	0	250104	0	0	
VLA	12.7	10.5	11.6	0	0	0	0	0	0	0	0	0	0	0	0	0	0	0	0	0	0	0	11.6	0	0	46370	0	0	
RCL	16.1	13.3	14.7	0	0	0	0	0	0	-1.4	-9.52	13.3	200	200	13.4	100	13.5	2780	0	0	13.3	13.3	13.3	0	0	476281	0	0	
ACM	0.7	0.5	0.6	0	0	0	0	0.5	128080	-0.1	-16.67	0.5	190	9740	0.6	149300	0.7	74240	0	0	0.6	0.5	0.53	0	0	2471768	0	0	
VMI	0.7	0.5	0.6	0	0	0	0	0	0	0	0	0	0	0	0	0	0	0	0	0	0	0	0.6	0	0	449469	0	0	
KHS	13.9	11.5	12.7	0	0	11.7	60	12	10	0	0	12.7	50	50	12.9	40	13.9	1150	0	0	12.7	12.7	12.7	0	0	584856	0	0	
IDC	19.5	16.1	17.8	16.9	1300	17	5830	17.1	40	-0.7	-3.93	17.1	10	18310	17.8	440	17.9	200	18	240	17.8	17	17.04	0	0	14608167	0	0	
SZB	32.4	26.6	29.5	28.5	60	28.7	100	28.8	110	1.2	4.07	30.7	10	330	30.6	90	30.7	150	31	5010	30.7	27.5	29.59	0	0	1470000	0	0	
KKC	5.8	4.8	5.3	4.9	50	5	50	5.1	130	-0.1	-1.89	5.2	200	280	5.2	530	5.3	210	5.6	300	5.3	5.2	5.23	0	80	203178	0	0	
VBC	19	15.6	17.3	16	20	16.1	50	17	200	0	0	0	0	0	18.5	80	18.6	100	0	0	0	0	17.3	0	0	349843	0	0	
MPT	1.3	1.1	1.2	0	0	1.1	11780	1.2	13430	0	0	1.2	190	6180	1.3	19490	0	0	0	0	1.3	1.2	1.24	0	0	823184	0	0	
VC9	11	9	10	0	0	0	0	9	10	1	10	11	10	10	9.2	10	11	2570	0	0	11	11	11	0	0	556625	0	0	
VC6	8.3	6.9	7.6	0	0	0	0	7.6	200	0	0	0	0	0	7.7	50	7.8	100	8.1	10	0	0	7.6	0	0	311542	0	0	
KMT	8.2	6.8	7.5	0	0	0	0	6.8	100	0	0	0	0	0	7.5	240	8.2	800	0	0	0	0	7.5	0	0	482411	0	0	
GDW	35	28.8	31.9	0	0	0	0	0	0	0	0	0	0	0	28.8	770	0	0	0	0	0	0	31.9	0	0	415360	0	0	
VC1	12.7	10.5	11.6	0	0	0	0	0	0	0	0	0	0	0	11.5	20	11.6	10	12	190	0	0	11.6	0	0	557269	0	0	
VCM	19.3	15.9	17.6	0	0	16.1	50	16.2	20	0	0	0	0	0	19.3	90	0	0	0	0	0	0	17.6	0	0	0	0	0	
ECI	17.6	14.4	16	0	0	0	0	0	0	0	0	0	0	0	0	0	0	0	0	0	0	0	16	0	0	81210	0	0	
L18	9.9	8.1	9	0	0	0	0	0	0	0	0	0	0	0	9	200	9.2	20	9.4	100	0	0	9	0	0	1124694	0	0	
VE2	7.7	6.3	7	0	0	0	0	0	0	0	0	0	0	0	7.7	60	0	0	0	0	0	0	7	0	0	104103	0	0	
NFC	6.2	5.2	5.7	0	0	0	0	0	0	0	0	0	0	0	0	0	0	0	0	0	0	0	5.7	0	0	770591	0	0	
NET	52.5	43.1	47.8	44.2	20	45	190	45.3	20	-0.4	-0.84	47.4	10	100	50.4	50	50.5	110	51	60	47.4	47.4	47.4	0	0	1080076	0	0	
AME	7.5	6.3	6.9	0	0	6.4	100	6.9	50	0	0	6.9	10	20	7.1	10	7.2	10	7.3	10	6.9	6.9	6.9	0	0	1092620	0	0	
NHP	0.5	0.3	0.4	0	0	0	0	0.3	102000	-0.1	-25	0.3	30	2120	0.4	32490	0.5	16560	0	0	0.4	0.3	0.3	0	0	1335938	0	0	
TTH	2	1.8	1.9	0	0	1.8	20270	1.9	5000	0.1	5.26	2	500	11820	2	19470	0	0	0	0	2	1.9	1.91	0	0	1796410	0	0	
NHA	11.3	9.3	10.3	10.7	140	10.8	70	11	120	0.8	7.77	11.1	10	6190	11.1	150	11.2	780	11.3	4980	11.3	10.2	10.78	0	0	720054	0	0	
EVS	9	7.4	8.2	0	0	0	0	7.4	400	0	0	8.2	30	30	8.2	2680	8.5	50	8.9	200	8.2	8.2	8.2	0	0	6000040	0	0	
LHC	75.9	62.1	69	65.5	50	66.8	50	67	20	0	0	69	360	360	69	40	69.9	240	70	200	69	69	69	0	0	94506	0	0	
TKC	3.3	2.7	3	2.8	200	2.9	670	3	60	0.1	3.33	3.1	10	370	3.1	1580	3.2	1100	3.3	1200	3.1	3	3.01	0	20	556469	0	0	
TMB	13.3	10.9	12.1	0	0	0	0	11	190	0	0	0	0	0	13.3	160	0	0	0	0	0	0	12.1	0	0	734800	0	0	
VSM	11.8	9.8	10.8	10	10	10.1	10	11	20	-0.7	-6.48	10.1	10	20	11.8	40	0	0	0	0	11.8	10.1	10.95	0	0	137591	0	0	
PGN	11.7	9.7	10.7	0	0	0	0	10	200	0	0	0	0	0	10.9	90	11	40	0	0	0	0	10.7	0	0	161270	0	0	
CMC	5.8	4.8	5.3	0	0	0	0	4.8	30	0	0	5.3	20	20	5.3	110	0	0	0	0	5.3	5.3	5.3	0	0	217430	0	0	
PHN	27	22.2	24.6	22.5	30	25	200	25.1	200	0	0	0	0	0	27	150	0	0	0	0	0	0	24.6	0	0	8	0	0	
PGT	4.6	3.8	4.2	0	0	0	0	3.8	100	0	0	0	0	0	4.2	10	4.6	2520	0	0	0	0	4.2	0	0	11432	0	0	
DHP	11.7	9.7	10.7	0	0	0	0	0	0	0	0	0	0	0	11.4	20	11.5	800	11.7	380	0	0	10.7	0	0	414397	0	0	
BED	36.3	29.7	33	0	0	0	0	30	20	0	0	0	0	0	33	10	35.5	10	0	0	0	0	33	0	0	147000	0	0	
PTD	17.8	14.6	16.2	0	0	0	0	0	0	0	0	0	0	0	17	60	0	0	0	0	0	0	16.2	0	0	85872	0	0	
LO5	1.3	1.1	1.2	0	0	0	0	1.1	90	-0.1	-8.33	1.1	10	10	1.2	1130	1.3	2740	0	0	1.1	1.1	1.1	0	0	250399	0	0	
NRC	9.3	7.7	8.5	8.1	800	8.2	500	8.3	310	-0.2	-2.35	8.3	10	610	8.5	410	8.6	100	8.7	30	8.6	8	8.37	0	0	671185	0	0	
HEV	16.5	13.5	15	0	0	0	0	0	0	0	0	0	0	0	15.5	180	16.5	1990	0	0	0	0	15	0	0	10644	0	0	
NST	18.4	15.2	16.8	0	0	0	0	0	0	0	0	0	0	0	15.2	7000	17	500	17.8	40	0	0	16.8	0	0	448674	0	0	
NSH	1.5	1.3	1.4	0	0	0	0	0	0	0	0	1.4	20	1680	1.4	4710	1.5	1800	0	0	1.4	1.3	1.3	0	0	1010628	0	0	
DS3	3.6	3	3.3	3	70	3.1	790	3.2	6120	0	0	3.3	10	1190	3.3	2090	3.4	1090	3.5	1710	3.3	3.2	3.2	0	0	521286	0	0	
MED	46.2	37.8	42	40	20	40.1	100	41	200	0	0	0	0	0	45	120	45.9	50	46	550	0	0	42	0	0	307664	0	0	
MEL	9.6	8	8.8	0	0	0	0	8	10	0	0	0	0	0	8.9	10	9	10	9.1	10	0	0	8.8	0	0	734870	0	0	
DTD	13.5	11.1	12.3	12.1	510	12.2	490	12.3	380	0.1	0.81	12.4	10	17680	12.5	620	12.6	2260	12.7	600	12.6	11.4	12.18	0	0	1202579	0	0	
DST	4.6	3.8	4.2	4.5	35430	4.6	21640	0	6960	0.4	9.52	4.6	50	72090	0	0	0	0	0	0	4.6	4.4	4.6	0	0	125	0	0	
MHL	5	4.2	4.6	0	0	0	0	0	0	0	0	0	0	0	4.2	1970	0	0	0	0	0	0	4.6	0	0	260423	0	0	
BSC	16.7	13.7	15.2	0	0	0	0	0	0	0	0	0	0	0	0	0	0	0	0	0	0	0	15.2	0	0	139186	0	0	
BST	15.4	12.6	14	0	0	0	0	12.6	20	1	7.14	15	10	50	15.4	190	0	0	0	0	15.4	12.6	14.02	0	0	53740	0	0	
C69	6.1	5.1	5.6	0	0	5.1	6920	5.2	9220	-0.3	-5.36	5.3	10	25420	5.3	1680	5.4	2970	5.5	580	5.6	5.2	5.34	0	0	734960	0	0	
UNI	4.4	3.6	4	3.6	200	3.7	8320	3.8	120	0	0	0	0	0	4.3	100	4.4	20	0	0	0	0	4	0	0	739633	0	0	
QHD	23.1	18.9	21	0	0	19.2	290	19.4	200	-1.8	-8.57	19.2	10	10	22	100	22.1	100	0	0	19.2	19.2	19.2	0	0	267430	0	0	
MCC	12.7	10.5	11.6	0	0	0	0	11.6	150	0	0	0	0	0	0	0	0	0	0	0	0	0	11.6	0	0	240366	0	0	
L35	7.3	6.1	6.7	6.1	30	6.2	50	6.7	50	0	0	0	0	0	7.3	10	0	0	0	0	0	0	6.7	0	0	159972	0	0	
KST	21.4	17.6	19.5	0	0	0	0	0	0	0	0	0	0	0	19.5	80	21.4	420	0	0	0	0	19.5	0	0	144754	0	0	
VIG	0.9	0.7	0.8	0	0	0	0	0.7	101410	0	0	0.8	970	42120	0.8	17180	0.9	25560	0	0	0.8	0.7	0.72	750	0	1632671	0	0	
VIF	19	15.6	17.3	0	0	15.7	300	16.5	20	-0.1	-0.58	17.2	10	30	17.2	30	17.4	370	17.8	10	17.2	16.5	16.73	0	0	0	0	0	
KSD	6.9	5.7	6.3	0	0	0	0	0	0	0.5	7.94	6.8	10	10	6.3	20	6.5	20	6.6	300	6.8	6.8	6.8	0	0	579770	0	0	
CET	1.9	1.7	1.8	0	0	0	0	1.7	2720	0	0	1.8	100	9110	1.8	700	1.9	4570	0	0	1.9	1.8	1.8	10	10	295890	0	0	
MST	3	2.6	2.8	0	0	2.6	49990	2.7	72960	0	0	2.8	60	60460	2.8	3760	2.9	126210	3	87830	2.8	2.7	2.78	1000	0	1724019	0	0	
