HNXMAN
180.68
1.64	0.92
4715800	62.33	
CTP	3.3	2.7	3	0	0	2.8	430	2.9	440	0.1	3.33	3.1	10	2590	3.1	770	3.2	220	3.3	190	3.3	2.9	3.02	0	0	583701	0	0	
CTT	10.5	8.7	9.6	0	0	0	0	0	0	0	0	0	0	0	0	0	0	0	0	0	0	0	9.6	0	0	228970	0	0	
CTB	34.6	28.4	31.5	29	20	29.5	200	29.8	20	0	0	0	0	0	33	100	34.6	50	0	0	0	0	31.5	0	0	586225	0	0	
PMP	8.9	7.3	8.1	7.7	60	7.8	10	8	10	0	0	0	0	0	8.9	10	0	0	0	0	0	0	8.1	0	0	203380	0	0	
PMS	18.7	15.3	17	0	0	15.3	30	15.5	900	-1.5	-8.82	15.5	100	370	17	200	17.1	280	17.4	50	15.5	15.3	15.43	0	0	315545	0	0	
TTC	13.2	10.8	12	0	0	0	0	10.8	30	-1.1	-9.17	10.9	10	10	12	90	0	0	0	0	10.9	10.9	10.9	0	0	259298	0	0	
NHP	0.5	0.3	0.4	0	0	0	0	0.3	102000	-0.1	-25	0.3	30	2120	0.4	32490	0.5	16560	0	0	0.4	0.3	0.3	0	0	1335938	0	0	
NET	52.5	43.1	47.8	44.2	20	45	190	45.3	20	-0.4	-0.84	47.4	10	100	50.4	50	50.5	110	51	60	47.4	47.4	47.4	0	0	1080076	0	0	
VTS	31.3	25.7	28.5	0	0	0	0	0	0	0	0	0	0	0	25.7	190	28	680	28.5	10	0	0	28.5	0	0	52936	0	0	
PHN	27	22.2	24.6	22.5	30	25	200	25.1	200	0	0	0	0	0	27	150	0	0	0	0	0	0	24.6	0	0	8	0	0	
VTL	17.9	14.7	16.3	0	0	0	0	14.7	10	-1.6	-9.82	14.7	10	10	17.9	10	0	0	0	0	14.7	14.7	14.7	0	0	243261	0	0	
HCC	11.5	9.5	10.5	10	60	10.1	170	10.4	100	0	0	10.5	10	70	10.5	40	10.6	200	10.8	60	10.5	10.5	10.5	0	0	221080	0	0	
VIT	15.9	13.1	14.5	13.9	50	14	840	14.1	20	-0.1	-0.69	14.4	10	50	14.4	100	14.5	730	14.6	220	14.4	14.4	14.4	0	0	944950	0	0	
KTS	9	7.4	8.2	7.5	20	8.1	200	8.2	10	-0.1	-1.22	8.1	10	10	9	450	0	0	0	0	8.1	8.1	8.1	0	0	192493	0	0	
TBX	24.5	20.1	22.3	0	0	0	0	0	0	0	0	0	0	0	22	300	0	0	0	0	0	0	22.3	0	0	73981	0	0	
L35	7.3	6.1	6.7	6.1	30	6.2	50	6.7	50	0	0	0	0	0	7.3	10	0	0	0	0	0	0	6.7	0	0	159972	0	0	
TDT	10.8	9	9.9	9.7	550	9.8	660	9.9	200	0.1	1.01	10	30	3310	10	2280	10.1	450	10.2	1390	10	9.7	9.88	250	0	569161	0	0	
VHL	27.2	22.4	24.8	25.7	20	26.5	40	27.2	190	2.4	9.68	27.2	30	1590	0	0	0	0	0	0	27.2	25.6	26.95	0	0	1174192	0	0	
VHE	6	5	5.5	5.1	290	5.2	10	5.3	110	0.1	1.82	5.6	10	620	5.6	280	5.9	140	6	600	5.6	5.3	5.3	0	0	0	0	0	
VCS	73.7	60.3	67	67	4320	67.1	510	67.2	30	0.3	0.45	67.3	100	21490	67.3	150	67.4	110	67.5	830	68.1	66.9	67.19	310	0	7417710	0	0	
VDL	25.3	20.7	23	0	0	0	0	21	50	0	0	0	0	0	23	10	25	20	0	0	0	0	23	0	0	706285	0	0	
NBW	29.2	24	26.6	0	0	0	0	25.6	50	-0.6	-2.26	26	30	50	26.5	30	26.6	320	27	300	28.1	26	26.54	0	0	225960	0	0	
NBP	13.2	10.8	12	0	0	0	0	10.8	300	0	0	0	0	0	12.3	170	12.4	30	12.5	40	0	0	12	0	0	530279	0	0	
PDB	8.8	7.2	8	7.6	150	7.7	10	7.8	10	0	0	0	0	0	8	10	8.1	90	8.2	200	0	0	8	0	0	355877	0	0	
PBP	7.5	6.3	6.9	0	0	6.3	100	6.8	250	0.1	1.45	7	10	370	7	40	7.2	450	7.3	450	7.4	6.8	6.85	0	0	230901	0	0	
CET	1.9	1.7	1.8	0	0	0	0	1.7	2720	0	0	1.8	100	9110	1.8	700	1.9	4570	0	0	1.9	1.8	1.8	10	10	295890	0	0	
THB	9.1	7.5	8.3	8	300	8.3	70	8.4	10	0.4	4.82	8.7	10	20	8.8	60	9.1	250	0	0	8.7	8.3	8.5	10	0	513383	0	0	
QNC	3.4	2.8	3.1	3.2	70	3.3	100	3.4	400	0.3	9.68	3.4	90	110	0	0	0	0	0	0	3.4	3.2	3.38	0	0	968113	0	0	
MCC	12.7	10.5	11.6	0	0	0	0	11.6	150	0	0	0	0	0	0	0	0	0	0	0	0	0	11.6	0	0	240366	0	0	
BLF	3	2.6	2.8	0	0	0	0	0	0	0	0	0	0	0	0	0	0	0	0	0	0	0	2.8	0	0	536148	0	0	
MBG	6.9	5.7	6.3	6.1	1690	6.2	4900	6.3	3540	0.1	1.59	6.4	290	78900	6.4	3220	6.5	3750	6.6	6890	6.6	6	6.38	0	0	2111227	0	0	
VBC	19	15.6	17.3	16	20	16.1	50	17	200	0	0	0	0	0	18.5	80	18.6	100	0	0	0	0	17.3	0	0	349843	0	0	
DZM	3.3	2.7	3	3.1	1220	3.3	3640	0	3680	0.3	10	3.3	800	3690	0	0	0	0	0	0	3.3	3.3	3.3	0	0	209329	0	0	
BTS	4.7	3.9	4.3	0	0	3.9	10	4	200	0	0	0	0	0	4.3	110	4.6	60	4.7	70	0	0	4.3	0	0	5863673	0	0	
MIM	13.5	11.1	12.3	0	0	0	0	0	0	0	0	0	0	0	11.1	250	0	0	0	0	0	0	12.3	0	0	165835	0	0	
SDN	32.2	26.4	29.3	0	0	0	0	0	0	0	0	0	0	0	29.3	10	0	0	0	0	0	0	29.3	0	0	36143	0	0	
SDG	35.6	29.2	32.4	0	0	0	0	0	0	0	0	0	0	0	0	0	0	0	0	0	0	0	32.4	0	0	330987	0	0	
SAF	55	45	50	45	120	46	300	46.1	60	-4	-8	46	10	80	49	10	50	20	52.6	20	46	46	46	0	0	359611	0	0	
NTH	30.8	25.2	28	0	0	26	50	27	100	0	0	28	50	50	28.5	50	29	100	29.5	100	28	28	28	0	0	529300	0	0	
HHC	111.1	90.9	101	0	0	0	0	0	0	0	0	0	0	0	105	30	0	0	0	0	0	0	101	0	0	799044	0	0	
NST	18.4	15.2	16.8	0	0	0	0	0	0	0	0	0	0	0	15.2	7000	17	500	17.8	40	0	0	16.8	0	0	448674	0	0	
HHP	13.4	11	12.2	11.5	3450	11.6	3220	11.7	1320	-0.4	-3.28	11.8	30	16900	11.8	570	11.9	420	12	390	12.2	11.7	11.87	0	0	851793	0	0	
NTP	38.3	31.5	34.9	35.2	330	35.3	30	35.4	40	0.6	1.72	35.5	50	14340	35.5	260	35.6	1540	35.7	2040	35.7	35	35.32	8020	0	2961479	0	0	
QHD	23.1	18.9	21	0	0	19.2	290	19.4	200	-1.8	-8.57	19.2	10	10	22	100	22.1	100	0	0	19.2	19.2	19.2	0	0	267430	0	0	
HTP	8.8	7.2	8	7.3	80	7.4	30	8	180	0	0	0	0	0	0	0	0	0	0	0	0	0	8	0	0	88044	0	0	
SJ1	27.5	22.5	25	0	0	0	0	0	0	0	0	0	0	0	22.5	1970	27	60	27.5	130	0	0	25	0	0	1029806	0	0	
SIC	9.4	7.8	8.6	0	0	7.9	20	8.2	10	0.2	2.33	8.8	10	2090	8.8	1130	8.9	400	9	740	8.8	8.6	8.78	0	0	1168848	0	0	
SHE	19.8	16.2	18	17.1	20	17.9	40	18	320	0	0	0	0	0	18.6	10	18.9	100	19	200	0	0	18	0	0	229040	0	0	
X20	8.8	7.2	8	0	0	0	0	0	0	0	0	0	0	0	0	0	0	0	0	0	0	0	8	0	0	845040	0	0	
SEB	31.3	25.7	28.5	28.5	230	28.7	50	29	1000	1.9	6.67	30.4	20	120	30.5	120	30.8	50	31	80	30.4	30.4	30.4	0	0	1563244	0	0	
DHP	11.7	9.7	10.7	0	0	0	0	0	0	0	0	0	0	0	11.4	20	11.5	800	11.7	380	0	0	10.7	0	0	414397	0	0	
NGC	2.7	2.3	2.5	0	0	0	0	0	0	0	0	2.5	10	890	2.5	1280	2.7	260	0	0	2.5	2.3	2.3	0	0	81496	0	0	
NHC	38.1	31.3	34.7	0	0	0	0	31.3	10	0	0	0	0	0	34	120	34.5	50	35	480	0	0	34.7	0	0	97297	0	0	
CPC	17.1	14.1	15.6	14.2	70	14.5	10	14.7	20	-0.3	-1.92	15.3	10	40	15.4	50	15.6	10	15.8	10	15.3	15.3	15.3	0	0	127917	0	0	
TSB	7.7	6.3	7	0	0	0	0	0	0	0	0	0	0	0	0	0	0	0	0	0	0	0	7	0	0	330508	0	0	
ALT	13	10.8	11.9	0	0	0	0	10.8	30	0	0	0	0	0	13	200	0	0	0	0	0	0	11.9	0	0	282665	0	0	
PGN	11.7	9.7	10.7	0	0	0	0	10	200	0	0	0	0	0	10.9	90	11	40	0	0	0	0	10.7	0	0	161270	0	0	
TPP	14.6	12	13.3	0	0	0	0	0	0	0	0	0	0	0	14.6	100	0	0	0	0	0	0	13.3	0	0	971887	0	0	
VTH	11.5	9.5	10.5	0	0	0	0	0	0	0	0	0	0	0	11.5	10	0	0	0	0	0	0	10.5	0	0	243990	0	0	
TPH	9.3	7.7	8.5	0	0	0	0	0	0	0	0	0	0	0	0	0	0	0	0	0	0	0	8.5	0	0	98452	0	0	
HDA	9.9	8.1	9	8.6	3460	8.7	3520	8.8	860	-0.1	-1.11	8.9	50	28200	8.9	400	9	960	9.1	820	9.1	8.8	8.84	0	0	497037	0	0	
PSW	7.3	6.1	6.7	0	0	0	0	6.1	100	0	0	0	0	0	7.3	60	0	0	0	0	0	0	6.7	0	0	817960	0	0	
LM7	4.2	3.6	3.9	0	0	0	0	0	0	-0.3	-7.69	3.6	20	30	3.6	800	3.8	30	3.9	350	3.6	3.6	3.6	0	0	244670	0	0	
S74	4.7	3.9	4.3	0	0	0	0	4.3	160	0	0	4.3	500	1000	4.6	500	0	0	0	0	4.3	4.3	4.3	0	0	308588	0	0	
HAD	15.6	12.8	14.2	13.8	500	13.9	10	14.1	300	0	0	14.2	70	410	14.3	100	14.5	80	14.6	880	14.3	14.2	14.2	0	0	156539	0	0	
PSE	7.9	6.5	7.2	0	0	0	0	6.5	100	0	0	0	0	0	7.3	50	7.4	10	7.5	10	0	0	7.2	0	0	556000	0	0	
PPS	7.8	6.4	7.1	6.5	10	6.6	50	6.9	10	0	0	7.1	10	2610	7.1	1010	7.4	30	7.8	1470	7.1	7.1	7.1	2500	0	195508	0	0	
GKM	19.4	16	17.7	17.2	370	17.3	110	17.4	40	0	0	17.7	30	4320	17.7	1200	17.8	940	17.9	790	17.7	17.5	17.57	0	0	729301	0	0	
VGS	8.9	7.3	8.1	7.6	810	7.9	410	8	120	-0.1	-1.23	8	80	5790	8.1	2570	8.2	3170	8.3	1360	8.2	7.9	8.04	0	0	1997545	0	0	
L43	2.9	2.5	2.7	0	0	0	0	0	0	0	0	0	0	0	2.5	100	2.9	150	0	0	0	0	2.7	0	0	171450	0	0	
EBA	9.9	8.1	9	0	0	9	20	9.9	60	0	0	0	0	0	0	0	0	0	0	0	0	0	9	0	0	1550000	0	0	
CLH	18.9	15.5	17.2	17	200	17.1	10	17.2	20	0.6	3.49	17.8	100	320	17.5	40	17.8	20	17.9	300	17.8	17.2	17.46	0	0	488530	0	0	
NAG	5.1	4.3	4.7	0	0	4.3	850	4.4	710	-0.2	-4.26	4.5	30	3560	4.5	470	4.6	100	4.7	730	4.7	4.5	4.6	0	0	710567	0	0	
TNG	15.1	12.5	13.8	13.6	9990	13.7	6620	13.8	11060	0	0	13.8	30	119240	13.9	1490	14	7300	14.1	5740	14.2	13.8	13.88	0	0	2767323	0	0	
CJC	18.8	15.4	17.1	0	0	0	0	0	0	0	0	0	0	0	17.1	1000	17.2	300	17.3	260	0	0	17.1	0	0	194710	0	0	
TKU	13.4	11	12.2	0	0	0	0	0	0	0.7	5.74	12.9	50	350	12.5	500	12.6	300	12.8	710	12.9	12.2	12.3	0	0	54256	0	0	
PCE	7.5	6.3	6.9	0	0	0	0	7.5	550	0	0	0	0	0	0	0	0	0	0	0	0	0	6.9	0	0	450880	0	0	
ITQ	2.5	2.1	2.3	2.1	11810	2.2	16770	2.3	410	0	0	2.3	10	6630	2.4	5600	2.5	2550	0	0	2.4	2.3	2.3	0	0	1165771	0	0	
KVC	1	0.8	0.9	0	0	0	0	0.8	157380	-0.1	-11.11	0.8	1320	44120	0.9	37760	1	52270	0	0	0.9	0.8	0.87	0	0	2272780	0	0	
GMX	26.4	21.6	24	0	0	21.6	100	21.7	10	0	0	0	0	0	26.4	10	0	0	0	0	0	0	24	0	0	250104	0	0	
STP	6.9	5.7	6.3	0	0	0	0	5.8	20	0	0	0	0	0	6.2	60	6.8	110	6.9	1010	0	0	6.3	0	0	388193	0	0	
MEL	9.6	8	8.8	0	0	0	0	8	10	0	0	0	0	0	8.9	10	9	10	9.1	10	0	0	8.8	0	0	734870	0	0	
BPC	12.8	10.6	11.7	0	0	0	0	0	0	-0.9	-7.69	10.8	30	210	10.9	40	11	60	11.6	100	10.9	10.8	10.89	0	0	178873	0	0	
MCF	9.9	8.1	9	8.1	60	8.2	50	8.3	50	0.9	10	9.9	10	10	9.2	250	9.3	120	9.7	140	9.9	9.9	9.9	10	0	426007	0	0	
DPC	11.3	9.3	10.3	10	300	10.1	50	10.2	110	0	0	10.3	20	70	10.8	40	11	70	0	0	10.3	10.3	10.3	0	0	106768	0	0	
GDW	35	28.8	31.9	0	0	0	0	0	0	0	0	0	0	0	28.8	770	0	0	0	0	0	0	31.9	0	0	415360	0	0	
MPT	1.3	1.1	1.2	0	0	1.1	11780	1.2	13430	0	0	1.2	190	6180	1.3	19490	0	0	0	0	1.3	1.2	1.24	0	0	823184	0	0	
BTW	44	36	40	0	0	0	0	0	0	0	0	0	0	0	40	260	0	0	0	0	0	0	40	0	0	265131	0	0	
DGC	39	32	35.5	36.5	950	36.6	1620	36.7	810	1.3	3.66	36.8	70	26330	36.8	2580	36.9	1720	37	5710	37.2	35.6	36.68	0	3700	6228460	0	0	
BCC	8.4	7	7.7	7.4	3730	7.5	1370	7.6	1090	0.2	2.6	7.9	10	6620	7.9	1490	8	1190	8.1	1110	7.9	7.6	7.77	0	0	4905886	0	0	
BCF	59.4	48.6	54	0	0	0	0	0	0	-1	-1.85	53	100	200	54	60	55	20	56	70	53	53	53	0	0	0	0	0	
HLY	49	40.2	44.6	0	0	0	0	0	0	0	0	0	0	0	40.2	70	40.5	20	0	0	0	0	44.6	0	0	43044	0	0	
HKB	0.9	0.7	0.8	0	0	0	0	0	0	-0.1	-12.5	0.7	100	39910	0	7110	0.7	3060	0.8	57170	0.8	0.7	0.7	0	0	2462558	0	0	
HJS	25.3	20.7	23	20.8	50	21.5	50	23	110	0	0	0	0	0	24.9	110	25	10	25.3	30	0	0	23	0	0	1027132	0	0	
HVT	39.1	32.1	35.6	0	0	35.6	130	35.7	80	3.4	9.55	39	10	10	39	240	0	0	0	0	39	39	39	0	0	518626	0	0	
SLS	59.4	48.6	54	53	30	53.2	20	53.3	20	0	0	54	60	1100	54.5	50	54.9	30	55	10	56	54	54.18	0	0	443620	0	0	
SGC	62.7	51.3	57	57.1	10	57.2	60	57.3	10	3	5.26	60	10	200	61.9	30	62	10	62.1	10	62.4	59	61.83	0	0	343746	0	0	
SFN	28	23	25.5	0	0	0	0	23	10	0	0	0	0	0	28	10	0	0	0	0	0	0	25.5	0	0	144576	0	0	
LAS	7.1	5.9	6.5	6.1	2550	6.2	5180	6.3	4960	-0.1	-1.54	6.4	10	9970	6.4	1400	6.5	3780	6.6	2560	6.5	6.3	6.36	0	0	5323506	0	0	
NFC	6.2	5.2	5.7	0	0	0	0	0	0	0	0	0	0	0	0	0	0	0	0	0	0	0	5.7	0	0	770591	0	0	
NSH	1.5	1.3	1.4	0	0	0	0	0	0	0	0	1.4	20	1680	1.4	4710	1.5	1800	0	0	1.4	1.3	1.3	0	0	1010628	0	0	
LO5	1.3	1.1	1.2	0	0	0	0	1.1	90	-0.1	-8.33	1.1	10	10	1.2	1130	1.3	2740	0	0	1.1	1.1	1.1	0	0	250399	0	0	
TFC	4.9	4.1	4.5	4.3	500	4.4	130	4.5	50	0.1	2.22	4.6	20	80	4.7	180	4.8	30	4.9	800	4.7	4.6	4.65	0	0	284979	0	0	
L61	14.1	11.7	12.9	0	0	0	0	0	0	0	0	0	0	0	11.7	50	13	20	13.5	260	0	0	12.9	0	0	0	0	0	
L62	7.7	6.3	7	0	0	0	0	0	0	0	0	0	0	0	7.7	130	0	0	0	0	0	0	7	0	0	0	0	0	
CAN	24.3	19.9	22.1	21.6	30	22.1	10	22.2	20	0	0	0	0	0	24.3	30	0	0	0	0	0	0	22.1	0	0	123068	0	0	
CAP	32.1	26.3	29.2	28	510	28.2	60	28.3	30	-0.9	-3.08	28.3	20	1920	28.4	100	28.5	310	28.6	250	28.9	28.3	28.52	0	330	247998	0	0	
KSD	6.9	5.7	6.3	0	0	0	0	0	0	0.5	7.94	6.8	10	10	6.3	20	6.5	20	6.6	300	6.8	6.8	6.8	0	0	579770	0	0	
INN	28	23	25.5	24.6	650	24.7	110	24.8	70	-0.3	-1.18	25.2	10	700	25.2	440	25.4	10	25.5	50	25.5	25	25.07	0	0	706541	0	0	
SSM	7.9	6.5	7.2	0	0	0	0	0	0	0	0	0	0	0	7.8	640	7.9	80	0	0	0	0	7.2	0	0	248263	0	0	
MAC	5.1	4.3	4.7	4.4	50	4.6	10	4.7	1130	0	0	4.7	470	470	4.8	510	4.9	1000	5	500	4.7	4.7	4.7	0	470	715244	0	0	
BXH	15.9	13.1	14.5	0	0	0	0	0	0	0	0	0	0	0	0	0	0	0	0	0	0	0	14.5	0	0	147589	0	0	
HOM	3.6	3	3.3	0	0	3	10000	3.1	860	0	0	3.3	20	210	3.3	2990	3.4	2320	3.5	620	3.3	3.2	3.28	0	0	3454940	0	0	
BBS	12.6	10.4	11.5	0	0	0	0	0	0	0	0	0	0	0	0	0	0	0	0	0	0	0	11.5	0	0	291494	0	0	
HNM	4.9	4.1	4.5	0	0	0	0	0	0	0	0	0	0	0	0	0	0	0	0	0	0	0	4.5	0	0	963835	0	0	
DNP	18.7	15.3	17	16.2	550	16.3	1500	16.4	50	0	0	0	0	0	17	780	17.2	2000	17.5	300	0	0	17	0	0	3020608	0	0	
DNC	61.3	50.3	55.8	0	0	0	0	0	0	0	0	0	0	0	60	30	61.3	10	0	0	0	0	55.8	0	0	200562	0	0	
DNY	1.8	1.6	1.7	0	0	0	0	1.7	500	0	0	0	0	0	1.8	100	0	0	0	0	0	0	1.7	0	0	1297582	0	0	
