VNALL
772.09
2.64	0.34
769.45	0	13830	0.20	
772.18	0.35	223411840	3879.23	
772.2	0.36	235241700	4142.09	
THG	52.9	46.05	49.5	48.7	5	48.8	5	49	1	-0.5	-1.01	49	11	175	49.3	9	49.35	8	49.4	4	49	49.9	48.6	0	0	640235	
KPF	19.75	17.25	18.5	0	0	0	0	17.25	12	0.05	0.27	18.55	1	1	18.4	17	18.5	110	18.55	109	0	18.55	18.55	0	0	882579	
DRC	21.5	18.7	20.1	19.75	807	19.8	543	19.85	221	-0.2	-1	19.9	1713	52050	19.9	3074	19.95	466	20	7696	19.9	20.4	19.75	210	4385	3370824	
HTI	13.35	11.65	12.5	12	3	12.05	100	12.1	70	0.1	0.8	12.6	63	226	12.6	250	12.85	50	12.9	50	0	12.6	12.3	144	0	791429	
ROS	3.63	3.17	3.4	3.39	36783	3.4	94271	3.41	35117	0.01	0.29	3.41	40856	599689	3.42	16301	3.43	6608	3.44	11443	3.41	3.48	3.39	19536	9495	26393417	
PLX	50.1	43.65	46.9	46.65	253	46.7	979	46.75	562	-0.1	-0.21	46.8	1653	45895	46.8	877	46.85	403	46.9	2566	46.8	47	46.55	2084	2184	8647520	
VHC	36.25	31.55	33.9	33.6	2216	33.65	310	33.7	10	0	0	33.9	2598	71104	33.9	380	33.95	46	34	1857	33.9	34.3	33.55	4761	3610	12393030	
GDT	32.6	28.4	30.5	29.85	65	29.9	154	30	227	-0.5	-1.64	30	300	2000	30.05	62	30.1	250	30.2	200	30	30.45	29.7	1	0	486101	
NNC	48.75	42.45	45.6	45.4	2	45.5	5	45.6	10	0	0	45.6	20	20	46.3	1	46.6	1	46.7	20	45.6	45.6	45.6	0	0	685647	
ILB	18.15	15.85	17	16.6	500	16.7	31	17	55	0	0	17	100	181	17.2	213	17.35	70	17.4	200	0	17	17	0	0	0	
TDC	8.65	7.53	8.09	7.99	1017	8	800	8.01	402	-0.02	-0.25	8.07	10	9341	8.07	90	8.08	92	8.09	98	8.07	8.09	8	0	0	4668697	
PHC	10.3	9	9.67	9.5	140	9.6	90	9.63	70	-0.01	-0.1	9.66	491	3518	9.66	299	9.67	131	9.69	22	9.66	9.7	9.65	0	0	1258456	
PPC	26	22.6	24.3	24.25	213	24.3	1038	24.35	159	0.05	0.21	24.35	1271	9602	24.5	404	24.7	353	24.8	359	24.35	24.9	24.3	2638	3655	10616521	
TIP	22.3	19.4	20.85	20.3	1484	20.35	503	20.4	40	-0.25	-1.2	20.6	299	41594	20.6	314	20.65	645	20.7	899	20.6	20.85	19.8	1820	100	1010585	
LCG	7.3	6.36	6.83	6.89	444	6.9	550	6.96	500	0.17	2.49	7	5800	63923	7	3644	7.02	240	7.03	910	7	7.04	6.78	826	963	1881533	
STK	18.15	15.85	17	17	387	17.05	100	17.1	40	0.2	1.18	17.2	11	6928	17.2	579	17.25	355	17.3	1535	17.2	17.35	16.85	846	132	3164136	
AST	58.4	50.8	54.6	53.7	321	53.8	296	53.9	280	-0.6	-1.1	54	178	5234	54	106	54.2	450	54.3	405	54	54.6	53.5	269	1049	261720	
MWG	90.7	78.9	84.8	84.5	8649	84.6	1465	84.7	6	-0.1	-0.12	84.7	5135	95052	84.8	760	84.9	2732	85	4914	84.7	85.7	84.5	0	0	0	
VND	13.6	11.9	12.75	12.6	446	12.65	10145	12.7	269	0	0	12.75	2500	64050	12.75	171	12.8	3742	12.85	630	12.75	12.9	12.55	4418	4000	2890288	
BSI	8.45	7.35	7.9	8.04	55	8.1	3	8.13	2	0.23	2.91	8.13	42	1061	8.15	467	8.2	276	8.25	368	0	8.15	7.98	0	42	4950281	
DHM	8.33	7.25	7.79	0	0	0	0	0	0	-0.54	-6.93	7.25	23	43714	7.25	2329	7.35	1479	7.4	1747	7.25	7.75	7.25	0	0	1531338	
HCM	20.1	17.5	18.8	18.75	3116	18.8	1799	18.85	50	0.1	0.53	18.9	4350	221991	18.9	794	18.95	836	19	4277	18.9	19.15	18.7	10199	40000	14178190	
TLH	3.53	3.07	3.3	3.27	1285	3.3	89	3.31	18	0.03	0.91	3.33	1	13014	3.33	2930	3.34	3361	3.36	1003	3.33	3.34	3.26	0	0	4905766	
TDH	9.51	8.27	8.89	8.78	1032	8.79	201	8.8	1589	-0.09	-1.01	8.8	1663	52361	8.82	100	8.83	1000	8.84	1472	8.8	8.96	8.8	69	3649	1723879	
BMI	23.2	20.2	21.7	21.5	1862	21.6	300	21.7	236	0	0	21.7	1100	19043	21.8	229	21.85	430	21.9	450	21.7	21.9	21.35	9969	1798	1204901	
ITC	14.05	12.25	13.15	0	0	12.25	12	12.5	501	-0.2	-1.52	12.95	3	34	12.95	37	13.05	2	13.1	30	12.95	12.95	12.5	0	0	3518730	
UIC	40	34.8	41.4	37	63	37.2	30	37.4	280	-3.8	-9.18	37.6	391	2937	37.6	116	37.9	70	38	467	37.6	37.6	36.8	1127	0	231042	
CCL	7.97	6.93	7.45	7.35	70	7.4	251	7.41	40	0	0	7.45	19	23838	7.45	11	7.52	450	7.54	300	7.45	7.75	7.2	300	0	2111836	
CMG	29.75	25.95	27.85	27.5	101	27.55	5	27.85	1	0.05	0.18	27.9	125	4127	27.9	374	27.95	150	28	295	27.9	27.9	27.4	81	320	1168297	
DPM	15.9	13.9	14.9	14.75	10673	14.8	16571	14.85	866	0	0	14.9	5829	347209	14.9	5930	14.95	5300	15	6036	14.9	15.2	14.7	27180	3199	14342873	
HAX	12.35	10.75	11.55	11.4	661	11.45	20	11.5	3	0.05	0.43	11.6	30	2829	11.6	2866	11.65	176	11.7	445	11.6	11.6	11.45	0	0	1539607	
FLC	3.07	2.67	2.87	2.85	48332	2.86	50054	2.87	10560	0.01	0.35	2.88	26912	313302	2.88	50075	2.89	18495	2.9	79155	2.88	2.89	2.86	2066	6685	32918814	
TVT	22.2	19.3	20.75	20	3	20.1	50	20.15	99	-0.6	-2.89	20.15	4	97	20.7	111	20.8	343	20.85	50	20.15	20.8	20.15	0	0	1026441	
KMR	2.31	2.01	2.16	2.13	236	2.14	2010	2.15	4366	0	0	2.16	502	9059	2.16	135	2.17	468	2.18	600	2.16	2.17	2.13	431	0	2119616	
MSN	66.8	58.2	62.5	62.5	4873	62.6	870	62.7	5	0.3	0.48	62.8	4700	79748	62.8	206	62.9	397	63	2313	62.8	63.4	62.4	9314	3810	11281182	
TRC	30.25	26.35	28.3	27.9	50	28	190	28.05	49	-0.25	-0.88	28.05	24	25	29	410	29.5	540	30	215	28.05	29.5	28.05	0	24	1220676	
CSM	17.2	15	16.1	15.9	632	15.95	821	16	319	0	0	16.1	59	7422	16.1	98	16.2	308	16.25	100	16.1	16.2	15.95	0	0	4861528	
SAM	9.72	8.46	9.09	9.1	1249	9.11	2000	9.15	380	0.19	2.09	9.28	2003	16207	9.28	5	9.29	1	9.3	15	9.28	9.28	8.9	0	841	12169536	
IJC	13.15	11.45	12.3	12.2	1508	12.25	400	12.3	66	0	0	12.3	759	10009	12.35	728	12.4	1966	12.45	244	12.3	12.4	12.1	1	0	6516094	
KSB	23.5	20.5	22	22.5	2560	22.55	962	22.6	2300	0.65	2.95	22.65	5474	108967	22.65	402	22.7	1245	22.75	899	22.65	22.9	21.85	9389	540	2090794	
NAF	26.85	23.35	25.1	24.5	53	24.55	12	24.6	1	-0.2	-0.8	24.9	34	727	24.9	272	25	548	25.05	500	24.9	25.05	24.5	0	0	4117225	
TNT	1.6	1.4	1.5	1.49	298	1.5	296	1.51	100	0.02	1.33	1.52	300	3665	1.52	5771	1.53	517	1.54	942	1.52	1.52	1.49	0	0	1237141	
CTD	79.2	69	74.1	76.5	71	76.6	1	76.8	210	2.7	3.64	76.8	1949	47993	76.9	216	77	2095	77.2	112	76.8	78.5	74.5	7453	500	189394	
HAG	4.46	3.88	4.17	4.23	41361	4.24	2675	4.25	300	0.1	2.4	4.27	55261	434692	4.27	4333	4.28	7447	4.29	2251	4.27	4.27	4.17	18003	79	38037957	
SKG	10.95	9.54	10.25	10.1	3256	10.15	5258	10.2	582	-0.05	-0.49	10.2	750	13532	10.25	20	10.3	1580	10.35	2993	10.2	10.35	10.15	0	0	240164	
TVB	11.4	9.96	10.7	11.3	8966	11.35	15118	11.4	16371	0.7	6.54	11.4	5145	226254	0	0	0	0	0	0	11.4	11.4	10.95	8851	0	2345693	
LHG	19.05	16.65	17.85	17.7	1155	17.75	486	17.8	3783	-0.05	-0.28	17.8	711	32336	17.9	876	17.95	10	18	237	17.8	18	17.5	259	228	2089846	
AMD	3.29	2.87	3.08	3.08	11557	3.09	5839	3.1	6502	0.03	0.97	3.11	6178	210680	3.11	578	3.12	2287	3.13	1930	3.11	3.14	3.08	1750	5353	7709174	
QBS	2.31	2.01	2.16	2.23	15	2.3	420	2.31	26421	0.15	6.94	2.31	500	12350	0	0	0	0	0	0	0	2.31	2.31	0	0	0	
CTI	20.35	17.75	19.05	18.65	303	18.7	62	18.9	1160	-0.15	-0.79	18.9	1138	34477	18.95	90	19	2087	19.05	2300	18.9	19.05	18.7	407	0	2062958	
MSH	38.8	33.8	36.3	36.25	202	36.3	15	36.4	250	0.3	0.83	36.6	30	2729	36.6	6	36.7	235	36.8	10	36.6	36.6	36.2	0	54	2236882	
DXG	11.9	10.4	11.15	11.1	25257	11.15	20308	11.2	13933	0.15	1.35	11.3	15090	466983	11.3	2179	11.35	4270	11.4	3852	11.3	11.55	11.05	341669	276914	4654865	
FIR	32.3	28.1	30.2	30.2	671	30.25	325	30.3	87	0.1	0.33	30.3	602	10397	30.35	237	30.4	199	30.45	161	30.3	30.45	30.1	821	0	1005705	
HAH	12.1	10.6	11.35	11.7	1000	11.75	658	11.8	771	0.55	4.85	11.9	656	30018	11.9	501	11.95	1213	12	2254	11.9	12	11.55	0	4	1368653	
PGC	15.7	13.7	14.7	14.3	100	14.5	714	14.55	99	0.1	0.68	14.8	117	756	14.8	2378	14.85	86	14.9	557	14.8	14.9	14.5	2	65	2501433	
DPG	25.75	22.45	24.1	23.8	1413	23.85	1374	23.9	1124	-0.2	-0.83	23.9	214	24476	24	50	24.1	196	24.2	201	23.9	24.3	23.65	1195	382	2187078	
EIB	18.4	16	17.2	16.8	10769	16.85	130	16.9	947	-0.3	-1.74	16.9	18450	50218	17	20	17.2	82	17.4	1050	16.9	17.6	16.9	0	0	13302	
TDM	23.4	20.4	21.9	21.5	734	21.55	715	21.6	106	-0.25	-1.14	21.65	347	24921	21.65	38	21.7	104	21.75	833	21.65	21.85	21.25	4023	0	3691469	
NKG	8.26	7.18	7.72	7.69	12305	7.7	29866	7.71	13115	-0.01	-0.13	7.71	10513	248830	7.72	200	7.73	927	7.74	5288	7.71	7.82	7.7	4872	60000	14299196	
CRE	17.9	15.6	16.75	16.2	7663	16.25	7722	16.3	8180	-0.45	-2.69	16.3	5430	118072	16.4	300	16.45	286	16.5	1725	16.3	17	16.25	376	71436	1950177	
IBC	23.6	20.6	22.1	23.3	110	23.35	50	23.4	100	1.4	6.33	23.5	703	8857	23.5	110	23.6	668	0	0	23.5	23.5	21.8	0	0	1975946	
TNI	11.6	10.1	10.85	11.5	700	11.55	1400	11.6	5870	0.75	6.91	11.6	530	463601	0	0	0	0	0	0	0	11.6	10.1	1717	549	2516462	
PNJ	67.4	58.6	63	62.5	6554	62.6	3351	62.7	3939	-0.3	-0.48	62.7	2943	79635	62.8	570	62.9	4607	63	3799	62.7	63.1	62.2	40000	40000	0	
SCS	126.6	110.2	118.4	118.3	46	118.4	20	118.5	29	0.1	0.08	118.5	20	3307	118.6	23	119	184	119.1	80	118.5	119.2	118.3	1742	0	1394081	
HMC	14.95	13.05	14	14	72	14.05	544	14.1	372	0.1	0.71	14.1	85	4672	14.9	10	14.95	9410	0	0	14.1	14.95	14.05	0	0	1003126	
HQC	1.15	1.01	1.08	1.06	47095	1.07	124644	1.08	11580	0	0	1.08	5976	319476	1.09	54223	1.1	198053	1.11	72824	1.08	1.09	1.07	0	6765	21529129	
VOS	1.51	1.33	1.42	1.38	2251	1.39	1583	1.4	2119	-0.02	-1.41	1.4	639	2425	1.42	3608	1.43	1743	1.44	1296	1.4	1.43	1.4	0	0	6609756	
LDG	6.17	5.37	5.77	5.66	5306	5.67	4617	5.68	1200	-0.08	-1.39	5.69	6983	225314	5.69	2353	5.7	810	5.71	5890	5.69	5.8	5.61	143	148	11469667	
VPI	44.6	38.8	41.7	42	360	42.05	339	42.1	179	0.4	0.96	42.1	5	73311	42.15	127	42.2	315	42.25	262	0	43.3	38.8	254	10000	7176469	
TYA	13.65	11.95	12.8	12.7	71	12.75	50	12.8	8	0	0	12.8	50	1414	12.9	380	12.95	216	13	765	0	12.9	12.55	200	20	389721	
FRT	27.15	23.65	25.4	24.75	1730	24.8	2384	24.85	538	-0.5	-1.97	24.9	5142	129787	24.9	539	24.95	1672	25	1582	24.9	25.9	24.2	8554	1661	1030716	
SCR	5.05	4.39	4.72	4.79	2190	4.8	2361	4.81	120	0.11	2.33	4.83	8560	114613	4.83	426	4.84	5639	4.85	9745	4.83	4.87	4.74	108	960	17419655	
PET	9.37	8.15	8.76	8.43	1111	8.45	2	8.46	290	-0.3	-3.42	8.46	1771	32502	8.55	277	8.6	740	8.65	405	8.46	8.76	8.42	419	99	2800570	
DLG	1.53	1.33	1.43	1.4	22169	1.41	44051	1.42	72353	0	0	1.43	22338	315000	1.43	3345	1.44	45124	1.45	43628	1.43	1.45	1.42	2510	12995	13827025	
PMG	13.25	11.55	12.4	12.1	8	12.15	4	12.2	1986	-0.2	-1.61	12.2	25	238	12.4	103	12.45	11	12.5	13	12.2	12.4	12.2	0	0	2018910	
PC1	18.4	16	17.2	17.05	1171	17.1	400	17.2	1290	0	0	17.2	15810	77447	17.3	25	17.35	2070	17.4	1520	17.2	17.5	17	0	5211	4622159	
SAB	187.4	163	175.2	174.9	1	175	142	175.2	347	0	0	175.2	1103	7399	176.5	1	176.8	107	176.9	110	175.2	177.2	173	10103	5303	23506444	
VRE	27.25	23.75	25.5	26.65	5	26.7	87	26.8	3	1.4	5.49	26.9	40940	648194	26.9	5344	26.95	10384	27	47691	26.9	27	25.5	193379	24398	42179649	
ADS	10.75	9.35	10.05	9.66	10	9.68	31	9.69	65	-0.05	-0.5	10	12	197	10	34	10.05	9	10.1	75	0	10	9.66	0	0	1248247	
GMD	20.95	18.25	19.6	19.45	25	19.5	2289	19.55	1096	0	0	19.6	874	19626	19.6	1343	19.65	31	19.7	675	19.6	19.9	19.4	0	277	0	
SJD	18.6	16.2	17.4	17.3	30	17.4	561	17.5	397	0.1	0.57	17.5	100	2552	17.6	1043	17.65	620	17.7	805	17.5	17.7	17.4	102	300	1565955	
DHA	34.2	29.8	32	31.5	73	31.55	30	31.6	6	-0.15	-0.47	31.85	1	332	31.85	100	31.9	11	32	426	31.85	31.85	31.2	0	0	600570	
CMX	17.4	15.2	16.3	16.25	93	16.3	3207	16.35	144	0.05	0.31	16.35	700	25506	16.5	315	16.55	888	16.6	1211	16.35	16.7	16.1	100	0	1159148	
SMB	33.7	29.3	31.5	31.2	1000	31.3	50	31.5	97	0.1	0.32	31.6	10	5826	31.9	1	32	212	32.1	200	31.6	32	31.2	4480	0	1075373	
PAN	23.4	20.4	21.9	22	170	22.05	15	22.25	70	0.45	2.05	22.35	1	2049	22.3	848	22.35	31	22.5	79	0	22.35	20.5	5	0	1035287	
HUB	19.15	16.65	17.9	16.65	164	16.8	400	16.85	2	-0.9	-5.03	17	3	432	17	160	17.8	23	17.85	190	0	17.9	16.8	0	0	747054	
VNE	5.32	4.64	4.98	4.69	1015	4.7	641	4.71	232	-0.27	-5.42	4.71	10000	43633	5	1102	5.2	10	5.25	3200	4.71	5.25	4.64	100	610	3929166	
FCM	6.65	5.79	6.22	6.26	410	6.27	200	6.28	65	0.1	1.61	6.32	1197	23081	6.32	273	6.33	999	6.34	150	6.32	6.39	6.2	0	0	1909220	
NBB	20.5	17.9	19.2	18.7	502	18.8	110	19	1	0	0	19.2	7	564	19.2	770	19.3	200	19.35	300	19.2	19.4	19.1	31	0	3105656	
YBM	4.39	3.83	4.11	4.3	21	4.32	170	4.39	1489	0.28	6.81	4.39	1	3129	0	0	0	0	0	0	0	4.39	4.31	0	0	688731	
PVD	11.55	10.05	10.8	10.6	30041	10.65	9711	10.7	37164	-0.1	-0.93	10.7	15018	430314	10.8	26964	10.85	25612	10.9	8680	10.7	10.95	10.7	769	832	15376928	
REE	33.75	29.35	31.55	31.35	409	31.4	1027	31.45	561	-0.1	-0.32	31.45	3874	48644	31.5	25	31.55	2490	31.6	1223	31.45	31.85	31.4	0	0	0	
SZL	43.3	37.7	40.5	40.2	50	40.35	20	40.4	129	-0.1	-0.25	40.4	124	8211	40.5	596	40.6	5	40.7	20	40.4	40.8	39.6	864	218	817240	
EVG	2.83	2.47	2.65	2.81	1386	2.82	9264	2.83	160100	0.18	6.79	2.83	1	224668	0	0	0	0	0	0	0	2.83	2.81	0	2700	2856019	
FTS	12.1	10.6	11.35	11.1	445	11.2	1284	11.25	55	-0.05	-0.44	11.3	45	1963	11.3	555	11.35	1312	11.4	170	11.3	11.35	11.2	400	278	9458299	
SSI	15.9	13.9	14.9	14.75	5768	14.8	32047	14.85	5766	-0.05	-0.34	14.85	11545	487649	14.9	7203	14.95	3632	15	5279	14.85	15.1	14.8	10159	20334	29827414	
DHC	39.15	34.05	36.6	36.8	1060	36.85	500	36.9	200	0.4	1.09	37	680	24070	36.95	23	37	1697	37.15	2201	37	37.3	36.3	7656	251	686088	
HBC	9.67	8.41	9.04	9.03	1336	9.04	11646	9.05	5704	0.02	0.22	9.06	10873	379150	9.06	5141	9.07	730	9.08	500	9.06	9.24	9.04	1569	106104	6661089	
HDC	16.95	14.8	18.25	16.05	8845	16.1	3711	16.15	613	-2.1	-11.51	16.15	2474	89515	16.2	2350	16.25	240	16.3	2662	16.15	16.5	15.9	1110	19601	2446298	
HVH	8.6	7.48	8.04	8.01	255	8.04	5	8.12	107	0.11	1.37	8.15	90	29246	8.15	361	8.16	151	8.19	2412	8.15	8.3	7.5	30	231	961590	
D2D	62.7	54.5	58.6	58	489	58.1	369	58.2	82	-0.5	-0.85	58.1	460	23450	58.3	48	58.4	13	58.5	2484	58.1	59	57.7	496	2200	896931	
TCH	23.5	20.5	22	20.9	1119	20.95	102	21	7213	-1	-4.55	21	10956	223232	21.1	170	21.15	298	21.2	825	21	22.3	21	2280	10527	16195530	
VPG	20.95	18.25	19.6	19.3	3	19.4	1	19.5	1	0.1	0.51	19.7	267	1155	19.8	60	19.9	55	20	168	19.7	19.7	19.2	0	45	1294498	
VNG	14.7	12.8	13.75	13.35	169	13.4	157	13.45	139	-0.25	-1.82	13.5	50	17441	13.5	874	13.55	688	13.6	600	13.5	13.8	13.35	0	394	4754135	
CNG	22.45	19.55	21	21.15	1	21.2	1144	21.3	10	0.5	2.38	21.5	101	9509	21.5	474	21.7	77	21.8	1	21.5	22	21	0	0	757255	
SRC	17.5	15.3	16.4	16.15	1	16.2	1	16.3	199	0	0	16.4	2	780	16.4	106	16.45	39	16.5	100	16.4	16.4	16	0	0	1372379	
BCG	6.74	5.86	6.3	6.03	964	6.04	686	6.05	100	-0.1	-1.59	6.2	2850	93988	6.2	1374	6.21	8	6.23	510	6.2	6.35	6.02	541	1474	1659812	
ACL	26.4	23	24.7	24.5	1045	24.6	200	24.7	250	0.1	0.4	24.8	300	4927	24.8	303	24.85	999	24.9	1068	24.8	25.5	24.4	800	100	845267	
KDC	31.85	27.75	29.8	29.65	1166	29.7	477	29.75	189	0	0	29.8	5087	40565	29.8	2504	29.9	1035	30	3009	29.8	30	29.5	57	2135	20962118	
PDR	26.6	23.2	24.9	25.7	903	25.8	100	25.9	200	1.1	4.42	26	5500	164332	26	185	26.1	420	26.2	415	26	26	24.7	5140	960	15035095	
CVT	19	16.6	17.8	17.7	3341	17.75	1566	17.8	1863	0	0	17.8	169	18777	17.85	521	17.9	209	17.95	480	17.8	18	17.65	337	1616	3268523	
VRC	6.69	5.83	6.26	6.22	639	6.23	151	6.24	124	-0.02	-0.32	6.24	5109	16633	6.29	39	6.3	1811	6.35	490	6.24	6.4	6.24	0	0	2390057	
KBC	14.85	12.95	13.9	13.7	17767	13.75	7271	13.8	4855	-0.05	-0.36	13.85	30096	336382	13.85	8537	13.9	18344	13.95	9969	13.85	14	13.7	29590	8790	12802761	
CSV	23.4	20.4	21.9	22	629	22.05	1014	22.1	725	0.35	1.6	22.25	77	22526	22.25	697	22.3	1184	22.35	1040	22.25	22.45	21.95	0	2	1815170	
SGN	76	66.2	71.1	69.5	12	69.9	10	70	28	-1.1	-1.55	70	3	2684	70.5	97	71	50	71.1	298	70	71.1	70	596	0	929274	
SHI	9.4	8.18	8.79	8.7	299	8.74	1	8.75	7	0	0	8.79	2000	54042	8.79	625	8.8	2601	8.9	607	8.79	8.79	8.7	342	0	4199500	
C47	12.45	10.85	11.65	11.1	2562	11.15	124	11.2	1216	0.3	2.58	11.95	1	2738	11.95	9	12	100	12.05	1	11.95	11.95	11	5	3	829800	
PAC	24.1	21	22.55	22.4	1	22.5	180	22.55	176	0	0	22.55	545	8651	22.7	51	22.75	128	22.8	1791	22.55	22.9	22.55	0	435	1310976	
ASM	5.79	5.05	5.42	5.39	100	5.4	10156	5.41	4866	-0.01	-0.18	5.41	5583	141149	5.44	1301	5.45	2809	5.46	830	5.41	5.5	5.41	2352	0	12328542	
VJC	120.9	105.1	113	113	7703	113.1	405	113.2	10	0.3	0.27	113.3	2551	43606	113.3	7679	113.4	427	113.5	370	113.3	114.2	113	2800	10921	6215929	
TDG	1.8	1.58	1.69	1.67	3471	1.68	2959	1.69	7	0.01	0.59	1.7	1622	18614	1.7	11578	1.71	6666	1.72	2222	1.7	1.71	1.68	0	1	791710	
HSG	10.75	9.35	10.05	10.05	39544	10.1	66330	10.15	10763	0.1	1	10.15	58547	895813	10.2	17538	10.25	5158	10.3	27078	10.15	10.4	10.1	76765	52484	14578265	
TCL	27.25	23.75	25.5	24.9	870	25	186	25.1	300	-0.1	-0.39	25.4	203	8506	25.4	343	25.45	3	25.5	1237	25.4	25.6	25	10	0	1059695	
JVC	2.86	2.5	2.68	2.66	6989	2.67	2565	2.68	2548	0	0	2.68	700	20140	2.69	18	2.7	3447	2.71	1583	2.68	2.7	2.67	0	0	342445	
LIX	59	51.4	55.2	53.1	45	53.5	21	53.6	296	-1.6	-2.9	53.6	817	6356	54.7	132	54.8	500	55	652	53.6	55.4	53.6	1	434	1246711	
EVE	11	9.58	10.3	9.81	30	10	1600	10.1	28	-0.2	-1.94	10.1	200	1048	10.25	230	10.3	867	10.35	58	10.1	10.35	9.7	972	0	1476265	
IDI	4.48	3.9	4.19	4.15	8000	4.16	1455	4.17	21	-0.01	-0.24	4.18	792	90114	4.18	5208	4.19	3000	4.2	3727	4.18	4.24	4.15	90	7311	10970856	
BCE	8.26	7.18	7.72	7.66	210	7.67	4	7.68	6	0.02	0.26	7.74	100	6721	7.74	500	7.75	69	7.77	173	7.74	7.74	7.67	0	0	1358916	
VGC	20.35	17.75	19.05	18.85	1000	18.9	726	18.95	646	-0.1	-0.52	18.95	666	55329	19	1210	19.05	3289	19.1	4092	18.95	19.15	18.75	1365	10046	17533163	
HAR	3.25	2.83	3.04	3	6607	3.01	217	3.03	394	-0.01	-0.33	3.03	604	56426	3.04	1567	3.05	13067	3.07	470	3.03	3.05	3	200	0	4951232	
TCM	18.85	16.45	17.65	17.45	5410	17.5	4327	17.55	939	0	0	17.65	13301	103836	17.65	84	17.7	1623	17.8	2761	17.65	17.7	16.8	913	1347	25700	
DPR	40.75	35.45	38.1	38	145	38.1	342	38.15	40	0	0	38.1	225	2635	38.25	10	38.6	4	38.7	210	38.1	38.7	38.1	0	2380	1498683	
NLG	24.75	21.55	23.15	23.2	1920	23.25	1123	23.3	30	0.2	0.86	23.35	3927	80556	23.35	1327	23.4	563	23.45	207	23.35	23.45	23.1	20799	0	389700	
BID	42.55	37.05	39.8	40.5	3422	40.6	683	40.65	653	0.9	2.26	40.7	3696	191389	40.7	7504	40.75	1364	40.8	743	40.7	40.95	39.8	39336	6185	49451892	
TS4	3.33	2.91	3.12	3.12	97	3.13	4	3.2	341	0.08	2.56	3.2	295	2095	3.23	5	3.24	145	3.25	40	3.2	3.3	3.12	0	0	762159	
PTB	51.3	44.65	48	46.85	160	46.9	881	46.95	20	-1	-2.08	47	683	9838	47	578	47.2	549	47.3	272	47	47.8	46	0	18	1473697	
HPX	28.85	25.15	27	26.5	15	26.55	10	26.6	21	-0.15	-0.56	26.85	300	20979	26.85	946	26.9	688	26.95	895	26.85	26.85	26.65	0	0	8086708	
DRH	7.06	6.14	6.6	6.65	1956	6.68	456	6.7	215	0.15	2.27	6.75	13641	179499	6.74	3015	6.75	3119	6.76	1905	6.75	6.8	6.34	2265	17220	2872480	
CRC	12.15	10.65	11.4	11.3	286	11.4	44	11.45	2	0.1	0.88	11.5	21	3702	11.5	52	11.6	291	11.7	280	11.5	11.6	11.3	0	0	734797	
FMC	29.15	25.35	27.25	26.75	100	26.8	183	26.9	24	-0.25	-0.92	27	50	6815	27	324	27.05	269	27.1	303	27	27.35	26.9	65	1814	1982837	
ELC	5.71	4.97	5.34	5.23	96	5.25	260	5.26	51	-0.06	-1.12	5.28	15	2698	5.28	2	5.29	30	5.3	1247	5.28	5.29	5.26	0	1764	1462214	
PLP	9.09	7.91	8.5	8	6	8.1	1681	8.2	627	-0.01	-0.12	8.49	1	611	8.49	24	8.5	212	8.6	7	8.49	8.49	8.2	0	0	977831	
TV2	81.8	71.2	76.5	76	15	76.3	10	76.5	643	0	0	76.5	502	12253	77.9	102	78	1926	78.2	150	76.5	78	76.5	161	2347	15258	
APC	19	16.6	17.8	17.6	395	17.65	159	17.7	50	0.2	1.12	18	1	2778	18	265	18.2	190	18.3	120	18	18	17.6	0	1284	652998	
TGG	0.93	0.81	0.87	0.85	27575	0.86	13591	0.87	14159	0.01	1.15	0.88	600	24413	0.88	4803	0.89	1961	0.9	4147	0.88	0.88	0.85	0	0	1251484	
CTF	22.65	19.75	21.2	20.6	8	20.7	30	20.75	50	0.05	0.24	21.25	10	14211	21.25	17	21.3	279	21.4	2	21.25	21.3	21	0	0	2231224	
SFG	5.77	5.03	5.4	5.35	30	5.36	40	5.4	52	0.1	1.85	5.5	2	330	5.5	544	5.55	139	5.56	300	5.5	5.59	5.4	0	0	2256084	
CTS	6.84	5.96	6.4	6.35	370	6.36	30	6.37	618	0.05	0.78	6.45	500	9855	6.45	6	6.49	100	6.5	3992	6.45	6.52	6.35	500	2400	4056222	
TPB	22.35	19.45	20.9	20.55	116	20.6	1116	20.65	67	-0.25	-1.2	20.65	420	8823	20.7	566	20.8	175	20.85	175	20.65	21.45	20.6	0	0	0	
RAL	82.6	71.8	77.2	79	45	79.1	1	80	8	4.2	5.44	81.4	11	783	81	9	81.1	11	81.2	10	81.4	82	79	0	150	546362	
CTG	23.95	20.85	22.4	22.45	6248	22.5	22525	22.55	4568	0.15	0.67	22.55	43876	593611	22.65	1491	22.7	5416	22.75	7205	22.55	22.95	22.35	142848	5725	1287576	
BFC	13.55	11.85	12.7	13.1	1943	13.15	2000	13.2	300	0.55	4.33	13.25	5099	96816	13.25	1873	13.3	1770	13.35	2744	13.25	13.35	12.9	4455	30	2587319	
DCM	9	7.84	8.42	8.49	900	8.5	2665	8.51	2012	0.09	1.07	8.51	4364	148658	8.52	84	8.53	230	8.56	3	8.51	8.62	8.42	9870	0	24925501	
HAP	3.39	2.95	3.17	3.1	725	3.11	598	3.12	502	-0.02	-0.63	3.15	100	2457	3.15	700	3.16	616	3.17	959	0	3.16	3.11	0	144	2327244	
VCI	24.6	21.4	23	23.05	20	23.2	10	23.35	1171	0.35	1.52	23.35	1096	84677	23.4	70	23.45	450	23.5	1629	23.35	23.5	22.85	3148	40016	11581075	
SJS	22.45	19.55	21	20.9	340	21	389	21.05	494	0.05	0.24	21.05	409	12995	21.2	16	21.35	110	21.4	2227	21.05	21.5	20.9	19	534	5376823	
HT1	15.7	13.7	14.7	14.2	2315	14.25	2563	14.3	2008	-0.4	-2.72	14.3	863	18331	14.4	728	14.45	2130	14.5	1064	14.3	14.7	14.25	0	0	16247835	
SCD	23	20	21.5	21.1	551	21.2	210	21.3	489	-0.2	-0.93	21.3	11	340	21.5	241	21.6	330	21.7	256	0	21.5	21.3	0	209	345434	
DIG	12.8	11.2	12	11.9	3046	11.95	1000	12	20	0.1	0.83	12.1	15100	124279	12.1	3551	12.15	1165	12.2	8496	12.1	12.1	11.8	4036	500	4596820	
LSS	5.08	4.42	4.75	4.56	500	4.6	71	4.62	1421	-0.05	-1.05	4.7	250	6106	4.7	725	4.73	512	4.74	321	4.7	4.75	4.55	0	0	3317491	
C32	27.8	24.2	26	25.15	100	25.2	123	25.4	10	-0.6	-2.31	25.4	190	2287	25.5	39	25.7	743	25.8	1250	25.4	26	25.4	0	1260	335355	
DAG	5.78	5.04	5.41	5.36	221	5.37	157	5.38	650	-0.03	-0.55	5.38	100	12446	5.39	411	5.4	22790	5.41	294	0	5.44	5.37	0	0	2102391	
FCN	9.96	8.66	9.31	9.21	1220	9.22	2235	9.23	1527	-0.06	-0.64	9.25	3628	56418	9.25	378	9.27	459	9.28	298	9.25	9.32	9.2	3797	0	2927177	
DVP	37.75	32.85	35.3	34.6	20	34.65	15	34.7	149	-0.3	-0.85	35	1	1269	35	142	35.15	30	35.2	150	35	35.25	34.7	7	0	1407415	
PVT	11.75	10.25	11	10.85	4294	10.9	4788	10.95	1463	-0.05	-0.45	10.95	1909	108814	11	7237	11.05	2549	11.1	12976	10.95	11.1	10.9	20088	29899	6805694	
HDB	25.35	22.05	23.7	23.6	256	23.65	458	23.7	3165	0	0	23.7	7502	51018	23.8	5236	23.85	1306	23.9	2367	23.7	24	23.65	5800	19720	8708433	
VNM	123	107	115	114.6	1348	114.7	2963	114.8	1742	-0.2	-0.17	114.8	10219	100450	114.9	140	115	9921	115.1	173	114.8	116	114.8	54736	52030	71778777	
CII	21.4	18.6	20	19.75	1421	19.8	3202	19.85	3794	-0.15	-0.75	19.85	3615	68398	19.9	2832	19.95	399	20	7526	19.85	20.15	19.85	947	27160	7255211	
FIT	6.31	5.49	5.9	6.04	320	6.06	15	6.07	300	0.19	3.22	6.09	1600	56747	6.09	904	6.1	1915	6.11	220	6.09	6.3	5.87	635	282	12144009	
AAM	12.8	11.2	12	0	0	11.2	343	11.3	76	-0.2	-1.67	11.8	20	421	11.8	543	11.9	175	12	140	0	11.8	11.5	0	0	592374	
STB	10.8	9.4	10.1	10.2	43285	10.25	23467	10.3	55829	0.2	1.98	10.3	37852	1676921	10.35	3313	10.4	17588	10.45	61133	10.3	10.6	10.05	84062	30040	27435513	
GIL	20.5	17.9	19.2	18.95	100	19	864	19.05	185	-0.1	-0.52	19.1	447	12214	19.1	411	19.15	10	19.2	1463	19.1	19.5	19.1	370	0	1056480	
TCB	22.35	19.45	20.9	20.8	6152	20.85	3647	20.9	29308	0	0	20.9	16568	158439	21	1208	21.05	2210	21.1	4004	20.9	21.2	20.8	25633	25633	0	
HPG	29.1	25.3	27.2	27.05	50	27.1	5212	27.15	5000	0	0	27.2	196983	1448637	27.2	990	27.25	15170	27.3	5842	27.2	27.6	26.9	102139	219485	34372720	
MBB	18.5	16.1	17.3	17.15	20912	17.2	21450	17.25	40829	0	0	17.3	18841	343956	17.3	2457	17.35	12893	17.4	22337	17.3	17.5	17.25	0	0	0	
HCD	3.21	2.79	3	2.94	1110	2.95	534	2.96	300	-0.04	-1.33	2.96	809	17038	2.99	273	3	5224	3.01	5000	2.96	3.02	2.96	0	0	1320269	
SAV	9.52	8.28	8.9	8.4	20	8.7	10	8.8	10	0.1	1.12	9	20	20	9	755	9.39	30	9.4	693	0	9	9	0	0	0	
VPB	24.6	21.4	23	23	36434	23.05	16149	23.1	3025	0.1	0.43	23.1	25220	645500	23.2	1485	23.25	1200	23.3	2693	23.1	23.5	22.75	1285	0	0	
DAH	12.6	11	11.8	11.8	2563	11.85	1587	11.9	755	0.1	0.85	11.9	51	157689	11.95	915	12	567	12.05	614	11.9	12	11.8	2081	0	1640393	
VIP	5.31	4.63	4.97	4.97	2360	4.98	2219	5	259	0.08	1.61	5.05	561	5493	5.05	59	5.08	300	5.1	578	5.05	5.05	4.98	2001	53	2935925	
POW	11	9.58	10.3	10.25	30269	10.3	48137	10.35	26154	0.1	0.97	10.4	15534	437076	10.4	16099	10.45	25009	10.5	28504	10.4	10.5	10.25	235076	55040	88048758	
SZC	21.5	18.7	20.1	20.25	371	20.3	533	20.35	1040	0.4	1.99	20.5	5049	236891	20.5	2253	20.6	3305	20.65	579	20.5	20.95	19.4	3851	345	4870866	
HTN	21.6	18.8	20.2	19	530	19.1	5	19.3	160	-0.9	-4.46	19.3	342	13381	19.4	10	19.45	7	19.5	30	19.3	20.4	18.9	0	30	1428262	
NVL	57.5	50.1	53.8	54	1058	54.1	2000	54.2	1671	0.5	0.93	54.3	10498	136144	54.3	1411	54.4	1970	54.5	2601	54.3	54.9	52.7	4413	2082	31420167	
NCT	65.3	56.9	61.1	61.5	102	61.6	53	61.7	24	0.7	1.15	61.8	1	2254	62	280	62.2	8	62.3	54	61.8	62	61.2	0	0	1001485	
TSC	2.55	2.23	2.39	2.34	1170	2.35	3047	2.36	210	-0.02	-0.84	2.37	220	36354	2.37	80	2.38	184	2.39	2068	2.37	2.41	2.35	0	0	7176660	
BVH	54	47	50.5	50.1	2176	50.2	3052	50.3	2180	-0.1	-0.2	50.4	1836	77184	50.4	384	50.5	939	50.6	535	50.4	51.1	49.8	2887	895	15270975	
GEX	18.45	16.05	17.25	17.15	10750	17.2	14132	17.25	5653	0	0	17.25	9752	233506	17.3	3567	17.35	4121	17.4	2504	17.25	17.4	17.2	14110	0	16531523	
VPH	4.74	4.12	4.43	4.21	290	4.25	576	4.26	116	-0.17	-3.84	4.26	1100	13627	4.36	398	4.4	648	4.42	505	4.26	4.58	4.26	0	0	3417741	
DBD	53.5	46.5	50	49.55	20	49.6	210	49.7	49	0	0	50	16	685	49.9	94	50	192	50.2	194	50	50	49.7	0	0	5235678	
ANV	19.65	17.15	18.4	18.1	2124	18.15	1087	18.2	240	0.2	1.09	18.6	3248	23215	18.6	136	18.65	105	18.7	600	18.6	18.6	18.05	220	955	6092152	
AAA	13.35	11.65	12.5	12.45	5676	12.5	12699	12.55	472	0.05	0.4	12.55	1882	151954	12.6	3852	12.65	6478	12.7	10939	12.55	12.75	12.5	673	5080	6200812	
DCL	21.9	19.1	20.5	20.15	20	20.2	20	20.25	843	-0.25	-1.22	20.25	2017	4990	20.35	366	20.45	102	20.5	1275	20.25	20.5	20.1	308	0	1680230	
DQC	19.3	16.8	18.05	17.5	548	17.55	220	17.6	91	-0.1	-0.55	17.95	36	1381	17.95	99	18	150	18.05	100	17.95	18.4	17.5	37	35	1591785	
DIC	1.88	1.64	1.76	1.71	2976	1.72	830	1.73	3658	-0.01	-0.57	1.75	5	21825	1.75	195	1.76	2103	1.77	1925	1.75	1.76	1.71	0	0	1287512	
HAI	3.19	2.79	2.99	2.97	16651	2.98	10159	2.99	16099	0.01	0.33	3	7160	161686	3	18	3.01	5217	3.02	11853	3	3.04	2.98	10149	0	8613369	
VIC	103.6	90.2	96.9	96.5	803	96.8	1	96.9	563	0.1	0.1	97	7685	31479	97	6230	97.1	90	97.2	238	97	97.5	96.3	14294	12281	76749284	
LMH	0.81	0.71	0.76	0	0	0	0	0	0	-0.05	-6.58	0.71	32	11266	0.71	226434	0.72	205	0.73	6301	0.71	0.71	0.71	0	0	2562923	
AGR	3.56	3.1	3.33	3.27	1011	3.28	1778	3.29	1304	-0.03	-0.9	3.3	287	12332	3.3	3587	3.31	345	3.32	500	3.3	3.33	3.28	0	0	9960335	
HDG	29.4	25.6	27.5	27.45	618	27.5	500	27.6	400	0.2	0.73	27.7	120	37441	27.7	748	27.8	2708	27.85	1000	27.7	27.9	27.2	645	9961	3913102	
KDH	23.2	20.2	21.7	21.65	1511	21.7	1107	21.75	1732	0.05	0.23	21.75	932	19402	21.8	2624	21.85	1667	21.9	1469	21.75	21.9	21.65	1600	651	2799357	
TEG	6.35	5.53	5.94	6.12	1011	6.18	504	6.19	20	0.3	5.05	6.24	3355	21756	6.24	683	6.25	800	6.28	450	6.24	6.29	5.94	0	50	1572485	
HII	15.05	13.15	14.1	13.3	100	13.35	1	13.4	161	-0.65	-4.61	13.45	987	20623	13.45	1168	13.5	508	13.55	100	13.45	14	13.15	724	0	1353111	
HSL	5.76	5.02	5.39	5.3	1892	5.31	205	5.32	45	-0.03	-0.56	5.36	21	5928	5.36	102	5.39	579	5.4	748	5.36	5.46	5.3	500	0	1360651	
TLD	6.42	5.58	6	5.95	219	5.96	1	6	200	0	0	6	100	21792	6.04	50	6.05	691	6.1	70	6	6.05	5.91	0	0	891197	
CEE	16.05	13.95	15	0	0	14.1	3	14.15	11	0	0	0	0	0	15	22	15.1	1	15.5	1	0	0	0	0	0	2021552	
BWE	23.5	20.5	22	21.9	964	21.95	1040	22	394	0	0	22	182	12955	22.1	520	22.2	6	22.3	110	22	22.4	21.95	0	21	5952286	
PHR	52.4	45.6	49	49.8	203	49.85	38	49.9	520	1	2.04	50	7131	243501	50	2957	50.1	3072	50.2	1232	50	50.8	48.5	16380	128	5317694	
SJF	2	1.74	1.87	1.87	5635	1.88	1156	1.89	4000	0.04	2.14	1.91	4436	39484	1.91	1931	1.92	6518	1.93	610	1.91	1.91	1.87	0	0	3858613	
LGL	5.11	4.45	4.78	4.7	115	4.72	1537	4.73	30	-0.05	-1.05	4.73	80	1731	4.77	44	4.78	761	4.79	801	4.73	4.95	4.72	0	0	2261195	
SRF	14.1	12.3	13.2	12.65	12	12.7	101	12.8	16	-0.4	-3.03	12.8	50	335	12.9	169	12.95	266	13	244	12.8	13.2	12.8	45	0	71003	
APG	9.51	8.27	8.89	8.73	1310	8.75	101	8.77	1099	-0.09	-1.01	8.8	100	76904	8.8	289	8.84	13	8.85	469	8.8	8.85	8.77	2515	1012	3153742	
GMC	20.4	17.8	19.1	18.65	10	18.8	140	19.05	770	0.25	1.31	19.35	1	1217	19.4	494	19.5	260	19.6	210	19.35	19.4	18.6	0	0	1034755	
ITD	9.07	7.89	8.48	8.01	50	8.35	52	8.36	1	0.02	0.24	8.5	63	1371	8.5	437	8.59	100	8.65	368	8.5	8.65	8.5	0	0	682420	
VCB	88.7	77.1	82.9	83.8	2051	84	3424	84.2	15	1.6	1.93	84.5	12612	184931	84.5	1565	84.6	1167	84.7	1276	84.5	85.1	83	163222	40151	23218109	
GAS	80.2	69.8	75	73.4	5	73.5	358	73.8	101	-1.1	-1.47	73.9	9464	55121	73.9	2625	74.5	710	74.8	397	73.9	75.4	73.9	8428	12012	87469509	
ITA	3.41	2.97	3.19	3.39	17731	3.4	58032	3.41	231987	0.22	6.9	3.41	3722	1963646	0	0	0	0	0	0	3.41	3.41	3.19	21598	50171	39418884	
YEG	62.4	54.4	58.4	57.8	55	57.9	20	58	51	-0.2	-0.34	58.2	20	1482	58.2	17	58.3	80	58.4	31	58.2	59	57.2	109	0	2167478	
NTL	18.8	16.4	17.6	17.55	1266	17.6	2116	17.65	2018	0.1	0.57	17.7	586	53862	17.7	506	17.8	933	17.85	336	17.7	17.8	17.6	521	57	2834620	
FTM	1.54	1.34	1.44	1.39	3110	1.4	3376	1.41	433	-0.03	-2.08	1.41	1040	20006	1.42	900	1.43	962	1.44	1858	1.41	1.44	1.4	0	100	2435620	
FPT	51.3	44.65	48	47.9	3107	47.95	363	48	28729	0	0	48	7968	119438	48.05	41	48.1	1866	48.15	123	48	48.6	48	2189	2189	0	
VSC	30.6	26.6	28.6	28.05	100	28.1	826	28.15	230	-0.45	-1.57	28.15	485	8091	28.25	10	28.3	42	28.35	16	28.15	28.9	28	126	204	781188	
NT2	22.95	19.95	21.45	21.05	302	21.1	1787	21.15	178	-0.3	-1.4	21.15	813	21817	21.2	710	21.3	640	21.35	293	21.15	21.4	21	4826	0	8964229	
SBT	15.95	13.95	14.95	14.75	2398	14.8	7240	14.85	2475	-0.05	-0.33	14.9	9434	227409	14.9	31	14.95	377	15	12902	14.9	15	14.8	4955	1212	55224625	
BMC	13.05	11.35	12.2	12.1	200	12.2	201	12.25	5	0.1	0.82	12.3	83	1461	12.3	29	12.35	110	12.4	521	12.3	12.4	12	254	715	324997	
BMP	51.7	45	48.35	47.6	844	47.65	1176	47.7	10	-0.55	-1.14	47.8	928	8152	47.8	977	47.9	10	48.2	418	47.8	48.5	47.5	848	1927	1630337	
TTB	4.81	4.19	4.5	4.79	1099	4.8	578	4.81	1878	0.31	6.89	4.81	7526	249746	0	0	0	0	0	0	4.81	4.81	4.48	0	0	2282089	
DGW	28.55	24.85	26.7	26.6	1213	26.65	330	26.7	359	0.1	0.37	26.8	1430	32006	26.8	374	26.9	67	26.95	359	26.8	26.95	26.6	648	67	1047279	
VDS	6.63	5.77	6.2	5.89	480	5.9	5	5.91	1	0	0	0	0	0	6.2	413	6.5	18	6.62	2	0	0	0	0	0	4865369	
TNA	19.8	17.3	18.55	18.1	46	18.2	382	18.3	410	-0.15	-0.81	18.4	8893	38948	18.4	256	18.5	1597	18.55	767	18.4	18.55	17.9	0	603	1477558	
HHS	4.14	3.6	3.87	3.93	1202	3.94	1247	3.95	602	0.08	2.07	3.95	11308	210512	3.96	2310	3.97	1450	3.98	10	3.95	3.99	3.85	17356	2667	12582228	
BTP	16.55	14.45	15.5	15	1060	15.05	110	15.1	5	-0.4	-2.58	15.1	795	4845	15.35	40	15.4	362	15.5	778	15.1	15.55	15.1	0	0	2402153	
ASP	5.77	5.03	5.4	5.31	300	5.32	211	5.35	300	0	0	5.4	11	521	5.4	313	5.42	2	5.45	202	5.4	5.4	5.32	0	0	0	
DSN	51.1	44.5	47.8	47.1	551	47.3	105	47.5	124	-0.2	-0.42	47.6	4	369	47.8	20	48	465	48.2	68	47.6	48	47	0	85	372097	
VHM	79.9	69.5	74.7	74.8	283	74.9	501	75	5835	0.3	0.4	75	40012	434727	75.1	861	75.2	1431	75.3	3565	75	76	74.4	152163	36681	117870214	
