HNXCON
112.26
-0.61	-0.54
5843600	18.94	
CMS	2.9	2.5	2.7	0	0	0	0	2.5	210	-0.1	-3.7	2.6	200	440	2.6	80	2.7	2100	2.8	250	2.6	2.6	2.6	0	0	816716	0	0	
UNI	4	3.4	3.7	3.8	100	3.9	30	4	870	0.3	8.11	4	170	1240	0	0	0	0	0	0	4	3.9	3.99	0	0	739633	0	0	
TKC	3.3	2.7	3	2.7	900	2.8	100	2.9	230	0	0	3	20	3380	3	100	3.1	1520	3.2	1020	3.1	2.9	3	0	0	556469	0	0	
VMC	10.7	8.9	9.8	9.4	210	9.5	50	9.6	440	0	0	9.8	10	320	9.8	150	9.9	510	10	360	9.8	9.6	9.7	0	0	921000	0	0	
VMI	0.7	0.5	0.6	0	0	0	0	0	0	0	0	0	0	0	0	0	0	0	0	0	0	0	0.6	0	0	449469	0	0	
C69	6.2	5.2	5.7	5.4	300	5.5	1260	5.6	40	-0.1	-1.75	5.6	70	14390	5.7	2660	5.8	1740	5.9	1360	5.7	5.6	5.63	0	0	734960	0	0	
LHC	76.4	62.6	69.5	66.5	50	67	20	67.3	10	-0.5	-0.72	69	200	720	69	100	69.5	200	69.9	100	69	67	68.27	0	0	94506	0	0	
CTX	10.1	8.3	9.2	8.8	100	8.9	150	9	150	0.1	1.09	9.3	10	90	9.3	210	9.6	120	9.7	50	9.3	9	9.24	0	0	3865356	0	0	
AME	7.4	6.2	6.8	6.5	10	6.8	200	6.9	70	0.1	1.47	6.9	10	30	7.1	10	7.4	10	0	0	6.9	6.9	6.9	0	10	1092620	0	0	
VXB	6.9	5.7	6.3	0	0	5.7	10	5.8	20	0.6	9.52	6.9	40	50	6.8	90	6.9	1080	0	0	6.9	6.9	6.9	0	0	198381	0	0	
DTD	14.1	11.7	12.9	12.1	300	12.2	890	12.3	140	-0.6	-4.65	12.3	50	4190	12.5	1660	12.6	1190	12.8	210	13	12.3	12.5	0	0	1202579	0	0	
PIC	9.9	8.1	9	8.1	30	8.2	50	8.5	20	0	0	9	50	100	0	0	0	0	0	0	9	9	9	0	0	1633642	0	0	
VC2	14	11.6	12.8	0	0	11.7	20	12.8	20	0	0	12.8	10	40	13.8	20	13.9	100	0	0	12.8	12.8	12.8	0	0	730378	0	0	
VCC	10.4	8.6	9.5	0	0	9.4	10	9.5	30	0	0	9.5	270	1070	9.7	150	10	250	10.3	10	9.5	9.5	9.5	0	0	587210	0	0	
VCG	27.7	22.7	25.2	24.8	590	24.9	500	25	370	-0.1	-0.4	25.1	40	3080	25.1	560	25.2	2780	25.3	310	25.2	25	25.04	0	0	21442549	0	0	
QTC	19.5	16.1	17.8	16.3	80	16.4	10	16.5	10	0	0	0	0	0	18	210	18.5	70	18.9	20	0	0	17.8	0	0	48926	0	0	
SDT	3.1	2.7	2.9	0	0	0	0	2.7	1150	0	0	2.9	20	740	2.9	1090	3	570	3.1	400	2.9	2.7	2.8	0	0	1717326	0	0	
LUT	2.2	1.8	2	0	0	0	0	1.8	10	-0.1	-5	1.9	20	60	2	10	2.1	1690	2.2	190	2.1	1.9	1.93	0	0	732722	0	0	
KTT	4.5	3.7	4.1	0	0	0	0	0	0	0	0	0	0	0	0	0	0	0	0	0	0	0	4.1	0	0	143424	0	0	
SD9	5.5	4.5	5	4.6	140	4.7	60	4.8	240	0	0	5	1000	1000	5	2530	5.1	1020	5.2	2020	5	5	5	0	0	1436671	0	0	
DC4	15.1	12.5	13.8	0	0	0	0	0	0	0.5	3.62	14.3	10	10	13.5	40	13.6	40	14	380	14.3	14.3	14.3	0	0	1468583	0	0	
VE1	8.3	6.9	7.6	0	0	0	0	0	0	0	0	0	0	0	0	0	0	0	0	0	0	0	7.6	0	0	114226	0	0	
MST	3	2.6	2.8	0	0	2.6	39990	2.7	80770	0	0	2.8	90	80900	2.8	43480	2.9	85870	3	103860	2.9	2.7	2.81	0	0	1725019	0	0	
VE8	9.9	8.1	9	0	0	0	0	0	0	0	0	0	0	0	9	90	9.2	10	9.5	100	0	0	9	0	0	87680	0	0	
L14	72.8	59.6	66.2	64.5	210	64.6	300	65	250	-1.2	-1.81	65	20	2980	65.2	600	65.5	180	65.9	100	67	65	65.71	0	0	904803	0	0	
V21	8.9	7.3	8.1	0	0	0	0	0	0	-0.8	-9.88	7.3	120	190	7.3	250	8	50	8.8	20	7.3	7.3	7.3	0	0	587649	0	0	
HUT	2.2	1.8	2	0	0	1.8	98390	1.9	249450	0	0	2	280	419620	2	42750	2.1	290540	2.2	260100	2.1	1.9	2	0	0	12146067	0	0	
NHA	11.3	9.3	10.3	10.1	180	10.2	1700	10.3	290	0	0	10.3	40	2380	10.4	30	10.5	190	10.6	490	10.7	10.2	10.35	0	0	720054	0	0	
LCS	2.4	2	2.2	0	0	0	0	2	50	-0.1	-4.55	2.1	10	1520	2.1	340	2.2	1520	2.4	2570	2.2	2	2.07	0	0	371890	0	0	
D11	23.5	19.3	21.4	23	60	23.5	260	0	100	2.1	9.81	23.5	100	2680	0	0	0	0	0	0	23.5	19.7	22.97	0	0	320442	0	0	
NDX	14	11.6	12.8	12.7	300	12.8	530	12.9	100	0.1	0.78	12.9	100	770	13	300	13.1	300	13.2	200	12.9	12.8	12.85	0	0	281411	0	0	
MCO	2.4	2	2.2	2.2	1700	2.3	3300	2.4	1400	0.2	9.09	2.4	100	1900	0	0	0	0	0	0	2.4	2.3	2.36	0	0	192771	0	0	
VC1	12.7	10.5	11.6	0	0	0	0	0	0	0	0	0	0	0	11.6	10	11.7	80	11.8	150	0	0	11.6	0	0	557269	0	0	
VC9	11	9	10	0	0	0	0	0	0	0	0	0	0	0	11	200	0	0	0	0	0	0	10	0	0	556625	0	0	
VC6	8.3	6.9	7.6	0	0	0	0	7.6	100	0	0	7.6	200	200	7.8	100	8.2	10	0	0	7.6	7.6	7.6	0	0	311542	0	0	
VC7	6.4	5.4	5.9	0	0	0	0	5.4	260	-0.1	-1.69	5.8	10	30	5.8	100	5.9	580	6	1400	5.8	5.4	5.53	0	0	1117840	0	0	
C92	9.1	7.5	8.3	0	0	0	0	0	0	-0.8	-9.64	7.5	10	10	7.5	480	9	130	0	0	7.5	7.5	7.5	0	0	258285	0	0	
PTD	17.8	14.6	16.2	0	0	0	0	0	0	0	0	0	0	0	0	0	0	0	0	0	0	0	16.2	0	0	85872	0	0	
CX8	9.4	7.8	8.6	0	0	0	0	0	0	0	0	0	0	0	0	0	0	0	0	0	0	0	8.6	0	0	102786	0	0	
IDC	20.2	16.6	18.4	17.5	70	17.6	10	17.8	460	-0.6	-3.26	17.8	80	1720	18	90	18.2	110	18.3	250	18.4	17.8	18.16	0	0	14608167	0	0	
RCL	14.8	12.2	13.5	12.5	30	13	300	13.1	100	1.2	8.89	14.7	10	3880	14.8	510	0	0	0	0	14.8	13.4	13.47	0	3700	476281	0	0	
SD4	4.2	3.6	3.9	0	0	0	0	0	0	-0.3	-7.69	3.6	50	140	0	60	3.6	670	3.7	100	3.6	3.6	3.6	0	140	464786	0	0	
SD6	2.6	2.2	2.4	0	0	0	0	2.2	2320	-0.1	-4.17	2.3	870	920	2.3	130	2.4	800	2.5	1600	2.3	2.3	2.3	0	0	1226664	0	0	
SD2	6.2	5.2	5.7	5.6	60	5.7	320	5.8	100	0.4	7.02	6.1	100	100	6.1	200	6.2	1660	0	0	6.1	6.1	6.1	0	0	619005	0	0	
SCI	15	12.4	13.7	13.4	230	13.5	290	13.6	100	0	0	13.7	300	3960	13.7	10	13.8	330	13.9	300	14.1	13.5	13.85	0	0	592894	0	0	
DC2	7.1	5.9	6.5	0	0	6	2000	6.2	320	0	0	0	0	0	6.5	10	6.6	490	7.1	50	0	0	6.5	0	0	123460	0	0	
VE3	6.3	5.3	5.8	0	0	0	0	5.3	110	0	0	0	0	0	5.9	10	6	280	6.1	90	0	0	5.8	0	0	56589	0	0	
VE4	5.6	4.6	5.1	0	0	0	0	4.6	20	0	0	0	0	0	5	80	5.1	180	0	0	0	0	5.1	0	0	47582	0	0	
V12	11.4	9.4	10.4	0	0	0	0	0	0	0	0	0	0	0	10	40	10.8	30	0	0	0	0	10.4	0	0	285032	0	0	
SJE	20.3	16.7	18.5	17.1	100	17.4	40	18	200	0.5	2.7	19	10	10	18.9	300	19	190	19.2	200	19	19	19	0	0	889096	0	0	
DIH	16.3	13.5	14.9	0	0	0	0	0	0	0	0	0	0	0	15.4	50	15.5	100	16	100	0	0	14.9	0	0	293414	0	0	
SVN	1.8	1.6	1.7	0	0	1.6	20	1.7	1270	0.1	5.88	1.8	100	3880	1.8	40	0	0	0	0	1.8	1.8	1.8	0	320	858910	0	0	
S55	25.4	20.8	23.1	20.8	100	21.1	100	22.5	170	0	0	0	0	0	24	200	24.5	1150	24.6	100	0	0	23.1	0	0	485782	0	0	
CSC	25.5	20.9	23.2	21.1	100	22.1	40	22.3	20	-0.3	-1.29	22.9	10	80	23.4	20	23.5	10	23.6	280	23.7	22.4	22.9	0	0	942189	0	0	
VAT	1.6	1.4	1.5	0	0	0	0	0	0	0	0	0	0	0	0	0	0	0	0	0	0	0	1.5	0	0	199108	0	0	
S99	8.8	7.2	8	7.2	40	7.3	200	7.4	10	-0.1	-1.25	7.9	1000	1010	8.4	1200	8.5	1400	8.6	780	8.4	7.9	7.9	0	0	2535939	0	0	
LIG	3.4	2.8	3.1	2.8	100	2.9	5500	3	1140	0	0	3.1	10	19080	3.1	1540	3.2	4120	3.3	1640	3.2	3	3.02	0	0	2136093	0	0	
SDA	2.4	2	2.2	2	250	2.2	960	2.4	1070	0.2	9.09	2.4	200	2340	0	0	0	0	0	0	2.4	2.2	2.32	0	0	0	0	0	
SD5	5.2	4.4	4.8	4.4	660	4.5	160	4.6	30	-0.1	-2.08	4.7	10	110	4.7	590	4.8	310	4.9	90	4.7	4.6	4.62	0	0	1017949	0	0	
VE2	7.7	6.3	7	0	0	0	0	6.4	100	0	0	0	0	0	7.7	30	0	0	0	0	0	0	7	0	0	104103	0	0	
TA9	10.3	8.5	9.4	0	0	8.5	100	8.6	10	-0.1	-1.06	9.3	20	20	9.4	1300	9.9	10	10	100	9.3	9.3	9.3	0	0	579042	0	0	
VE9	1.3	1.1	1.2	0	0	1.1	7220	1.2	2320	0.1	8.33	1.3	10	2980	1.3	11930	0	0	0	0	1.3	1.2	1.2	0	740	535637	0	0	
L18	9.9	8.1	9	0	0	0	0	8.1	20	0	0	0	0	0	9	150	9.1	150	9.7	1150	0	0	9	0	0	1124694	0	0	
