HOSE
857.48
-11.65	-1.36
869.13	0	787931	22.42	
861.36	-0.9	358297214	6128.55	
857.48	-1.36	388896509	6686.70	
AAA	13.9	12.1	13	12.4	1739	12.45	491	12.5	22884	-0.5	-3.85	12.5	26616	299825	12.6	1690	12.65	3154	12.7	3021	12.5	13.15	12.5	513	9418	6200885	
AAM	12.35	10.75	11.55	11.4	100	11.55	3	11.65	1	0.45	3.9	12	5	378	11.9	100	11.95	147	12	246	0	12	11.55	0	0	592374	
ABS	15.2	13.3	14.25	13.75	245	13.8	204	13.85	60	-0.4	-2.81	13.85	340	11105	13.9	16	13.95	136	14	1256	13.85	14.25	13.8	100	396	1409877	
ABT	35.3	30.7	33	31.6	12	31.65	3	31.9	1	-1.65	-5	31.35	5	5	33	1	34.9	1	35	10	0	31.35	31.35	0	0	654934	
ACC	20.65	17.95	19.3	18.4	530	18.5	103	18.6	128	-0.7	-3.63	18.6	1	288	19.3	106	20	180	20.4	12	18.6	19.3	18.6	0	106	298444	
ACL	26.85	23.35	25.1	24.5	743	24.6	56	24.65	143	-0.4	-1.59	24.7	500	9551	24.7	111	24.75	700	24.8	523	24.7	25.4	24.65	508	0	846067	
ADS	10.8	9.4	10.1	9.66	50	9.67	10	9.69	15	-0.05	-0.5	10.05	1	481	10.05	9	10.1	344	10.2	75	0	10.1	9.67	0	0	1248247	
AGG	29.2	25.4	27.3	26.8	987	26.9	290	27	500	-0.2	-0.73	27.1	550	27314	27.1	143	27.2	551	27.3	291	27.1	27.3	26.6	0	0	1622591	
AGM	15.15	13.25	14.2	13.55	1	13.6	170	13.7	2	-0.5	-3.52	13.7	222	4144	13.95	20	14	107	14.05	400	13.7	14.2	13.7	0	1421	742614	
AGR	3.61	3.15	3.38	3.31	501	3.32	1211	3.33	441	-0.05	-1.48	3.33	35	5824	3.34	1446	3.35	350	3.36	1251	3.33	3.4	3.33	0	0	9960335	
AMD	3.37	2.93	3.15	3.05	7805	3.06	1200	3.07	3040	-0.07	-2.22	3.08	15635	276930	3.08	26703	3.09	1002	3.1	10911	3.08	3.2	3.08	100	39018	7710124	
ANV	20.35	17.75	19.05	18.25	155	18.3	2757	18.35	1340	-0.65	-3.41	18.4	2788	46064	18.4	319	18.5	121	18.6	600	18.4	19.35	18.35	333	1688	6092372	
APC	19.25	16.75	18	17.6	410	17.65	120	17.7	25	-0.2	-1.11	17.8	21	2312	17.8	179	18	49	18.1	60	17.8	18.45	17.7	10	0	652856	
APG	9.57	8.33	8.95	8.82	899	8.83	79	8.84	42	-0.06	-0.67	8.89	3	66894	8.89	324	8.9	365	8.94	183	0	9	8.84	2453	3	3155346	
ASM	5.93	5.17	5.55	5.4	2863	5.41	2428	5.42	884	-0.13	-2.34	5.42	2795	177216	5.43	367	5.44	100	5.45	630	5.42	5.6	5.41	0	9602	12330894	
ASP	5.77	5.03	5.4	5.21	331	5.25	1200	5.26	599	0	0	5.4	50	4425	5.4	16	5.45	133	5.5	739	5.4	5.5	5.26	0	2	0	
AST	57.5	50.1	53.8	54.3	17	54.5	23	54.6	3	0.8	1.49	54.6	156	16679	54.7	17	54.8	175	54.9	13	54.6	55.8	54.3	157	16	256857	
ATG	0.58	0.52	0.55	0	0	0.52	10043	0.53	506	-0.01	-1.82	0.54	20	774	0.54	1475	0.55	1721	0.56	183	0.54	0.56	0.52	0	0	720605	
BBC	53.7	46.7	50.2	50.6	20	50.8	3	51	101	0.8	1.59	51	13	1226	52.4	2	52.5	2	52.9	78	0	52.9	51	0	770	34507	
BCE	8.37	7.29	7.83	7.7	2790	7.71	305	7.72	126	-0.11	-1.4	7.72	807	10614	7.75	323	7.76	100	7.77	407	7.72	7.85	7.72	1200	6	1358916	
BCG	6.79	5.91	6.35	6.13	26	6.14	50	6.15	50	-0.05	-0.79	6.3	3418	99895	6.3	974	6.32	2	6.35	2620	6.3	6.51	6.01	1279	1200	1660281	
BFC	14.2	12.4	13.3	12.5	2076	12.55	1102	12.6	1200	-0.6	-4.51	12.7	5882	77215	12.65	1021	12.7	770	12.75	70	12.7	13.6	12.7	754	826	2591774	
BHN	59.9	52.1	56	54.5	90	54.6	57	55	121	-0.1	-0.18	55.9	15	421	55.9	13	56	150	56.1	476	55.9	56.5	55	10	0	7293420	
BIC	24.25	21.15	22.7	21.75	30	21.8	76	21.9	248	-0.8	-3.52	21.9	550	6490	22.3	254	22.5	100	22.6	70	21.9	23.45	21.8	500	2671	161675	
BID	44.9	39.1	42	39.65	4	39.7	4	39.8	825	-2.2	-5.24	39.8	31101	229324	40	595	40.4	5	40.5	1417	39.8	42.75	39.8	750	14639	49475336	
BMC	13.3	11.6	12.45	12.1	155	12.15	630	12.2	40	-0.25	-2.01	12.2	122	1231	12.4	138	12.45	1198	12.5	277	12.2	12.45	12.2	389	445	325229	
BMI	23.15	20.15	21.65	21.4	1110	21.6	100	21.65	10	0.05	0.23	21.7	764	41806	21.7	77	21.8	1108	21.95	100	21.7	22.6	21.7	3635	3714	1211212	
BMP	52	45.2	48.6	48.25	200	48.3	805	48.35	2174	-0.25	-0.51	48.35	1642	12993	48.5	392	48.55	209	48.6	1007	48.35	48.75	48.35	856	1824	1629974	
BRC	10.7	9.3	10	9.65	238	10	138	10.05	1	0.45	4.5	10.45	1	2	10.45	8	10.7	300	0	0	0	10.5	10.45	0	0	600909	
BSI	8.5	7.4	7.95	7.77	60	7.8	549	7.81	97	-0.05	-0.63	7.9	260	4638	7.9	82	7.94	5	7.95	300	0	8	7.8	224	1441	4950229	
BTP	16.75	14.65	15.7	15	557	15.2	50	15.3	150	-0.2	-1.27	15.5	60	7153	15.5	275	15.6	556	15.7	883	15.5	15.9	15.5	0	0	2402153	
BTT	43.3	37.7	40.5	0	0	37.7	1	37.75	10	-0.5	-1.23	40	10	60	39.9	10	40	20	41	40	0	40	37.9	0	0	660455	
BVH	55.6	48.4	52	50.2	42	50.4	201	50.5	4366	-1.5	-2.88	50.5	12286	180421	50.8	430	50.9	51	51	2781	50.5	53.2	50.5	31301	22814	15264810	
BWE	24.3	21.2	22.75	21.8	600	21.9	826	22	956	-0.75	-3.3	22	728	28094	22.1	4	22.15	596	22.2	1448	22	22.9	22	0	897	5952286	
C32	26.85	23.35	25.1	25.6	151	25.8	170	25.85	109	0.9	3.59	26	103	24411	26	101	26.4	144	26.6	1000	26	26.85	24.8	2390	17686	335355	
C47	13.35	11.65	12.5	0	0	0	0	11.65	5356	-0.85	-6.8	11.65	8799	10696	12	20	12.5	1032	12.9	60	11.65	12.5	11.65	0	0	829799	
CAV	71.3	62.1	66.7	64.2	2	65	522	66	11	0	0	66.7	18	120	67	103	68	350	69	420	0	66.7	66.7	0	0	2805746	
CCI	14.95	13.05	14	0	0	13.15	10	13.7	35	0	0	0	0	0	14	2162	14.1	5	14.2	100	0	0	0	0	0	823571	
CCL	8.12	7.06	7.59	7.33	40	7.4	49	7.41	2	-0.14	-1.84	7.45	1568	29320	7.45	12	7.5	3670	7.56	50	7.45	8	7.32	100	1450	2111936	
CDC	17.1	14.9	16	0	0	14.9	2	15	240	-1	-6.25	15	260	260	16	30	16.8	1	16.9	1	15	15	15	0	0	764368	
CEE	16.05	13.95	15	14	320	14.05	2	14.1	1	0	0	0	0	0	15	60	15.6	67	15.7	6	0	0	0	0	0	2021552	
CHP	20.4	17.8	19.1	18.7	200	19	60	19.1	91	0.1	0.52	19.2	50	80	19.3	278	19.35	1	19.4	753	0	19.2	19.1	0	0	6311919	
CIG	1.71	1.49	1.6	1.52	5	1.54	200	1.55	2064	0.05	3.12	1.65	42	44	1.6	100	1.64	98	1.65	225	0	1.66	1.65	0	0	1545178	
CII	21.25	18.55	19.9	19.85	3046	19.9	282	19.95	30	0.1	0.5	20	1377	143227	20	324	20.15	500	20.2	513	20	20.6	19.9	1426	82000	7191158	
CKG	10.6	9.26	9.95	9.55	250	9.7	2730	9.75	1383	-0.2	-2.01	9.75	783	14459	9.8	178	9.83	20	9.85	130	9.75	9.95	9.4	0	0	2403490	
CLC	29.2	25.4	27.3	27.1	5	27.15	138	27.2	2	0	0	27.3	1	1640	27.45	11	27.5	450	27.8	10	0	27.3	27.1	0	0	1221413	
CLG	1.41	1.23	1.32	1.23	5099	1.24	350	1.25	77	-0.07	-5.3	1.25	455	10387	1.28	1	1.29	5176	1.3	313	1.25	1.32	1.23	0	0	1029699	
CLL	31	27	29	27	11	27.2	20	27.3	207	-0.2	-0.69	28.8	3	8	28.8	2	28.9	76	29.15	1	0	28.8	28.8	0	0	1419098	
CLW	29.4	25.6	27.5	0	0	0	0	26	1001	-1.9	-6.91	25.6	10	10	27.5	104	27.6	100	0	0	0	25.6	25.6	0	0	573966	
CMG	30.05	26.15	28.1	27.75	24	27.8	270	27.85	117	-0.25	-0.89	27.85	636	8576	27.9	30	28	157	28.1	343	27.85	28.2	27.85	356	0	1168358	
CMV	13.25	11.55	12.4	12	443	12.05	20	12.6	12	0.8	6.45	13.2	1	333	13.25	91	0	0	0	0	0	13.25	12.05	0	0	590605	
CMX	18.2	15.9	17.05	16.1	413	16.2	681	16.3	1715	-0.75	-4.4	16.3	2851	56833	16.5	1000	16.55	196	16.6	1170	16.3	17.45	16.3	112	0	1159248	
CNG	22.45	19.55	21	20.65	2	20.7	80	20.8	70	0	0	21	5	4076	21	433	21.2	15	21.3	601	21	21.4	20.7	0	0	757255	
COM	48.75	42.45	45.6	43	5	43.05	2	43.1	4	0	0	0	0	0	47.65	1	47.7	7	48.6	14	0	0	0	0	0	685800	
CRC	12.3	10.7	11.5	11.1	54	11.2	38	11.3	20	-0.1	-0.87	11.4	8	4179	11.4	2	11.45	228	11.5	113	0	11.6	10.9	0	0	734797	
CRE	17.65	15.35	16.5	16.65	2000	16.7	3030	16.75	2748	0.25	1.52	16.75	5540	155415	16.8	400	16.85	1200	16.9	847	16.75	17.2	16.75	14	80858	1950553	
CSM	17.75	15.45	16.6	16	1645	16.05	821	16.1	1	-0.5	-3.01	16.1	3679	19494	16.15	30	16.2	187	16.3	680	16.1	16.6	16.05	0	50	4861378	
CSV	23.3	20.3	21.8	21.8	2428	21.85	719	21.9	250	0.1	0.46	21.9	1041	40023	21.95	382	22	361	22.05	235	21.9	22.45	21.8	100	0	1814865	
CTD	74.1	64.5	69.3	73.6	507	73.8	250	74	17	4.8	6.93	74.1	4517	119762	0	0	0	0	0	0	74.1	74.1	69.6	1454	4458	195193	
CTF	22.75	19.85	21.3	20.5	10	20.6	50	20.7	50	-0.1	-0.47	21.2	400	15798	21.25	87	21.3	50	21.35	510	0	21.45	21	0	75	2230930	
CTG	24.75	21.55	23.15	22.3	5585	22.35	447	22.4	5330	-0.75	-3.24	22.4	71483	842099	22.5	2132	22.55	1594	22.6	25512	22.4	23.45	22.4	12477	6224	1410949	
CTI	20.15	17.55	18.85	18.9	1402	18.95	439	19	312	0.2	1.06	19.05	888	100823	19.05	62	19.1	100	19.15	1318	19.05	19.3	18.7	352	0	2051902	
CTS	6.9	6	6.45	6.26	150	6.27	200	6.3	484	-0.05	-0.78	6.4	1124	19971	6.4	197	6.41	137	6.45	491	6.4	6.72	6.3	1000	2100	4053822	
CVT	19.35	16.85	18.1	17.65	1040	17.7	24	17.8	2363	-0.3	-1.66	17.8	1650	33197	17.85	163	17.9	850	17.95	99	17.8	18.35	17.7	458	467	3268860	
D2D	63.7	55.5	59.6	58.3	61	58.4	213	58.5	1433	-1	-1.68	58.6	1619	27818	58.6	65	58.8	210	59	860	58.6	60.5	58.6	136	782	897391	
DAG	5.77	5.03	5.4	5.38	724	5.39	547	5.4	10	0.01	0.19	5.41	330	25223	5.41	1196	5.42	1020	5.43	701	5.41	5.43	5.38	0	0	2102391	
DAH	12.5	10.9	11.7	11.7	817	11.75	1581	11.8	713	0.1	0.85	11.8	200	33306	11.85	706	11.9	882	11.95	240	11.8	11.95	11.5	2534	0	1642474	
DAT	7.82	6.8	7.31	7.31	110	7.32	1630	7.82	231	0	0	0	0	0	0	0	0	0	0	0	0	0	0	0	0	2253957	
DBC	40.55	35.25	37.9	36.4	54	36.45	1043	36.5	2127	-1.4	-3.69	36.5	37524	433902	36.55	2	36.6	600	36.7	114	36.5	38.5	36.5	4419	6447	4270644	
DBD	53.5	46.5	50	49.5	295	49.6	235	49.7	1	0	0	50	23	2615	50	39	50.1	100	50.2	25	50	50.2	49.6	28	2	5235678	
DCL	21.9	19.1	20.5	20.2	730	20.3	312	20.35	300	0	0	20.5	200	6385	20.4	100	20.5	440	20.55	237	20.5	20.6	20.1	63	0	1680530	
DCM	9.42	8.2	8.81	8.4	48313	8.41	1100	8.42	9882	-0.39	-4.43	8.42	21709	197625	8.54	1000	8.55	10	8.56	2273	8.42	8.92	8.42	813	3125	24934539	
DGW	29.3	25.5	27.4	26.6	998	26.65	545	26.7	399	-0.7	-2.55	26.7	3136	42342	26.8	400	26.9	694	26.95	70	26.7	27.95	26.7	678	1197	1044527	
DHA	33.95	29.55	31.75	31.3	8	31.6	101	32	1	0.25	0.79	32	45	2543	32.1	25	32.4	233	32.45	32	32	32.1	31.1	0	0	600570	
DHC	39.8	34.6	37.2	36.4	100	36.5	593	36.6	346	-0.6	-1.61	36.6	570	10545	36.65	2104	36.7	18	36.8	21	36.6	37.8	36.6	1406	878	693743	
DHG	99.5	86.5	93	93	531	93.1	57	93.2	235	0.2	0.22	93.2	142	4614	94	51	94.1	406	94.2	21	93.2	94.2	93	2893	291	5959836	
DHM	8.95	7.79	8.37	0	0	0	0	0	0	-0.58	-6.93	7.79	1	7029	7.79	15690	7.99	10	8.35	500	7.79	7.79	7.79	0	0	1531338	
DIC	1.89	1.65	1.77	1.72	858	1.73	516	1.74	1	-0.01	-0.56	1.76	2	17980	1.76	2070	1.77	1943	1.78	13425	1.76	1.79	1.73	0	0	1287512	
DIG	13.1	11.4	12.25	11.9	5273	11.95	750	12	1924	-0.25	-2.04	12	6198	105991	12.05	1322	12.1	979	12.15	4926	12	12.35	12	4	2627	4596598	
DLG	1.53	1.33	1.43	1.41	16168	1.42	13542	1.43	186525	0	0	1.43	12550	332218	1.44	3490	1.45	63864	1.46	32145	1.43	1.48	1.43	15	17031	13829535	
DMC	57	49.6	53.3	53.5	400	53.6	10	53.7	107	0.4	0.75	53.7	729	27394	54	631	54.1	230	54.5	127	53.7	56	53.4	1858	0	1454092	
DPG	26.75	23.25	25	24	3605	24.05	273	24.1	58	-0.9	-3.6	24.1	1915	36187	24.15	219	24.2	202	24.3	920	24.1	25.4	24.1	808	1672	2187842	
DPM	16.1	14	15.05	14.8	17346	14.85	18052	14.9	26306	-0.15	-1	14.9	26565	535035	14.95	590	15	3145	15.05	1347	14.9	15.65	14.9	15764	9934	14358732	
DPR	40.65	35.35	38	37.55	50	38	419	38.1	381	0.1	0.26	38.1	19	2130	38.6	123	38.7	108	38.75	1	38.1	38.7	38	0	19	1498678	
DQC	18.7	16.3	17.5	17.4	1000	17.5	1150	17.55	194	0.55	3.14	18.05	36	4433	18	323	18.05	119	18.1	270	18.05	18.05	17.55	37	35	1591822	
DRC	22.1	19.3	20.7	20	2499	20.05	1132	20.1	2770	-0.6	-2.9	20.1	4426	71603	20.2	420	20.25	640	20.3	1128	20.1	20.8	20.1	592	4483	3363234	
DRH	7.3	6.36	6.83	6.41	2000	6.43	200	6.45	1055	-0.23	-3.37	6.6	17110	180399	6.6	1499	6.61	1000	6.62	2000	6.6	6.85	6.4	1329	9701	2871887	
DRL	55.5	48.3	51.9	50.7	120	50.8	5	51	9	-0.9	-1.73	51	20	22	51.9	134	52	107	52.5	5	0	51.9	51	0	0	459278	
DSN	50.8	44.2	47.5	47.5	448	47.6	6	47.7	148	0.3	0.63	47.8	2	2600	47.8	192	47.9	20	48	57	47.8	48.6	47.7	0	0	372097	
DTA	4.4	3.84	4.12	4.08	338	4.12	140	4.13	35	-0.04	-0.97	4.08	5	2204	4.4	126	0	0	0	0	4.08	4.4	4.08	1080	0	881866	
DTL	11.1	9.68	10.4	0	0	0	0	0	0	-0.72	-6.92	9.68	4	35	9.68	138	10.4	20	11	1	0	9.68	9.68	0	24	3008564	
DTT	14.35	12.55	13.45	0	0	0	0	12.55	2	0	0	0	0	0	14.35	5	0	0	0	0	0	0	0	0	0	397869	
DVP	37.65	32.75	35.2	34.55	14	34.8	4	34.85	500	0.1	0.28	35.3	92	2453	35.2	8	35.3	10	35.45	31	35.3	36	34.5	3	0	1407385	
DXG	12.35	10.75	11.55	11.05	8185	11.1	12967	11.15	12839	-0.4	-3.46	11.15	22843	470996	11.2	3768	11.25	11879	11.3	2395	11.15	11.65	11.15	75874	47018	4796758	
DXV	2.46	2.14	2.3	2.15	300	2.16	10	2.3	7	0.05	2.17	2.35	50	80	2.4	102	2.41	1138	2.46	1310	2.35	2.35	2.3	0	0	480908	
E1VFVN30	14.53	12.63	13.58	13.28	2000	13.29	2000	13.4	9	-0.12	-0.88	13.46	301	15982	13.45	1709	13.46	4395	13.47	3727	13.46	13.64	13.46	51251	74432	1543443	
EIB	18.05	15.75	16.9	17.1	39561	17.15	515	17.2	1824	0.3	1.78	17.2	3225	47144	17.35	244	17.4	263	17.45	11	17.2	17.6	17	600	0	13284	
ELC	5.76	5.02	5.39	5.2	410	5.25	569	5.26	150	-0.05	-0.93	5.34	1	3905	5.34	251	5.37	26	5.38	350	5.34	5.39	5.25	0	181	1462214	
EMC	11.55	10.05	10.8	0	0	0	0	10.05	10	0	0	0	0	0	0	0	0	0	0	0	0	0	0	0	0	749034	
EVE	10.95	9.54	10.25	10.2	566	10.25	319	10.3	37	0.05	0.49	10.3	4	2372	10.35	237	10.4	22	10.45	11	10.3	10.35	10.2	2001	0	1477237	
EVG	2.65	2.31	2.48	2.63	61134	2.64	11999	2.65	88585	0.17	6.85	2.65	409	391334	0	0	0	0	0	0	2.65	2.65	2.5	0	0	2856019	
FCM	6.75	5.87	6.31	6.2	82	6.21	100	6.22	1	-0.09	-1.43	6.22	399	5926	6.29	280	6.3	430	6.32	620	6.22	6.32	6.2	0	0	1909220	
FCN	9.89	8.61	9.25	9.29	5000	9.3	5667	9.31	206	0.06	0.65	9.31	2390	167028	9.35	1311	9.36	500	9.37	4069	9.31	9.49	9.28	2658	1844	2930974	
FDC	14.4	12.6	13.5	13	8	13.5	5	13.6	2	0.45	3.33	13.95	1	302	13.95	55	14	202	14.4	477	13.95	14.4	13.5	0	0	1891253	
FIR	32.5	28.3	30.4	30	1555	30.1	400	30.2	429	-0.2	-0.66	30.2	767	11741	30.3	155	30.4	245	30.5	102	30.2	30.65	30.2	295	0	1006526	
FIT	6.31	5.49	5.9	5.86	333	5.87	250	5.88	500	0	0	5.9	471	21465	5.9	1541	5.91	280	5.92	21	5.9	6	5.87	50	1935	12140634	
FLC	3.09	2.69	2.89	2.85	28281	2.86	15375	2.87	19879	-0.02	-0.69	2.87	24415	478665	2.88	19997	2.89	13349	2.9	65734	2.87	2.92	2.87	3545	55238	32892106	
FMC	28.95	25.25	27.1	27	139	27.1	845	27.15	50	0.15	0.55	27.25	1345	11618	27.25	1174	27.3	481	27.4	520	27.25	27.7	27	420	1162	1982687	
FPT	52.2	45.4	48.8	47.9	680	47.95	2	48	1002	-0.8	-1.64	48	17416	209858	48.3	110	48.4	3	48.45	974	48	49.4	48	2189	2189	0	
FRT	29.2	25.4	27.3	0	0	0	0	0	0	-1.9	-6.96	25.4	29539	226961	25.4	107	25.45	2	25.5	1580	25.4	27.5	25.4	1778	14447	1030376	
FTM	1.55	1.35	1.45	1.42	1928	1.43	2221	1.44	1333	-0.01	-0.69	1.44	510	9010	1.45	1853	1.46	1309	1.47	1800	1.44	1.48	1.43	6	0	2435620	
FTS	12.05	10.55	11.3	11.2	162	11.3	332	11.35	7	0.05	0.44	11.35	730	13927	11.5	536	11.55	1220	11.6	262	11.35	11.75	11.3	300	20	9458699	
FUCTVGF1	12.7	11.1	11.9	0	0	0	0	0	0	0	0	0	0	0	0	0	0	0	0	0	0	0	0	0	0	734571	
FUCTVGF2	10.25	8.91	9.58	0	0	0	0	0	0	0.67	6.99	10.25	1	1	0	0	0	0	0	0	10.25	10.25	10.25	0	0	808607	
FUCVREIT	8.66	7.54	8.1	0	0	0	0	7.55	1	0	0	0	0	0	8.1	30	8.26	3	8.66	21	0	0	0	0	0	239050	
FUESSV50	12.67	11.03	11.85	11.6	1200	11.7	1000	11.8	508	-0.05	-0.42	11.8	508	5835	12	1710	12.1	1010	12.2	2010	11.8	11.9	11.8	50	0	437724	
FUESSVFL	10.01	8.71	9.36	9.23	2039	9.24	2242	9.3	2	0.03	0.32	9.39	20	21	9.31	11326	9.32	11679	9.33	9043	0	9.44	9.39	0	0	2158404	
FUEVFVND	13.16	11.44	12.3	12.1	2630	12.14	300	12.15	7	-0.15	-1.22	12.15	6	11345	12.24	105	12.3	30	12.35	4912	12.15	12.35	12.1	21626	0	49452	
GAB	161.5	140.5	151	150.3	2857	150.4	1567	150.5	55	-0.5	-0.33	150.5	108	2658	150.9	515	151	777	151.6	2	150.5	152.4	150	0	56	660698	
GAS	80.1	69.7	74.9	74.8	1132	74.9	1011	75	5969	0.1	0.13	75	7677	114148	75.1	43	75.2	37	75.3	50	75	76.3	74.8	32174	2816	87456258	
GDT	31.95	27.85	29.9	30.3	31	30.4	2	30.45	3	0.6	2.01	30.5	44	6256	30.5	256	30.65	50	30.7	180	30.5	30.75	30.15	296	1674	486092	
GEG	23.5	20.5	22	21.7	1023	21.75	503	21.8	43	-0.2	-0.91	21.8	1619	50914	21.85	1500	21.9	774	21.95	294	21.8	22.3	21.8	668	95	2456647	
GEX	19.2	16.7	17.95	17.15	5000	17.2	11196	17.25	19230	-0.7	-3.9	17.25	12592	414707	17.3	3012	17.35	1150	17.4	6516	17.25	18	17.25	540	8091	16544667	
GIL	20.65	17.95	19.3	19.15	30	19.2	468	19.25	61	-0.1	-0.52	19.2	965	45795	19.45	50	19.5	100	19.6	15	19.2	20.2	19.2	0	10	1056850	
GMC	20.4	17.8	19.1	18.8	6	18.85	231	18.9	1	0	0	19.1	58	2756	19.1	98	19.2	68	19.4	40	0	19.2	18.65	14	0	1034755	
GMD	21.55	18.75	20.15	19.4	1	19.5	392	19.6	1448	-0.55	-2.73	19.6	3517	38487	19.7	50	19.8	906	19.85	351	19.6	20.5	19.6	0	277	0	
GSP	10.9	9.49	10.2	9.51	10	9.52	200	9.53	10	-0.1	-0.98	10.1	1	147	10.1	98	10.2	5	10.4	22	0	10.2	10.1	0	0	1313757	
GTA	11.75	10.25	11	10.5	13	10.7	6	10.8	1	-0.1	-0.91	10.9	10	14	10.9	98	11	152	11.1	100	0	11	10.9	0	0	506427	
GTN	19.05	16.65	17.85	16.95	2100	17	16007	17.05	615	-0.8	-4.48	17.05	23869	162733	17.2	1235	17.25	785	17.3	1558	17.05	18	17.05	1121	4340	24907223	
GVR	14	12.2	13.1	12.55	401	12.6	5951	12.65	3443	-0.4	-3.05	12.7	5768	232083	12.7	801	12.75	3333	12.8	3135	12.7	13.2	12.7	8	2310	49613013	
HAG	4.52	3.94	4.23	4.14	51356	4.15	107448	4.16	2012	-0.06	-1.42	4.17	35299	477766	4.17	6422	4.18	52100	4.19	202	4.17	4.3	4.14	300	16875	38055960	
HAH	12.15	10.65	11.4	11.25	500	11.3	411	11.35	199	-0.05	-0.44	11.35	100	6742	11.4	10	11.45	1473	11.5	910	11.35	11.6	11.35	100	5	1368653	
HAI	3.26	2.84	3.05	2.97	3021	2.98	6871	2.99	3583	-0.06	-1.97	2.99	20302	260272	3	731	3.01	3525	3.02	1086	2.99	3.08	2.99	500	6881	8623518	
HAP	3.38	2.94	3.16	3.14	1000	3.15	200	3.16	107	0.01	0.32	3.17	100	2090	3.17	694	3.19	222	3.2	303	3.17	3.2	3.16	0	0	2326944	
HAR	3.27	2.85	3.06	2.98	1150	3	6418	3.01	206	-0.02	-0.65	3.04	500	57038	3.04	2019	3.05	2147	3.06	2261	3.04	3.1	3	0	0	4944902	
HAS	8.18	7.12	7.65	0	0	0	0	0	0	0	0	0	0	0	7.6	52	7.65	3	7.7	10	0	0	0	0	0	235559	
HAX	12.5	10.9	11.7	11.4	1424	11.45	683	11.5	203	-0.15	-1.28	11.55	163	12261	11.55	34	11.6	2169	11.65	28	11.55	11.7	11.45	0	0	1539607	
HBC	9.66	8.4	9.03	9.02	120	9.03	3402	9.04	7560	0.01	0.11	9.04	36518	659370	9.05	130	9.08	1695	9.09	858	9.04	9.5	8.96	1497	5678	6659859	
HCD	3.26	2.84	3.05	2.97	276	2.98	52	3	4198	-0.05	-1.64	3	813	24317	3.01	1	3.02	2560	3.03	200	3	3.05	2.95	0	0	1320269	
HCM	21.2	18.5	19.85	18.65	8695	18.7	7079	18.75	1018	-1.05	-5.29	18.8	36750	401596	18.8	2459	18.9	3557	19	1500	18.8	20	18.7	18741	15662	14137347	
HDB	26.05	22.65	24.35	23.6	165	23.65	31	23.7	1948	-0.65	-2.67	23.7	10394	85080	23.9	235	24	1325	24.1	2351	23.7	24.8	23.7	6760	11712	8692872	
HDC	19.65	17.15	18.4	18.15	1860	18.2	496	18.25	16999	-0.15	-0.82	18.25	7502	78688	18.3	419	18.35	287	18.4	945	18.25	18.55	18.15	3280	2541	2446114	
HDG	30.1	26.2	28.15	27.3	301	27.4	525	27.5	1190	-0.65	-2.31	27.5	6125	86274	27.6	114	27.7	1434	27.75	241	27.5	28.3	27.5	0	15198	3913601	
HHS	4.39	3.83	4.11	3.84	13368	3.85	13444	3.86	7153	-0.24	-5.84	3.87	21288	585511	3.87	1547	3.88	2630	3.89	3440	3.87	4.15	3.84	10871	9563	12589441	
HID	2.63	2.29	2.46	2.4	2610	2.41	2000	2.42	1600	-0.03	-1.22	2.43	60	4550	2.44	808	2.45	769	2.46	9689	0	2.48	2.43	0	0	2825338	
HII	15.45	13.45	14.45	13.95	1324	14	1546	14.1	20	-0.35	-2.42	14.1	800	28358	14.2	39	14.25	150	14.3	80	14.1	14.6	13.8	443	0	1353835	
HMC	14.95	13.05	14	13.85	10	13.9	120	14	749	0	0	14	50	93	14.4	50	14.6	14	14.7	11	0	14.4	13.9	0	0	1003126	
HNG	15.4	13.4	14.4	14.25	1260	14.3	8240	14.35	7087	-0.05	-0.35	14.35	6210	76811	14.4	612	14.45	628	14.5	384	14.35	14.6	14.35	3231	0	53988229	
HOT	42.9	37.3	40.1	37.3	1	40	6	40.1	50	0	0	0	0	0	40.5	30	41.2	12	41.5	1	0	0	0	0	0	391818	
HPG	30.35	26.45	28.4	27.1	11681	27.15	297	27.2	11294	-1.2	-4.23	27.2	150961	1977914	27.3	1899	27.4	7233	27.45	3400	27.2	28.6	27.2	262674	559077	34103829	
HPX	28.7	25	26.85	26.7	63	26.75	7	26.8	5	0.15	0.56	27	200	17367	26.85	956	26.9	250	26.95	835	0	27	26.8	0	0	8086708	
HQC	1.16	1.02	1.09	1.05	11202	1.06	28997	1.07	140308	-0.01	-0.92	1.08	42934	392798	1.08	4916	1.09	60305	1.1	74674	1.08	1.1	1.08	0	16885	21526764	
HRC	40.65	35.35	38	0	0	36	10	38	224	0	0	38	26	26	40.65	12	0	0	0	0	38	38	38	0	26	1456588	
HSG	10.55	9.2	9.89	9.99	16368	10	58781	10.05	30668	0.16	1.62	10.05	78769	1638724	10.1	17638	10.15	1800	10.2	31516	10.05	10.4	9.92	75262	27973	14635358	
HSL	5.86	5.1	5.48	5.35	571	5.38	200	5.39	13	-0.09	-1.64	5.39	300	8105	5.44	47	5.46	1016	5.48	512	5.39	5.48	5.39	0	0	1361151	
HT1	15.7	13.7	14.7	14.45	307	14.5	2869	14.55	100	0	0	14.7	1201	67596	14.65	129	14.7	1640	14.75	867	14.7	15	14.55	1970	230	16247834	
HTI	13.25	11.55	12.4	11.9	5	12.05	1	12.1	150	0.1	0.81	12.5	1	5	12.5	49	12.55	50	12.6	303	12.5	12.85	12	0	0	791573	
HTL	14.7	12.8	13.75	12.95	38	13	31	13.1	30	-0.05	-0.36	13.7	29	381	13.8	180	13.85	2	13.9	3	0	13.75	12.95	0	292	30255	
HTN	20.3	17.7	19	19.8	112	19.85	2	19.9	59	1.2	6.32	20.2	64	31905	20.2	41	20.25	131	20.3	2657	20.2	20.3	19.7	0	0	1428262	
HTT	0.73	0.65	0.69	0	0	0	0	0	0	0	0	0	0	0	0	0	0	0	0	0	0	0	0	0	0	956200	
HTV	13.9	12.1	13	0	0	12.1	4	12.8	100	-0.15	-1.15	12.85	200	249	13.6	10	13.65	49	13.8	60	12.85	13.7	12.85	101	0	455824	
HU1	5.88	5.12	5.5	5.13	500	5.2	300	5.21	200	0.3	5.45	5.8	1	309	5.7	50	5.8	453	5.88	221	0	5.8	5.5	0	0	453177	
HU3	8.02	6.98	7.5	7.3	10	7.4	100	7.5	11	0.1	1.33	7.6	1	40	7.6	209	8	635	8.01	16	0	7.6	7.5	0	0	434339	
HUB	19.15	16.65	17.9	16.8	50	16.85	1	17	2	0	0	17.9	4	5	17.8	200	17.9	101	18	100	0	17.9	17.9	0	0	747054	
HVG	5.77	5.03	5.4	0	0	0	0	0	0	0	0	0	0	0	0	0	0	0	0	0	0	0	0	0	0	9040458	
HVH	8.5	7.4	7.95	7.98	6	8	85	8.01	200	0.09	1.13	8.04	272	39217	8.03	6	8.04	3616	8.05	6058	8.04	8.1	7.92	394	166	961493	
HVN	29.25	25.45	27.35	27.9	9873	27.95	361	28	13001	0.65	2.38	28	12105	417984	28.05	8017	28.1	5350	28.15	11962	28	28.5	27.9	4180	1040	29301644	
HVX	3.98	3.46	3.72	0	0	0	0	0	0	0	0	0	0	0	3.7	99	3.71	21	3.72	13	0	0	0	0	0	1924059	
IBC	23.45	20.45	21.95	21.95	110	22	213	22.05	112	0.15	0.68	22.1	865	8449	22.1	85	22.15	215	22.2	224	22.1	22.1	21.1	71	0	1975946	
ICT	17.3	15.1	16.2	15.6	229	15.7	911	15.8	12	-0.4	-2.47	15.8	50	1861	16.1	700	16.2	306	16.25	200	15.8	16.6	15.8	0	500	3214971	
IDI	4.6	4	4.3	4.17	532	4.18	5063	4.19	192	-0.11	-2.56	4.19	7056	113568	4.2	5931	4.21	7371	4.22	4635	4.19	4.35	4.19	1792	7041	10970946	
IJC	13.45	11.75	12.6	12.2	1566	12.25	444	12.3	195	-0.3	-2.38	12.3	3282	35809	12.35	50	12.4	1057	12.45	290	12.3	12.75	12.3	4	1992	6516095	
ILB	18.6	16.2	17.4	0	0	16.3	198	17	40	-0.4	-2.3	17	400	1573	17.4	475	17.45	96	17.5	190	17	18.3	17	0	0	0	
IMP	57.7	50.3	54	53.2	368	53.3	520	53.4	267	-0.6	-1.11	53.4	1218	8869	54.5	209	54.6	915	54.7	156	53.4	54.9	53.3	1035	0	0	
ITA	3.19	2.79	2.99	3.17	30719	3.18	17258	3.19	160008	0.2	6.69	3.19	49975	2663322	0	0	0	0	0	0	3.19	3.19	3.05	15201	42310	39421472	
ITC	14.05	12.25	13.15	0	0	12.25	1	12.3	85	0	0	0	0	0	13	33	13.15	521	13.2	338	0	0	0	0	0	3518730	
ITD	9.04	7.86	8.45	8.35	250	8.4	59	8.45	5	0.03	0.36	8.48	500	2289	8.48	262	8.5	601	8.6	1550	0	8.49	8.4	0	0	682420	
JVC	2.88	2.52	2.7	2.66	1410	2.67	5131	2.68	3524	-0.02	-0.74	2.68	1040	106351	2.69	50	2.7	3344	2.71	1029	2.68	2.76	2.68	0	36700	335772	
KBC	15.2	13.3	14.25	13.75	2286	13.8	11945	13.85	7314	-0.35	-2.46	13.9	9558	288081	13.9	485	13.95	3785	14	10501	13.9	14.3	13.85	1980	11553	12830650	
KDC	32.1	27.9	30	29.1	1855	29.15	55	29.2	140	-0.2	-0.67	29.8	14430	51815	29.8	304	29.9	851	29.95	1022	29.8	31	29.15	210	1645	20961233	
KDH	23.55	20.55	22.05	21.6	1338	21.65	1350	21.7	176	-0.35	-1.59	21.7	3431	43817	21.8	1085	21.85	100	21.9	766	21.7	22.2	21.55	48	748	2795457	
KHP	8.93	7.77	8.35	8.16	50	8.18	11	8.34	100	0	0	8.35	50	69	8.35	990	8.39	8	8.4	184	8.35	8.35	8.34	0	0	1168730	
KMR	2.34	2.04	2.19	2.13	110	2.14	1	2.15	1	-0.03	-1.37	2.16	300	5910	2.16	174	2.17	672	2.18	690	2.16	2.18	2.12	0	0	2120047	
KOS	30.9	26.9	28.9	28.5	1067	28.6	887	28.7	1821	-0.1	-0.35	28.8	6170	32678	28.8	1210	28.9	374	29	183	28.8	29.1	28.6	1013	0	5046864	
KPF	19.25	16.75	18	0	0	0	0	16.75	10	0.5	2.78	18.5	1	1	18.5	49	18.7	110	18.8	100	18.5	18.5	18.5	0	0	882579	
KSB	24.35	21.25	22.8	21.9	1751	21.95	543	22	2238	-0.8	-3.51	22	12903	209575	22.05	797	22.1	609	22.15	20	22	23.15	21.9	206	25491	2074039	
L10	16.1	14	15.05	0	0	0	0	14	8	-1.05	-6.98	14	1	8	0	0	0	0	0	0	14	16.1	14	0	0	475275	
LAF	9.2	8	8.6	8	5	8.01	5	8.5	10	0	0	0	0	0	8.99	5	9	645	9.2	1005	0	0	0	0	0	687619	
LBM	29.15	25.35	27.25	26	13	26.1	30	26.15	1	-1.1	-4.04	26.15	5	6	28.8	24	28.85	98	28.9	50	26.15	28.85	26.15	1	0	433831	
LCG	7.41	6.45	6.93	6.83	585	6.84	1100	6.85	62	-0.1	-1.44	6.83	2238	97679	6.92	420	6.95	400	6.97	680	6.83	7.15	6.8	0	0	1882359	
LCM	0.67	0.59	0.63	0.59	1185	0.6	60	0.61	5000	0.03	4.76	0.66	1	2034	0.66	1585	0.67	584	0	0	0.66	0.66	0.61	0	0	995529	
LDG	6.12	5.32	5.72	5.75	5493	5.76	3010	5.77	243	0.05	0.87	5.77	11922	587733	5.78	3546	5.79	2906	5.8	11121	5.77	6	5.75	1823	7767	11469379	
LEC	18.05	15.75	16.9	0	0	0	0	15.75	16	-1.15	-6.8	15.75	29	29	16	33	16.4	50	16.5	20	15.75	15.75	15.75	0	0	1278863	
LGC	48.15	41.85	45	0	0	0	0	0	0	-0.5	-1.11	44.5	1	31	44	107	44.4	260	44.5	112	0	44.5	44.5	30	0	768186	
LGL	5.03	4.39	4.71	4.73	243	4.74	574	4.75	400	0.07	1.49	4.78	6	7040	4.78	677	4.79	149	4.81	400	4.78	4.79	4.7	0	0	2261195	
LHG	19.45	16.95	18.2	17.75	40	17.8	575	17.85	438	-0.35	-1.92	17.85	1741	45034	17.9	280	17.95	93	18	1010	17.85	18.5	17.85	2	2746	2073984	
LIX	58.5	50.9	54.7	54.9	10	55	103	55.2	24	0.5	0.91	55.2	163	3697	55.6	100	55.7	70	55.8	650	55.2	55.8	54.7	330	100	1246438	
LM8	18.25	15.95	17.1	0	0	0	0	16	23	-1.1	-6.43	16	56	558	16.1	22	17	428	17.3	5	16	17	16	0	0	443472	
LMH	0.86	0.76	0.81	0	0	0	0	0	0	-0.05	-6.17	0.76	11	9466	0.76	217591	0.77	51	0.79	150	0.76	0.76	0.76	0	0	2562923	
LSS	5.09	4.43	4.76	4.67	1552	4.68	887	4.69	93	-0.01	-0.21	4.75	200	5081	4.75	1660	4.79	1	4.8	155	4.75	4.8	4.66	0	0	3317491	
MBB	18.8	16.4	17.6	17.2	9284	17.25	237067	17.3	757	-0.3	-1.7	17.3	66734	1081109	17.35	19243	17.4	8873	17.45	8917	17.3	17.8	17.3	42670	0	0	
MCG	1.66	1.46	1.56	0	0	0	0	1.46	400	0.09	5.77	1.65	925	1949	1.64	500	1.65	1698	1.66	462	0	1.65	1.46	0	0	2546182	
MCP	14.4	12.6	14.3	12.65	4	13.5	50	13.7	150	0	0	0	0	0	0	0	0	0	0	0	0	0	0	0	0	735596	
MDG	12.4	10.8	11.6	0	0	10.8	15	10.85	50	0	0	11.6	1	1	11.6	9	12	64	12.3	35	0	11.6	11.6	0	0	533562	
MHC	3.5	3.06	3.28	3.08	10	3.09	20	3.1	600	-0.18	-5.49	3.1	1600	10300	3.22	1785	3.3	405	3.34	1003	3.1	3.43	3.1	0	0	1947119	
MSH	40	34.8	37.4	36.1	50	36.2	200	36.25	10	-1.1	-2.94	36.3	363	11532	36.3	29	36.6	110	36.7	14	36.3	37.5	36.3	372	200	2236882	
MSN	66.8	58.2	62.5	62.3	187	62.4	129	62.5	528	0	0	62.5	12292	218908	62.6	100	62.7	64	62.8	222	62.5	64.6	62.5	32630	3257	11248562	
MWG	92.5	80.5	86.5	84.6	171	84.7	100	84.8	1020	-1.7	-1.97	84.8	16613	132090	85	75	85.4	1020	85.5	1668	84.8	87.4	84.8	0	0	0	
NAF	27.25	23.75	25.5	24.9	45	25	55	25.05	2	-0.4	-1.57	25.1	103	753	25.1	103	25.4	100	25.5	102	25.1	25.7	25	0	0	4117225	
NAV	19.05	16.65	17.85	16.65	1	16.75	1	16.8	19	-1.05	-5.88	16.8	1	131	0	0	0	0	0	0	0	19.05	16.8	0	0	381738	
NBB	20.4	17.8	19.1	19	1	19.05	146	19.2	31	0.1	0.52	19.2	210	49191	19.4	50	19.5	24597	19.55	20	19.2	19.5	19.05	469	0	3105687	
NCT	65.9	57.3	61.6	60.8	1	61	19	61.1	172	-0.5	-0.81	61.1	500	1292	61.4	11	61.6	53	61.7	306	61.1	61.7	61.1	0	0	1001485	
NHH	50.9	44.35	47.65	47.7	1	48	10	48.5	10	1.35	2.83	49	1	30285	49	448	49.5	589	49.7	110	0	49	47.05	588	0	1675866	
NKG	8.27	7.19	7.73	7.7	14342	7.71	5425	7.72	3359	-0.01	-0.13	7.72	9690	444562	7.73	2476	7.74	6100	7.75	4501	7.72	7.82	7.68	3856	90597	14194655	
NLG	25.25	21.95	23.6	23	19371	23.05	1369	23.1	1850	-0.45	-1.91	23.15	10831	99053	23.15	2386	23.2	1834	23.3	403	23.15	24	23.15	10	1609	410435	
NNC	49.3	42.9	46.1	45.25	100	45.5	21	45.6	42	-0.5	-1.08	45.6	40	372	46.3	10	46.8	29	47	112	45.6	46.5	45.6	0	2	685647	
NSC	67.9	59.1	63.5	63	172	63.1	10	63.2	43	-0.3	-0.47	63.2	10	663	63.5	38	63.6	18	63.7	90	0	64	63.2	1	0	681316	
NT2	22.85	19.95	21.4	21.35	100	21.4	1396	21.45	336	0.05	0.23	21.45	2543	61595	21.5	1131	21.6	1230	21.65	1468	21.45	21.75	21.4	26060	1094	8968726	
NTL	18.8	16.4	17.6	17.5	765	17.55	1960	17.6	3764	0	0	17.6	108	64464	17.65	2227	17.7	3520	17.8	535	17.6	18	17.6	248	164	2835141	
NVL	57.1	49.7	53.4	53.6	1508	53.7	1254	53.8	273	0.4	0.75	53.8	5457	104871	53.9	1402	54	2096	54.1	3020	53.8	54.1	52.5	4643	1520	31414223	
NVT	5.56	4.84	5.2	4.86	20	5	715	5.01	13	-0.01	-0.19	5.19	1	263	5.19	37	5.2	990	5.25	300	0	5.2	5	0	0	7325534	
OGC	3.45	3.01	3.23	3.23	14580	3.24	1200	3.25	4918	0.02	0.62	3.25	5980	78606	3.26	1520	3.27	59	3.28	875	3.25	3.29	3.21	356	0	14619942	
OPC	62	54	58	54	1	55	21	56.5	240	-1.4	-2.41	56.6	4	13	58	7	58.3	19	58.5	22	0	57	56.6	0	0	1166801	
PAC	24.05	20.95	22.5	22.45	100	22.5	323	22.55	215	0.05	0.22	22.55	443	7226	22.6	294	22.65	414	22.7	283	22.55	22.9	22.5	0	45	1310471	
PAN	24.05	20.95	22.5	21.7	200	21.8	350	21.9	144	-0.6	-2.67	21.9	106	6780	22.25	30	22.3	15	22.4	100	21.9	22.5	21.9	0	1040	1035292	
PC1	18.75	16.35	17.55	17.1	1348	17.15	500	17.2	1091	-0.35	-1.99	17.2	5516	57734	17.4	500	17.45	220	17.5	1827	17.2	17.8	17.2	282	114	4622159	
PDN	72.7	63.3	68	64.4	10	64.5	5	64.6	11	0.7	1.03	68.7	500	506	68.7	115	68.8	161	68.9	50	0	68.8	64.1	0	0	902258	
PDR	26.55	23.15	24.85	24.65	100	24.7	100	24.8	200	0.05	0.2	24.9	828	128290	24.9	21	24.95	1211	25	1862	24.9	24.95	24.6	3119	0	15031129	
PET	9.55	8.31	8.93	8.72	900	8.73	1777	8.75	20	-0.17	-1.9	8.76	2652	28857	8.76	1122	8.92	599	8.93	1585	8.76	9	8.7	0	49	2800889	
PGC	15.85	13.85	14.85	14.6	160	14.65	250	14.7	353	-0.15	-1.01	14.7	100	4323	14.8	506	14.9	126	14.95	510	14.7	14.9	14.7	0	2567	2498761	
PGD	33.35	29.05	31.2	30.2	5	30.5	411	30.6	10	-0.6	-1.92	30.6	42	52	31.1	48	31.2	40	31.3	36	30.6	31.15	30.1	0	7	179205	
PGI	17.1	14.9	16	16	280	16.1	103	16.5	1767	0.5	3.12	16.5	200	779	16.9	1	16.95	152	17	1559	16.5	17	16.5	0	0	2515023	
PHC	10.3	8.98	9.65	9.63	2	9.65	10	9.66	2	0.02	0.21	9.67	21	4277	9.67	327	9.68	90	9.69	118	9.67	9.73	9.5	0	0	1258456	
PHR	54.8	47.75	51.3	48.85	100	48.9	45	49	3535	-2.3	-4.48	49	11482	237390	49.05	414	49.1	205	49.2	206	49	51.5	49	120	5335	5333724	
PIT	4.28	3.72	4	0	0	3.9	300	4	300	0	0	4	1	908	4.1	325	4.11	5	4.12	2	4	4.13	4	0	0	733742	
PJT	11.6	10.1	10.85	10.3	11	10.35	200	10.4	116	-0.45	-4.15	10.4	99	200	10.7	11	10.75	50	10.85	4	0	10.5	10.35	0	0	713071	
PLP	8.98	7.82	8.4	8.1	100	8.25	200	8.4	9	0.1	1.19	8.5	1	2495	8.5	259	8.65	391	8.7	126	8.5	8.85	8.4	0	0	977806	
PLX	50.1	43.65	46.9	46.8	392	46.85	55	46.9	1444	0	0	46.9	6829	95869	47	290	47.1	2336	47.15	1584	46.9	47.65	46.9	968	25844	8647447	
PME	63	54.8	58.9	58.8	1225	58.9	633	59	417	0.1	0.17	59	83	1817	59.5	60	59.6	54	59.8	2	59	59.9	58.9	154	0	2843860	
PMG	13.3	11.6	12.45	12.25	41	12.3	5	12.35	66	-0.05	-0.4	12.4	1	547	12.4	89	12.45	103	12.5	132	0	12.45	12.4	0	0	2018910	
PNC	10.15	8.84	9.5	8.85	10	8.9	5	9	2	0.1	1.05	9.6	1	3	9.6	4	9.7	86	10.1	10	0	9.6	9.6	0	0	532156	
PNJ	68.6	59.8	64.2	62.8	34	62.9	5	63	4374	-1.2	-1.87	63	8664	126840	63.7	1604	63.8	582	63.9	467	63	65	63	20000	20000	0	
POM	5.72	4.98	5.35	5.35	65	5.5	67	5.72	7739	0.37	6.92	5.72	115	5004	0	0	0	0	0	0	0	5.72	5.72	0	0	11501847	
POW	11.3	9.86	10.6	10.2	4237	10.25	3598	10.3	23698	-0.3	-2.83	10.3	21305	655440	10.35	810	10.4	7098	10.45	1020	10.3	10.85	10.3	10993	44551	88231372	
PPC	26.75	23.25	25	24.15	50	24.2	975	24.3	357	-0.7	-2.8	24.3	3085	22075	24.7	1113	24.75	66	24.8	122	24.3	25.3	24.3	1529	6376	10616003	
PTB	51.8	45.1	48.45	47.7	50	47.75	49	47.8	192	-0.45	-0.93	48	690	20010	48	169	48.1	70	48.2	70	48	49.3	47.8	105	344	1472430	
PTC	9.3	8.1	8.7	8.21	120	8.22	100	8.5	592	-0.2	-2.3	8.5	262	3408	8.6	1	8.7	500	8.9	300	0	8.5	8.5	0	0	876766	
PTL	3.59	3.13	3.36	0	0	0	0	0	0	-0.18	-5.36	3.18	1	3	3.17	99	3.18	258	3.33	45	3.18	3.18	3.18	0	0	4874916	
PVD	11.9	10.4	11.15	10.7	11657	10.75	3576	10.8	20750	-0.35	-3.14	10.8	36375	725715	10.85	332	10.9	3790	10.95	9233	10.8	11.3	10.8	1310	1375	15375897	
PVT	11.9	10.4	11.15	10.9	1668	10.95	1701	11	14407	-0.15	-1.35	11	10443	280743	11.05	51	11.1	3556	11.15	1300	11	11.45	11	1255	19709	6804691	
PXI	2.95	2.57	2.76	2.6	281	2.61	4	2.62	92	-0.14	-5.07	2.62	6	38	2.73	2	2.74	2	2.75	120	2.62	2.76	2.62	0	0	1457811	
PXS	4.44	3.86	4.15	4.34	189	4.36	108	4.4	31	0.25	6.02	4.4	375	32612	4.43	909	4.44	992	0	0	4.4	4.44	4.15	0	0	2291217	
PXT	1.2	1.06	1.13	1.15	665	1.16	157	1.17	900	0.05	4.42	1.18	506	5740	1.18	1864	1.19	40	1.2	935	1.18	1.18	1.16	0	0	960326	
QBS	2.16	1.88	2.02	2.12	500	2.15	20	2.16	13313	0.14	6.93	2.16	2000	32738	0	0	0	0	0	0	0	2.16	2.15	0	0	0	
QCG	8.47	7.37	7.92	0	0	0	0	7.37	3219	-0.55	-6.94	7.37	19747	67726	7.38	100	7.39	3000	7.8	468	7.37	8.04	7.37	933	1503	13325483	
RAL	88.7	77.1	82.9	0	0	77.1	10	77.2	1	-5.7	-6.88	77.2	94	802	83	31	83.3	100	83.4	50	77.2	84	77.2	0	0	546282	
RDP	8.54	7.44	7.99	7.67	180	7.7	100	7.71	132	-0.29	-3.63	7.7	49	374	7.89	51	7.9	50	7.97	210	7.7	7.99	7.65	0	0	1812091	
REE	34.75	30.25	32.5	31.45	8	31.5	2324	31.55	46	-0.95	-2.92	31.55	7231	95999	31.7	200	31.75	795	31.8	100	31.55	32.6	31.55	0	0	0	
RIC	4.99	4.35	4.67	0	0	0	0	0	0	-0.32	-6.85	4.35	10	30	4.35	167	4.59	3	4.6	22	0	4.35	4.35	0	0	473285	
ROS	3.64	3.18	3.41	3.38	56744	3.39	32968	3.4	67008	-0.01	-0.29	3.4	59280	564119	3.41	8939	3.42	13186	3.43	54799	3.4	3.45	3.4	6891	6946	26413211	
S4A	28.35	24.65	26.5	26	27	26.5	100	26.55	20	0.5	1.89	27	1	1	27	99	28	96	28.2	200	27	27	27	0	0	2066289	
SAB	187.5	163.1	175.3	175	67	175.1	45	175.2	61	-0.1	-0.06	175.2	1001	7214	175.3	52	175.6	61	175.8	58	175.2	176	175	10145	7510	23512707	
SAM	9.73	8.47	9.1	8.99	863	9	3030	9.05	530	-0.01	-0.11	9.09	3003	30017	9.09	225	9.1	787	9.11	20	9.09	9.19	9	0	5961	12169390	
SAV	10.15	8.83	9.49	8.85	20	8.86	13	8.9	20	-0.59	-6.22	8.9	3	630	9.14	27	9.15	755	9.4	101	0	9.14	8.9	0	0	0	
SBA	15.3	13.3	14.3	14.1	200	14.2	50	14.3	470	0	0	14.3	300	2035	14.4	300	14.5	986	14.7	120	14.3	14.5	14.3	0	0	2961980	
SBT	16.05	13.95	15	14.8	6943	14.85	3215	14.9	2000	-0.05	-0.33	14.95	16106	247567	14.95	1897	15	10104	15.05	6701	14.95	15.3	14.8	10300	7691	55227217	
SBV	11.85	10.35	11.1	0	0	0	0	10.5	100	-0.1	-0.9	11	99	1992	11	21	11.4	120	11.5	504	11	11.85	11	10	516	846157	
SC5	19.8	17.3	18.55	18.2	100	18.25	218	19.7	1	-0.3	-1.62	18.25	132	184	19.8	4	0	0	0	0	0	18.3	18.25	0	132	667153	
SCD	23	20	21.5	21.1	404	21.15	31	21.2	320	0	0	21.5	2	743	21.5	187	21.6	180	21.7	124	0	21.5	21.15	0	133	345426	
SCR	5.03	4.39	4.71	4.7	6850	4.71	5401	4.72	4469	0.01	0.21	4.72	14508	281526	4.75	100	4.77	263	4.78	365	4.72	4.87	4.72	2032	4245	17419136	
SCS	128.1	111.5	119.8	118	41	118.1	50	118.4	18	-1.4	-1.17	118.4	44	2889	118.8	37	118.9	70	119	150	118.4	120.2	118.4	1290	13	1395815	
SFC	22.75	19.85	21.3	19.95	1	20	15	21.5	2	0.2	0.94	21.5	5	24	22	5	22.3	8	22.5	11	21.5	21.5	21.2	0	0	544500	
SFG	5.88	5.12	5.5	5.32	200	5.35	100	5.4	60	-0.1	-1.82	5.4	500	3865	5.56	300	5.57	300	5.58	400	5.4	5.59	5.4	0	0	2256084	
SFI	20.5	17.9	19.2	18.55	150	18.6	5	19	236	-0.2	-1.04	19	45	69	19.8	69	20	101	20.1	79	19	19	19	0	0	563677	
SGN	77.2	67.2	72.2	70.9	4	71	140	71.1	456	-1.1	-1.52	71.1	11	1807	71.9	20	72	110	72.2	408	71.1	72.2	71.1	408	200	929810	
SGR	16.05	13.95	15	14	5	14.5	105	14.6	55	0.4	2.67	15.4	50	192	15.4	66	15.5	10	16	52	0	16	15	0	0	2231257	
SGT	4.5	3.92	4.21	3.94	1000	3.96	50	4.11	15	-0.1	-2.38	4.11	27	34	4.3	21	4.4	97	4.45	50	4.11	4.4	4.11	0	27	2599713	
SHA	4.35	3.79	4.07	3.95	10	3.96	152	3.97	235	0.01	0.25	4.08	201	287	4.08	39	4.09	200	4.17	100	4.08	4.08	3.97	0	0	1456602	
SHI	9.4	8.18	8.79	8.6	225	8.61	20	8.65	84	0	0	8.79	2000	73309	8.79	820	8.8	10	8.82	3	8.79	8.79	8.65	0	784	4199826	
SHP	25.85	22.55	24.2	24	500	24.3	385	24.4	1	1	4.13	25.2	11	719	25.1	10	25.2	511	25.7	100	0	25.2	24.2	0	101	4123401	
SII	18.4	16	17.2	16	2	16.05	1	16.1	52	0	0	17.2	2	2	17.1	272	17.2	467	18.4	20	0	17.2	17.2	0	2	2749	
SJD	18.4	16	17.2	17.05	100	17.1	200	17.2	113	0.2	1.16	17.4	10	3199	17.4	292	17.5	3893	17.6	300	0	17.4	17.1	0	300	1565757	
SJF	2.01	1.75	1.88	1.85	1070	1.86	1000	1.87	1000	-0.01	-0.53	1.87	362	85027	1.9	1000	1.91	5395	1.92	6040	1.87	1.93	1.87	0	0	3857613	
SJS	21.95	19.15	20.55	20.7	500	20.8	600	21	840	0.45	2.19	21	2155	47739	21.2	277	21.3	200	21.4	200	21	21.95	20.8	0	976	5376342	
SKG	10.95	9.54	10.25	10.1	1521	10.15	620	10.2	1967	0	0	10.25	1317	33735	10.25	354	10.3	355	10.35	1457	10.25	10.5	10.2	0	0	240164	
SMA	16.5	14.4	15.45	0	0	0	0	0	0	-1.05	-6.8	14.4	150	604	14.4	273	15	300	15.5	159	0	15	14.4	0	263	928092	
SMB	33.8	29.4	31.6	30.75	2	31.2	50	31.5	7	-0.1	-0.32	31.5	800	2718	31.7	760	31.8	196	31.9	5	31.5	32.1	31.5	2202	0	1079853	
SMC	11.75	10.25	11	10.6	502	10.7	300	10.8	78	0	0	11	85	1499	11	2937	11.1	500	11.2	511	11	11.2	10.7	0	0	969907	
SPM	11.1	9.68	10.4	9.82	2	9.83	300	9.84	9	0.6	5.77	11	1	1	10.6	7	10.65	36	10.7	100	0	11	11	0	0	642995	
SRC	17.4	15.2	16.3	15.8	22	16	605	16.05	223	0.1	0.61	16.4	1	1943	16.35	59	16.4	590	16.45	9	16.4	16.4	16.05	0	0	1372379	
SRF	14.4	12.6	13.5	12.7	42	12.8	31	12.85	3	-0.3	-2.22	13.2	5	365	13.2	197	13.35	93	13.4	279	13.2	13.5	13	0	0	70936	
SSC	60.9	53.1	57	0	0	0	0	53.1	2	-0.1	-0.18	56.9	3	3	56.8	1	56.9	17	57	3	0	56.9	56.9	3	0	718871	
SSI	16.4	14.3	15.35	14.8	2756	14.85	230	14.9	5668	-0.45	-2.93	14.9	44669	793801	14.95	100	15	47634	15.05	5450	14.9	15.55	14.9	62213	57179	29778928	
ST8	13.05	11.35	12.2	11.55	5	11.7	4	12	3	0	0	12.2	2	2	12.2	98	12.3	200	12.5	300	0	12.2	12.2	0	0	0	
STB	11.1	9.68	10.4	10	79585	10.05	24724	10.1	27184	-0.3	-2.88	10.1	171277	1536855	10.15	2094	10.2	11507	10.25	7393	10.1	10.55	10	16812	30365	27499695	
STG	16.65	14.55	15.6	14.7	100	14.9	100	15	9	0	0	15.6	2	27	15.5	100	15.6	177	15.9	11	0	15.6	14.55	0	0	4806165	
STK	18.85	16.45	17.65	16.9	1217	16.95	400	17	1556	-0.65	-3.68	17	1210	25843	17.4	250	17.45	222	17.5	420	17	17.65	17	1237	0	3164982	
SVC	77	67	72	70.1	400	70.2	1	70.3	1	-1.7	-2.36	70.3	10	13	75	100	75.5	7	76	49	70.3	76	70.3	0	0	1145762	
SVI	83.4	72.6	78	79.5	51	79.9	20	80	35	2.5	3.21	80.5	62	533	80.5	38	82	100	82.7	10	0	82	80	15	10	623482	
SVT	10.5	9.16	9.84	9.16	40	9.84	1000	10.5	424	0.66	6.71	10.5	11	1172	0	0	0	0	0	0	10.5	10.5	10.5	0	0	515365	
SZC	22.45	19.55	21	20	5668	20.05	852	20.1	1377	-0.9	-4.29	20.1	6340	167773	20.15	50	20.2	1063	20.25	1000	20.1	21.1	20.1	733	3538	4874187	
SZL	44.9	39.1	42	40.1	100	40.4	105	40.5	152	-1.5	-3.57	40.5	323	6831	40.8	69	41	500	41.2	43	40.5	42.5	40.5	0	18	818054	
TAC	37.45	32.55	35	37.35	30	37.4	27	37.45	2946	2.45	7	37.45	44	8984	0	0	0	0	0	0	37.45	37.45	35.4	0	29	1617331	
TBC	25.65	22.35	24	23	220	23.1	3	23.2	40	-0.1	-0.42	23.9	10	10	23.95	1	24	36	24.5	19	0	23.9	23.9	0	0	3079105	
TCB	22.6	19.7	21.15	20.8	24177	20.85	15790	20.9	3388	-0.25	-1.18	20.9	22454	267349	20.95	235	21	17171	21.05	1780	20.9	21.4	20.9	0	0	0	
TCD	9.73	8.47	9.1	8.66	10	8.7	30	8.71	3	0	0	9.1	5	429	9.1	206	9.2	30	9.25	13	9.1	9.25	9.09	0	0	1444541	
TCH	25.1	21.9	23.5	21.9	161379	21.95	55202	22	34234	-1.5	-6.38	22	5580	130996	22.1	21	22.25	16	22.4	302	22	23.55	22	1585	9422	16194122	
TCL	27.7	24.1	25.9	25.35	105	25.4	634	25.5	547	-0.4	-1.54	25.5	755	11198	25.7	50	25.75	5	25.8	100	25.5	26.45	24.6	60	0	1059705	
TCM	19.25	16.75	18	17.45	450	17.5	232	17.55	20	-0.35	-1.94	17.65	10772	115130	17.65	410	17.7	2530	17.75	40	17.65	18.2	17.5	0	4482	26603	
TCO	10.4	9.08	9.76	0	0	9.08	1	9.5	4	-0.26	-2.66	9.5	10	17	10.35	1	10.4	11	0	0	9.5	9.5	9.5	0	0	873491	
TCR	3.13	2.73	2.93	0	0	0	0	0	0	-0.2	-6.83	2.73	100	115	2.73	171	2.93	120	3	2	0	2.73	2.73	0	0	0	
TCT	33.7	29.3	31.5	31.85	206	32	228	32.9	1	1.4	4.44	32.9	10	3036	33	40	33.2	10	33.5	100	32.9	32.9	31.6	0	2194	367626	
TDC	8.65	7.53	8.09	8	2349	8.01	90	8.05	2	0	0	8.09	101	7359	8.09	128	8.1	1518	8.14	210	8.09	8.19	8	4	0	4668697	
TDG	1.81	1.59	1.7	1.67	1300	1.68	3020	1.69	1267	-0.01	-0.59	1.69	3112	19960	1.7	10	1.71	5	1.72	7777	1.69	1.72	1.69	0	0	791710	
TDH	9.37	8.15	8.76	8.87	330	8.88	3239	8.89	407	0.13	1.48	8.89	3311	205005	8.9	5100	8.91	4844	8.92	30	8.89	9.17	8.8	1162	2106	1723948	
TDM	23.8	20.7	22.25	21.8	5	21.85	500	21.9	173	-0.35	-1.57	21.9	31	19322	21.95	1858	22	706	22.05	25	21.9	22.3	21.6	0	884	3695492	
TDW	29.3	25.5	27.4	0	0	0	0	25.5	10	-0.4	-1.46	27	1	103	27	44	27.2	1	28	10	0	27	25.5	101	0	394394	
TEG	5.94	5.18	5.56	5.9	1180	5.92	281	5.93	3650	0.38	6.83	5.94	1898	24465	5.94	333	0	0	0	0	5.94	5.94	5.56	89	1000	1572435	
TGG	0.93	0.81	0.87	0.84	18290	0.85	11124	0.86	3984	0	0	0.87	1200	16767	0.87	8276	0.88	3590	0.89	3311	0.87	0.87	0.84	0	0	1251484	
THG	52.4	45.6	49	48.45	20	48.5	79	49	73	0.5	1.02	49.5	20	309	49.5	13	49.6	1	49.7	1	49.5	50	49	17	0	640235	
THI	29.25	25.45	27.35	27.4	30	27.45	30	27.5	11	0.15	0.55	27.5	1	198	28.2	2	28.95	30	29	276	27.5	28.9	27.35	0	0	2388065	
TIP	22.3	19.4	20.85	20.75	41	20.8	387	20.85	868	0	0	20.85	838	42529	20.9	355	21	5	21.1	200	20.85	21.9	20.8	2	105	992339	
TIX	32.1	27.9	30	27.9	2	28	9	28.05	3	1	3.33	31	5	12	31	25	31.5	5	32	2	0	31	30.5	0	0	1467467	
TLD	6.47	5.63	6.05	5.9	55	5.98	50	6	661	-0.05	-0.83	6	100	8166	6.05	1031	6.06	1	6.07	1	0	6.1	6	0	0	891197	
TLG	34.05	29.65	31.85	32.1	1349	32.15	256	32.2	308	0.35	1.1	32.2	320	15654	32.25	157	32.3	920	32.35	377	32.2	32.8	32	306	7567	5896338	
TLH	3.46	3.02	3.24	3.26	1883	3.28	890	3.3	745	0.06	1.85	3.3	914	16936	3.34	1068	3.35	670	3.39	710	3.3	3.45	3.25	0	0	4905566	
TMP	37.85	32.95	35.4	33.55	4	34	75	35	174	0.1	0.28	35.5	3	4	35.1	50	35.55	10	35.9	50	0	35.5	35.5	0	0	3406708	
TMS	27.45	23.95	25.7	24.65	100	24.8	87	25	69	-0.7	-2.72	25	33	40	25.6	1	25.65	1	25.7	100	0	25.8	25	0	0	0	
TMT	5.45	4.75	5.1	4.93	10	4.94	7	4.95	4	0	0	5.1	51	358	5.1	97	5.4	1	5.43	1	0	5.1	4.94	136	203	1733835	
TN1	69	60	64.5	64.1	115	64.2	107	64.3	190	0	0	64.5	46	155	64.5	4	64.6	15	64.7	17	0	64.5	64.5	0	0	649888	
TNA	20.3	17.7	19	18.45	1500	18.5	2975	18.55	90	-0.45	-2.37	18.55	1247	29903	18.6	174	18.7	2000	18.75	50	18.55	19	18.5	0	660	1477088	
TNC	19.2	16.7	17.95	16.9	50	18	500	19.2	14494	1.25	6.96	19.2	1	4104	0	0	0	0	0	0	19.2	19.2	18.05	0	1	898643	
TNI	10.85	9.44	10.15	10.5	95	10.8	1200	10.85	11871	0.7	6.9	10.85	236	181625	0	0	0	0	0	0	0	10.85	9.99	0	1779	2517822	
TNT	1.61	1.41	1.51	1.48	500	1.49	757	1.5	75	-0.01	-0.66	1.5	800	6008	1.52	2366	1.53	250	1.54	872	1.5	1.52	1.5	0	0	1237141	
TPB	22.55	19.65	21.1	20.7	617	20.8	753	20.85	300	-0.2	-0.95	20.9	100	7493	20.9	45	20.95	339	21	1929	20.9	21.5	20.9	0	0	0	
TPC	8.98	7.82	8.4	8.02	10	8.05	10	8.1	4	-0.1	-1.19	8.3	5	312	8.3	147	8.5	100	8.69	50	0	8.69	8.1	0	0	1156357	
TRA	63.1	54.9	59	57.9	100	58	100	58.5	100	0	0	59	47	144	58.9	58	59	193	59.1	91	0	59	59	0	0	208035	
TRC	31	27	29	28.1	20	28.3	105	28.35	11	-0.7	-2.41	28.3	24	184	29	1	29.4	40	29.5	110	28.3	29	28.3	60	24	1220676	
TS4	3.12	2.72	2.92	3.07	200	3.09	1	3.12	117	0.2	6.85	3.12	100	4131	0	0	0	0	0	0	3.12	3.12	2.86	0	0	762159	
TSC	2.56	2.24	2.4	2.34	1581	2.35	570	2.36	220	-0.01	-0.42	2.39	252	49804	2.39	3728	2.4	2727	2.41	5167	2.39	2.44	2.35	0	0	7176660	
TTB	4.77	4.15	4.46	4.46	3856	4.47	200	4.48	100	0.04	0.9	4.5	9697	665363	4.5	714	4.55	1000	4.56	2505	4.5	4.77	4.3	1010	3703	2270039	
TTE	14.85	12.95	13.9	0	0	0	0	0	0	0	0	0	0	0	13.9	2	13.95	1	14	12	0	0	0	0	0	1452958	
TTF	2.86	2.5	2.68	2.67	1301	2.68	13075	2.69	492	0.01	0.37	2.69	7500	317341	2.74	8368	2.75	6001	2.76	4740	2.69	2.83	2.66	1400	2500	15185019	
TV2	82.3	71.7	77	76.2	290	76.3	270	76.5	652	-0.5	-0.65	76.5	581	9692	76.8	73	77	250	77.2	20	76.5	78.5	75.5	23	0	15419	
TVB	10.7	9.3	10	10.6	8777	10.65	4413	10.7	41320	0.7	7	10.7	1953	191802	0	0	0	0	0	0	10.7	10.7	10.2	3825	0	2353752	
TVS	11.55	10.05	10.8	10.4	84	10.5	240	10.6	600	-0.1	-0.93	10.7	100	2302	10.7	42	10.85	4	10.9	98	10.7	10.9	10.7	0	0	2175153	
TVT	22.2	19.3	20.75	20	10	20.05	1	20.6	88	0	0	20.75	500	1015	20.75	222	20.95	50	21	142	20.75	20.75	20.6	0	0	1026441	
TYA	13.6	11.9	12.75	12.6	6160	12.65	100	12.7	1307	0.05	0.39	12.8	28	5040	12.8	394	12.85	440	12.9	1693	12.8	12.9	12.7	0	1060	389921	
UDC	3.03	2.65	2.84	2.84	522	2.86	282	2.87	2	0.04	1.41	2.88	100	1127	2.89	200	3	1964	3.03	301	0	3	2.86	0	0	1713749	
UIC	44.45	38.65	41.55	40.55	1	40.6	20	40.8	29	-0.15	-0.36	41.4	400	3870	41.4	30	41.45	110	41.5	195	41.4	41.8	40.8	440	50	229669	
VAF	7.34	6.38	6.86	0	0	6.4	3	7.34	4	0.48	7	7.34	1	1	0	0	0	0	0	0	0	7.34	7.34	0	0	1845588	
VCB	88.2	76.8	82.5	82.7	78	82.8	138	82.9	364	0.4	0.48	82.9	7737	81777	83	357	83.1	12	83.3	1173	82.9	84.4	82.9	35505	8467	23334615	
VCF	232.1	201.9	217	211	2	214	2	217	2	9	4.15	226	1	1	219.5	2	220	9	226	54	0	226	226	1	0	1287818	
VCI	25.65	22.35	24	22.6	3	22.8	157	22.9	4268	-1	-4.17	23	10692	74745	23	12007	23.5	3482	23.55	126	23	24.45	23	1620	1116	11552169	
VDP	37.6	32.7	35.15	33.25	100	33.35	3	33.5	2	1.85	5.26	37	1	1	36.9	200	37	249	37.1	190	0	37	37	0	0	621813	
VDS	6.32	5.5	5.91	5.87	100	5.91	200	5.92	100	0.29	4.91	6.2	1	1	6.2	44	6.3	21	0	0	6.2	6.2	6.2	0	0	4865369	
VFG	41.15	35.85	38.5	37.5	100	38.5	110	38.6	20	0.3	0.78	38.8	20	20	38.8	2	38.9	10	39	120	0	38.8	38.8	0	20	1484323	
VGC	20.25	17.65	18.95	18.95	430	19	2578	19.05	683	0.1	0.53	19.05	2312	51278	19.1	1097	19.15	1350	19.2	3972	19.05	19.1	18.6	100	12311	17534528	
VHC	37.7	32.8	35.25	33.7	219	33.8	6555	33.85	1017	-1.35	-3.83	33.9	5867	92300	33.9	151	33.95	1894	34	4448	33.9	35.4	33.8	2648	256	12396466	
VHM	81.7	71.1	76.4	74.5	5866	74.6	3884	74.7	4450	-1.7	-2.23	74.7	28408	376907	74.8	880	74.9	11	75	1043	74.7	77.6	74.6	54909	58994	117961620	
VIC	103.6	90.2	96.9	96.7	303	96.8	283	96.9	3211	0	0	96.9	10865	59144	97	402	97.1	60	97.2	1934	96.9	97.9	96.5	31984	11211	76758295	
VID	4.49	3.91	4.2	4.41	230	4.45	55	4.49	4737	0.29	6.9	4.49	2	854	0	0	0	0	0	0	0	4.49	4.49	0	0	1354422	
VIP	5.28	4.6	4.94	4.94	32	4.96	126	4.97	737	0.03	0.61	4.97	553	20617	5	100	5.08	175	5.1	252	4.97	5.16	4.94	2100	53	2937926	
VIS	21.9	19.1	20.5	0	0	0	0	19.1	6	0	0	0	0	0	21	256	0	0	0	0	0	0	0	0	0	1910919	
VJC	120.9	105.1	113	112.7	434	112.8	162	112.9	325	0	0	113	3669	49687	113	1530	113.4	15	113.5	11	113	115.2	113	1619	17620	6210974	
VMD	21.9	19.1	20.5	20.05	90	20.3	10	20.5	3	0	0	0	0	0	20.7	2	20.8	2	20.9	12	0	0	0	0	0	729245	
VND	14.05	12.25	13.15	12.5	2200	12.6	30	12.7	790	-0.4	-3.04	12.75	6564	87543	12.75	1082	12.8	6421	12.9	2867	12.75	13.45	12.75	6661	9446	2879262	
VNE	5.1	4.44	4.77	4.79	475	4.8	1000	4.85	479	0.21	4.4	4.98	2658	31089	4.97	2356	4.98	3135	4.99	43	4.98	4.99	4.76	0	111	3929186	
VNG	14.75	12.85	13.8	13.6	185	13.65	182	13.7	120	-0.05	-0.36	13.75	7	18559	13.75	219	13.8	894	13.85	934	13.75	13.8	13.6	0	1389	4753915	
VNL	14.95	13.05	14	13.05	50	13.1	75	13.5	45	0.3	2.14	14.3	3	7	14.3	27	14.5	1	14.95	10	14.3	14.3	13.5	0	0	357902	
VNM	125.8	109.4	117.6	114.8	37	114.9	1	115	5528	-2.6	-2.21	115	21538	110835	115.3	5	115.5	200	115.8	2060	115	117.8	115	35973	30449	71818464	
VNS	10	8.73	9.38	9.62	2	9.67	2	9.72	12	0.51	5.44	9.89	54	1423	9.89	64	9.9	522	9.96	1	9.89	9.97	9.59	0	2	1947011	
VOS	1.51	1.33	1.42	1.39	1079	1.4	508	1.41	1352	0	0	1.42	7	19642	1.42	656	1.44	560	1.45	4885	1.42	1.45	1.41	0	0	6609756	
VPB	25.8	22.5	24.15	22.9	8237	22.95	637	23	8881	-1.15	-4.76	23	98409	791907	23.1	99	23.15	3507	23.2	7228	23	24.45	23	3172	86	0	
VPD	15.9	13.9	14.9	14	503	14.05	150	14.7	500	0	0	14.9	70	1078	14.9	99	15.8	1079	15.85	530	0	15.9	13.9	0	0	5218547	
VPG	20.75	18.05	19.4	19.4	5	19.5	5	19.6	5	0.2	1.03	19.6	183	1109	19.7	14	20.75	26	0	0	19.6	19.6	18.05	0	56	1294438	
VPH	4.45	3.87	4.16	4.39	500	4.4	700	4.41	52	0.27	6.49	4.43	2897	14307	4.43	213	4.44	1147	4.45	6182	4.43	4.44	4.21	0	50	3417541	
VPI	44.9	39.1	42	41.6	282	41.65	248	41.7	36	-0.3	-0.71	41.7	1541	27787	41.75	314	41.8	456	41.85	386	41.7	41.9	41.6	0	10000	7164723	
VPS	10.9	9.49	10.2	9.6	1040	9.71	50	10.2	2	0.2	1.96	10.4	7	209	10.4	15	10.5	202	10.65	97	10.4	10.8	10.4	0	0	1181843	
VRC	6.81	5.93	6.37	6.23	5	6.25	2807	6.26	306	-0.11	-1.73	6.26	3401	33963	6.43	600	6.44	412	6.45	244	6.26	6.6	6.26	0	0	2390057	
VRE	28.35	24.65	26.5	25.4	3492	25.45	4499	25.5	3815	-1	-3.77	25.5	38336	707463	25.6	260	25.65	10	25.7	2031	25.5	26.65	25.5	259819	364100	42350037	
VSC	31.2	27.2	29.2	28.05	400	28.3	1	28.5	76	-0.6	-2.05	28.6	574	18245	28.6	78	28.95	37	29	661	28.6	29.8	28.6	3670	8493	770531	
VSH	19.3	16.8	18.05	17.4	15	17.5	615	17.55	317	-0.5	-2.77	17.55	756	1491	18	100	18.2	230	18.45	1	17.55	18.5	17.55	0	1401	7529192	
VSI	26.2	22.8	24.5	22.9	93	23	83	23.1	8	-0.6	-2.45	23.9	1	121	23.9	145	24	7	24.35	1049	0	24.5	22.8	0	0	639871	
VTB	10.8	9.4	10.1	9.96	10	10	1000	10.1	109	0.4	3.96	10.5	1	2625	10.5	4	10.6	218	10.7	11	0	10.8	10.1	3	1119	493428	
VTO	8.14	7.08	7.61	7.59	200	7.6	198	7.61	1113	0	0	7.61	50	1642	7.7	292	7.79	5	7.8	2	7.61	7.7	7.6	0	50	3718177	
YBM	4.11	3.59	3.85	4	210	4.1	190	4.11	1352	0.26	6.75	4.11	1	5644	0	0	0	0	0	0	0	4.11	4	0	0	688731	
YEG	63.6	55.4	59.5	58.1	66	58.2	237	58.3	10	-1.1	-1.85	58.4	21	1784	58.4	111	58.5	48	58.6	3	58.4	59.5	58.2	20	164	2167505	
