VNMID
855.96
-14.68	-1.72
870.67	0	150250	2.47	
857.81	-1.5	127824810	1506.21	
857.74	-1.5	134077950	1591.91	
DPG	26.75	23.25	25	24	3605	24.05	273	24.1	58	-0.9	-3.6	24.1	1915	36187	24.15	219	24.2	202	24.3	920	24.1	25.4	24.1	808	1672	2187842	
TDM	23.8	20.7	22.25	21.8	5	21.85	500	21.9	173	-0.35	-1.57	21.9	31	19322	21.95	1858	22	706	22.05	25	21.9	22.3	21.6	0	884	3695492	
DPR	40.65	35.35	38	37.55	50	38	419	38.1	381	0.1	0.26	38.1	19	2130	38.6	123	38.7	108	38.75	1	38.1	38.7	38	0	19	1498678	
NLG	25.25	21.95	23.6	23	19371	23.05	1369	23.1	1850	-0.45	-1.91	23.15	10831	99053	23.15	2386	23.2	1834	23.3	403	23.15	24	23.15	10	1609	410435	
PTB	51.8	45.1	48.45	47.7	50	47.75	49	47.8	192	-0.45	-0.93	48	690	20010	48	169	48.1	70	48.2	70	48	49.3	47.8	105	344	1472430	
CRE	17.65	15.35	16.5	16.65	2000	16.7	3030	16.75	2748	0.25	1.52	16.75	5540	155415	16.8	400	16.85	1200	16.9	847	16.75	17.2	16.75	14	80858	1950553	
SCS	128.1	111.5	119.8	118	41	118.1	50	118.4	18	-1.4	-1.17	118.4	44	2889	118.8	37	118.9	70	119	150	118.4	120.2	118.4	1290	13	1395815	
LDG	6.12	5.32	5.72	5.75	5493	5.76	3010	5.77	243	0.05	0.87	5.77	11922	587733	5.78	3546	5.79	2906	5.8	11121	5.77	6	5.75	1823	7767	11469379	
AST	57.5	50.1	53.8	54.3	17	54.5	23	54.6	3	0.8	1.49	54.6	156	16679	54.7	17	54.8	175	54.9	13	54.6	55.8	54.3	157	16	256857	
HPX	28.7	25	26.85	26.7	63	26.75	7	26.8	5	0.15	0.56	27	200	17367	26.85	956	26.9	250	26.95	835	0	27	26.8	0	0	8086708	
ITA	3.19	2.79	2.99	3.17	30719	3.18	17258	3.19	160008	0.2	6.69	3.19	49975	2663322	0	0	0	0	0	0	3.19	3.19	3.05	15201	42310	39421472	
VPI	44.9	39.1	42	41.6	282	41.65	248	41.7	36	-0.3	-0.71	41.7	1541	27787	41.75	314	41.8	456	41.85	386	41.7	41.9	41.6	0	10000	7164723	
YEG	63.6	55.4	59.5	58.1	66	58.2	237	58.3	10	-1.1	-1.85	58.4	21	1784	58.4	111	58.5	48	58.6	3	58.4	59.5	58.2	20	164	2167505	
NCT	65.9	57.3	61.6	60.8	1	61	19	61.1	172	-0.5	-0.81	61.1	500	1292	61.4	11	61.6	53	61.7	306	61.1	61.7	61.1	0	0	1001485	
FRT	29.2	25.4	27.3	0	0	0	0	0	0	-1.9	-6.96	25.4	29539	226961	25.4	107	25.45	2	25.5	1580	25.4	27.5	25.4	1778	14447	1030376	
GEX	19.2	16.7	17.95	17.15	5000	17.2	11196	17.25	19230	-0.7	-3.9	17.25	12592	414707	17.3	3012	17.35	1150	17.4	6516	17.25	18	17.25	540	8091	16544667	
DBD	53.5	46.5	50	49.5	295	49.6	235	49.7	1	0	0	50	23	2615	50	39	50.1	100	50.2	25	50	50.2	49.6	28	2	5235678	
SCR	5.03	4.39	4.71	4.7	6850	4.71	5401	4.72	4469	0.01	0.21	4.72	14508	281526	4.75	100	4.77	263	4.78	365	4.72	4.87	4.72	2032	4245	17419136	
ANV	20.35	17.75	19.05	18.25	155	18.3	2757	18.35	1340	-0.65	-3.41	18.4	2788	46064	18.4	319	18.5	121	18.6	600	18.4	19.35	18.35	333	1688	6092372	
VSC	31.2	27.2	29.2	28.05	400	28.3	1	28.5	76	-0.6	-2.05	28.6	574	18245	28.6	78	28.95	37	29	661	28.6	29.8	28.6	3670	8493	770531	
AAA	13.9	12.1	13	12.4	1739	12.45	491	12.5	22884	-0.5	-3.85	12.5	26616	299825	12.6	1690	12.65	3154	12.7	3021	12.5	13.15	12.5	513	9418	6200885	
NT2	22.85	19.95	21.4	21.35	100	21.4	1396	21.45	336	0.05	0.23	21.45	2543	61595	21.5	1131	21.6	1230	21.65	1468	21.45	21.75	21.4	26060	1094	8968726	
TV2	82.3	71.7	77	76.2	290	76.3	270	76.5	652	-0.5	-0.65	76.5	581	9692	76.8	73	77	250	77.2	20	76.5	78.5	75.5	23	0	15419	
PC1	18.75	16.35	17.55	17.1	1348	17.15	500	17.2	1091	-0.35	-1.99	17.2	5516	57734	17.4	500	17.45	220	17.5	1827	17.2	17.8	17.2	282	114	4622159	
GMD	21.55	18.75	20.15	19.4	1	19.5	392	19.6	1448	-0.55	-2.73	19.6	3517	38487	19.7	50	19.8	906	19.85	351	19.6	20.5	19.6	0	277	0	
SJD	18.4	16	17.2	17.05	100	17.1	200	17.2	113	0.2	1.16	17.4	10	3199	17.4	292	17.5	3893	17.6	300	0	17.4	17.1	0	300	1565757	
BMP	52	45.2	48.6	48.25	200	48.3	805	48.35	2174	-0.25	-0.51	48.35	1642	12993	48.5	392	48.55	209	48.6	1007	48.35	48.75	48.35	856	1824	1629974	
HDG	30.1	26.2	28.15	27.3	301	27.4	525	27.5	1190	-0.65	-2.31	27.5	6125	86274	27.6	114	27.7	1434	27.75	241	27.5	28.3	27.5	0	15198	3913601	
KDH	23.55	20.55	22.05	21.6	1338	21.65	1350	21.7	176	-0.35	-1.59	21.7	3431	43817	21.8	1085	21.85	100	21.9	766	21.7	22.2	21.55	48	748	2795457	
PAN	24.05	20.95	22.5	21.7	200	21.8	350	21.9	144	-0.6	-2.67	21.9	106	6780	22.25	30	22.3	15	22.4	100	21.9	22.5	21.9	0	1040	1035292	
TPB	22.55	19.65	21.1	20.7	617	20.8	753	20.85	300	-0.2	-0.95	20.9	100	7493	20.9	45	20.95	339	21	1929	20.9	21.5	20.9	0	0	0	
NBB	20.4	17.8	19.1	19	1	19.05	146	19.2	31	0.1	0.52	19.2	210	49191	19.4	50	19.5	24597	19.55	20	19.2	19.5	19.05	469	0	3105687	
VND	14.05	12.25	13.15	12.5	2200	12.6	30	12.7	790	-0.4	-3.04	12.75	6564	87543	12.75	1082	12.8	6421	12.9	2867	12.75	13.45	12.75	6661	9446	2879262	
PVD	11.9	10.4	11.15	10.7	11657	10.75	3576	10.8	20750	-0.35	-3.14	10.8	36375	725715	10.85	332	10.9	3790	10.95	9233	10.8	11.3	10.8	1310	1375	15375897	
DCM	9.42	8.2	8.81	8.4	48313	8.41	1100	8.42	9882	-0.39	-4.43	8.42	21709	197625	8.54	1000	8.55	10	8.56	2273	8.42	8.92	8.42	813	3125	24934539	
HCM	21.2	18.5	19.85	18.65	8695	18.7	7079	18.75	1018	-1.05	-5.29	18.8	36750	401596	18.8	2459	18.9	3557	19	1500	18.8	20	18.7	18741	15662	14137347	
TCH	25.1	21.9	23.5	21.9	161379	21.95	55202	22	34234	-1.5	-6.38	22	5580	130996	22.1	21	22.25	16	22.4	302	22	23.55	22	1585	9422	16194122	
BMI	23.15	20.15	21.65	21.4	1110	21.6	100	21.65	10	0.05	0.23	21.7	764	41806	21.7	77	21.8	1108	21.95	100	21.7	22.6	21.7	3635	3714	1211212	
DHC	39.8	34.6	37.2	36.4	100	36.5	593	36.6	346	-0.6	-1.61	36.6	570	10545	36.65	2104	36.7	18	36.8	21	36.6	37.8	36.6	1406	878	693743	
VNG	14.75	12.85	13.8	13.6	185	13.65	182	13.7	120	-0.05	-0.36	13.75	7	18559	13.75	219	13.8	894	13.85	934	13.75	13.8	13.6	0	1389	4753915	
HBC	9.66	8.4	9.03	9.02	120	9.03	3402	9.04	7560	0.01	0.11	9.04	36518	659370	9.05	130	9.08	1695	9.09	858	9.04	9.5	8.96	1497	5678	6659859	
BWE	24.3	21.2	22.75	21.8	600	21.9	826	22	956	-0.75	-3.3	22	728	28094	22.1	4	22.15	596	22.2	1448	22	22.9	22	0	897	5952286	
CMG	30.05	26.15	28.1	27.75	24	27.8	270	27.85	117	-0.25	-0.89	27.85	636	8576	27.9	30	28	157	28.1	343	27.85	28.2	27.85	356	0	1168358	
PHR	54.8	47.75	51.3	48.85	100	48.9	45	49	3535	-2.3	-4.48	49	11482	237390	49.05	414	49.1	205	49.2	206	49	51.5	49	120	5335	5333724	
DPM	16.1	14	15.05	14.8	17346	14.85	18052	14.9	26306	-0.15	-1	14.9	26565	535035	14.95	590	15	3145	15.05	1347	14.9	15.65	14.9	15764	9934	14358732	
FLC	3.09	2.69	2.89	2.85	28281	2.86	15375	2.87	19879	-0.02	-0.69	2.87	24415	478665	2.88	19997	2.89	13349	2.9	65734	2.87	2.92	2.87	3545	55238	32892106	
KDC	32.1	27.9	30	29.1	1855	29.15	55	29.2	140	-0.2	-0.67	29.8	14430	51815	29.8	304	29.9	851	29.95	1022	29.8	31	29.15	210	1645	20961233	
PDR	26.55	23.15	24.85	24.65	100	24.7	100	24.8	200	0.05	0.2	24.9	828	128290	24.9	21	24.95	1211	25	1862	24.9	24.95	24.6	3119	0	15031129	
VCI	25.65	22.35	24	22.6	3	22.8	157	22.9	4268	-1	-4.17	23	10692	74745	23	12007	23.5	3482	23.55	126	23	24.45	23	1620	1116	11552169	
SJS	21.95	19.15	20.55	20.7	500	20.8	600	21	840	0.45	2.19	21	2155	47739	21.2	277	21.3	200	21.4	200	21	21.95	20.8	0	976	5376342	
KBC	15.2	13.3	14.25	13.75	2286	13.8	11945	13.85	7314	-0.35	-2.46	13.9	9558	288081	13.9	485	13.95	3785	14	10501	13.9	14.3	13.85	1980	11553	12830650	
HT1	15.7	13.7	14.7	14.45	307	14.5	2869	14.55	100	0	0	14.7	1201	67596	14.65	129	14.7	1640	14.75	867	14.7	15	14.55	1970	230	16247834	
CSM	17.75	15.45	16.6	16	1645	16.05	821	16.1	1	-0.5	-3.01	16.1	3679	19494	16.15	30	16.2	187	16.3	680	16.1	16.6	16.05	0	50	4861378	
DIG	13.1	11.4	12.25	11.9	5273	11.95	750	12	1924	-0.25	-2.04	12	6198	105991	12.05	1322	12.1	979	12.15	4926	12	12.35	12	4	2627	4596598	
SAM	9.73	8.47	9.1	8.99	863	9	3030	9.05	530	-0.01	-0.11	9.09	3003	30017	9.09	225	9.1	787	9.11	20	9.09	9.19	9	0	5961	12169390	
DRC	22.1	19.3	20.7	20	2499	20.05	1132	20.1	2770	-0.6	-2.9	20.1	4426	71603	20.2	420	20.25	640	20.3	1128	20.1	20.8	20.1	592	4483	3363234	
FCN	9.89	8.61	9.25	9.29	5000	9.3	5667	9.31	206	0.06	0.65	9.31	2390	167028	9.35	1311	9.36	500	9.37	4069	9.31	9.49	9.28	2658	1844	2930974	
SGN	77.2	67.2	72.2	70.9	4	71	140	71.1	456	-1.1	-1.52	71.1	11	1807	71.9	20	72	110	72.2	408	71.1	72.2	71.1	408	200	929810	
PAC	24.05	20.95	22.5	22.45	100	22.5	323	22.55	215	0.05	0.22	22.55	443	7226	22.6	294	22.65	414	22.7	283	22.55	22.9	22.5	0	45	1310471	
PVT	11.9	10.4	11.15	10.9	1668	10.95	1701	11	14407	-0.15	-1.35	11	10443	280743	11.05	51	11.1	3556	11.15	1300	11	11.45	11	1255	19709	6804691	
ASM	5.93	5.17	5.55	5.4	2863	5.41	2428	5.42	884	-0.13	-2.34	5.42	2795	177216	5.43	367	5.44	100	5.45	630	5.42	5.6	5.41	0	9602	12330894	
VHC	37.7	32.8	35.25	33.7	219	33.8	6555	33.85	1017	-1.35	-3.83	33.9	5867	92300	33.9	151	33.95	1894	34	4448	33.9	35.4	33.8	2648	256	12396466	
HSG	10.55	9.2	9.89	9.99	16368	10	58781	10.05	30668	0.16	1.62	10.05	78769	1638724	10.1	17638	10.15	1800	10.2	31516	10.05	10.4	9.92	75262	27973	14635358	
CII	21.25	18.55	19.9	19.85	3046	19.9	282	19.95	30	0.1	0.5	20	1377	143227	20	324	20.15	500	20.2	513	20	20.6	19.9	1426	82000	7191158	
HAG	4.52	3.94	4.23	4.14	51356	4.15	107448	4.16	2012	-0.06	-1.42	4.17	35299	477766	4.17	6422	4.18	52100	4.19	202	4.17	4.3	4.14	300	16875	38055960	
CTI	20.15	17.55	18.85	18.9	1402	18.95	439	19	312	0.2	1.06	19.05	888	100823	19.05	62	19.1	100	19.15	1318	19.05	19.3	18.7	352	0	2051902	
MSH	40	34.8	37.4	36.1	50	36.2	200	36.25	10	-1.1	-2.94	36.3	363	11532	36.3	29	36.6	110	36.7	14	36.3	37.5	36.3	372	200	2236882	
DXG	12.35	10.75	11.55	11.05	8185	11.1	12967	11.15	12839	-0.4	-3.46	11.15	22843	470996	11.2	3768	11.25	11879	11.3	2395	11.15	11.65	11.15	75874	47018	4796758	
PPC	26.75	23.25	25	24.15	50	24.2	975	24.3	357	-0.7	-2.8	24.3	3085	22075	24.7	1113	24.75	66	24.8	122	24.3	25.3	24.3	1529	6376	10616003	
VGC	20.25	17.65	18.95	18.95	430	19	2578	19.05	683	0.1	0.53	19.05	2312	51278	19.1	1097	19.15	1350	19.2	3972	19.05	19.1	18.6	100	12311	17534528	
