HOSE
899.43
-0.49	-0.05
902.26	0.26	32060310	312.08	
899.43	-0.05	498716192	7095.20	
899.43	-0.05	501725105	7177.81	
AAA	14.8	12.9	13.85	14.05	1	14.8	2	0	1158	-0.35	-2.53	13.5	100	379863	0	3399	13.45	1000	13.5	2775	13.8	13.8	13.4	3930	0	6020990	
AAM	12.4	10.8	11.6	11.15	488	11.2	3	11.25	4	-0.45	-3.88	11.15	2	3	11.6	367	11.7	75	11.8	63	11.6	11.6	11.15	0	0	592344	
ABS	15.4	13.4	14.4	14.1	1715	14.2	200	0	360	0.05	0.35	14.45	100	13884	0	353	14.3	15	14.35	300	14.4	14.45	14.1	0	0	1410813	
ABT	36.35	31.65	34	31.8	83	31.85	15	32	200	-1	-2.94	33	1	69	33	6	36	100	36.3	9	33	33	32.95	3	0	655031	
ACC	20.3	17.7	19	18.5	620	18.7	300	19.5	10	1	5.26	20	1	2	19.7	30	20	575	20.2	50	20.3	20.3	20	0	0	298745	
ACL	27.8	24.2	26	25.8	29	25.85	1	0	13	-0.2	-0.77	25.8	26	6722	25	100	25.8	14	25.9	831	26.5	26.5	25.8	8	0	845453	
ADS	10.5	9.17	9.85	9.65	15	9.8	10	9.85	10	0.05	0.51	9.9	40	513	9.9	260	9.93	75	9.95	515	9.9	9.9	9.9	0	0	1248247	
AGG	29.4	25.6	27.5	27.4	500	27.5	100	0	150	-0.2	-0.73	27.3	20	29345	0	300	27.4	490	27.5	765	27.5	27.6	26.95	0	0	1622591	
AGM	17.1	14.9	16	15.4	2	15.45	1	15.5	120	-0.5	-3.12	15.5	30	8498	0	81	16	521	16.05	1370	16	16	15.5	0	1420	749270	
AGR	4.04	3.52	3.78	4.02	300	4.04	20091	0	15820	0.26	6.88	4.04	1000	198760	0	10	4.04	1081	0	0	4.04	4.04	3.95	0	0	9960594	
AMD	4.09	3.57	3.83	3.9	10	4.09	11	0	6383	-0.22	-5.74	3.61	102	1049034	0	33040	3.6	5651	3.61	2264	3.8	3.99	3.57	11231	5342	7694698	
ANV	21.85	19.05	20.45	20.25	1057	20.3	1	0	161	-0.2	-0.98	20.25	1	64134	0	531	20.25	3251	20.3	20	20.8	20.95	20.1	359	230	6088917	
APC	22.25	19.35	20.8	22.2	31	22.25	4949	0	233	1.45	6.97	22.25	30	18485	22	4	22.2	4	22.25	2	22.25	22.25	21.85	0	4998	655082	
APG	10.2	8.88	9.54	9.5	600	9.54	1214	9.66	232	0.12	1.26	9.66	168	79329	9.68	391	9.7	614	9.75	268	9.75	9.8	9.6	2800	0	3165789	
ASM	7.11	6.19	6.65	6.58	1396	6.59	67	0	886	-0.06	-0.9	6.59	85	423331	0	4757	6.56	100	6.59	100	6.66	6.8	6.48	0	11921	12300036	
ASP	6.3	5.48	5.89	5.91	1	6	147	0	7	0.11	1.87	6	1000	18087	6	400	6.05	398	6.1	644	5.99	6.1	5.8	0	20	0	
AST	62	54	58	58.5	60	59	6	0	45	0.5	0.86	58.5	5	29460	0	405	58.2	1240	58.4	50	58	59.9	57.9	965	2203	273645	
ATG	0.66	0.58	0.62	0.65	552	0.66	57799	0	18658	0.04	6.45	0.66	100	7637	0	0	0	0	0	0	0.66	0.66	0.64	0	0	720624	
BBC	55.5	48.3	51.9	50	5	50.7	562	51	1	-1.2	-2.31	50.7	2	481	51.5	99	51.7	161	51.8	75	50.8	51.8	50.7	100	0	35822	
BCE	8.47	7.37	7.92	8.27	706	8.3	20	0	33	0.33	4.17	8.25	50	35688	0	518	8.25	59	8.26	100	7.91	8.29	7.91	0	0	1356998	
BCG	7.16	6.24	6.7	6.48	1600	6.49	520	6.5	1633	-0.2	-2.99	6.5	205	50979	0	1230	6.6	1000	6.65	250	6.72	6.8	6.5	1894	433	1650774	
BFC	14.45	12.65	13.55	13.8	421	14	100	0	1020	0.15	1.11	13.7	100	56238	0	1000	12.65	1	13.7	1101	13.6	13.95	13.45	502	475	2581260	
BHN	59.9	52.1	56	55.1	17	55.2	10	55.5	139	-0.5	-0.89	55.5	100	421	55.5	77	55.9	30	56	256	56	56	55.5	10	0	7293703	
BIC	22.75	19.85	21.3	21.1	15	21.2	400	0	20	-0.2	-0.94	21.1	100	31375	0	20	21.05	45	21.1	366	21.3	21.3	20.7	74	10800	161132	
BID	47.05	40.95	44	43.5	1015	44.3	10	0	1869	-0.65	-1.48	43.35	100	111959	0	5543	43	70	43.35	1036	44.1	44.1	43.3	2174	4068	49381715	
BMC	13.25	11.55	12.4	12.6	275	12.65	545	12.75	10	0.35	2.82	12.75	19	9626	0	12	12.7	30	12.8	521	12.4	13.1	12.4	378	3718	327218	
BMI	22.85	19.95	21.4	22.8	438	22.85	16892	0	25790	1.45	6.78	22.85	3	78853	22.85	1	0	0	0	0	21.4	22.85	21.3	1203	2573	1203714	
BMP	56.2	48.95	52.6	52.1	20	52.2	301	0	1470	-0.6	-1.14	52	50	17135	0	262	52	450	52.1	270	52.6	52.9	50	10473	1208	1603238	
BRC	10.7	9.3	10	9.78	300	10	302	10.05	1	0.6	6	10.6	1	2	10.6	14	10.7	100	0	0	10.05	10.6	10.05	0	0	600909	
BSI	8.79	7.65	8.22	8.22	250	8.23	12	8.3	640	0.17	2.07	8.39	2	6465	8.39	18	8.4	363	8.43	200	8.48	8.5	8.22	300	1150	4958750	
BTP	16.1	14	15.05	15.05	34	15.1	50	15.2	50	0.15	1	15.2	8	3592	15.2	968	15.3	1122	15.4	510	15.3	15.3	15	0	0	2403041	
BTT	42.65	37.15	39.9	37.6	5	37.65	3	37.7	27	-0.9	-2.26	39	10	60	39.3	40	39.4	200	39.5	200	37.6	39	37.6	0	0	660355	
BVH	54.1	47.1	50.6	52.4	903	54.1	1	0	3237	1.8	3.56	52.4	520	225500	0	1523	47.1	1	47.2	4	51	53	50.9	20397	22562	15373985	
BWE	25.05	21.85	23.45	23.4	1201	23.45	2	23.5	500	0	0	23.45	10	19024	0	563	23.4	200	23.45	70	23.45	23.65	23.2	0	273	5950468	
C32	26.85	23.35	25.1	25	52	25.05	1	25.1	20	-0.1	-0.4	25	148	7229	0	67	25	200	25.1	596	25.1	25.1	24.8	0	920	371482	
C47	12.3	10.7	11.5	10.95	2	11	1	0	28	-0.8	-6.96	10.7	38	2011	0	20	11	262	11.2	500	11.5	11.5	10.7	0	0	829703	
CAV	74.9	65.1	70	66.1	3	69	3	70	1	1	1.43	71	6	31	68.5	5	70.5	10	71	187	73	73	71	0	0	2806032	
CCI	14.95	13.05	14	13.6	120	13.8	482	13.85	130	0.1	0.71	14.1	10	661	14.1	69	14.2	100	14.3	100	14.1	14.1	14	140	631	823431	
CCL	7.65	6.65	7.15	7.12	375	7.15	1000	0	24	-0.05	-0.7	7.1	10	52134	7.12	340	7.14	555	7.15	1704	7.25	7.25	7.02	0	6090	2122159	
CDC	16.55	14.45	15.5	0	0	14.5	100	15.5	101	0.5	3.23	16	5	11	16	5	16.5	81	16.55	1	14.5	16	14.5	0	0	764368	
CEE	16.45	14.35	15.4	0	0	0	0	14.4	3	-0.15	-0.97	15.25	5	5	15.2	66	15.25	201	15.4	166	15.25	15.25	15.25	0	0	2021552	
CHP	20.65	17.95	19.3	18.9	560	18.95	10	19	362	0	0	19.3	2	548	19.3	79	19.85	4	19.9	29	18.3	19.3	18.2	0	0	6311919	
CIG	1.82	1.6	1.71	1.75	320	1.82	14549	0	1640	0.11	6.43	1.82	3	1256	0	0	0	0	0	0	1.82	1.82	1.82	0	0	1545178	
CII	20.5	17.9	19.2	19.9	1241	20	5	0	2127	0.7	3.65	19.9	100	497205	0	14158	19.7	400	19.8	600	19.3	20.4	19.15	9054	220795	7941445	
CKG	10.45	9.1	9.78	9.82	168	9.83	10	10	50	0.04	0.41	9.82	16	7621	9.9	378	9.94	100	9.95	200	9.76	9.99	9.75	0	0	2403500	
CLC	29.05	25.25	27.15	27.1	63	27.15	3	27.2	3	0.05	0.18	27.2	14	414	27.2	237	27.25	150	27.3	28	27.1	27.2	27	0	0	1222725	
CLG	1.59	1.39	1.49	1.53	100	1.56	354	0	102	0.07	4.7	1.56	5500	23284	1.53	250	1.54	1	1.55	1000	1.59	1.59	1.48	0	0	1031812	
CLL	30.45	26.55	28.5	27.4	20	27.8	45	28	8	0	0	28.5	5	26	28.5	127	29	10	29.1	1	28.5	28.5	28.5	0	0	1419098	
CLW	28.35	24.65	26.5	0	0	0	0	24.65	50	0	0	0	0	0	27.9	1	28	4	0	0	0	0	0	0	0	573966	
CMG	32.25	28.05	30.15	31.5	228	31.55	50	0	30	1.35	4.48	31.5	52	16013	0	600	31.5	150	31.55	100	31.8	31.8	31.25	4364	78	1161680	
CMV	14.25	12.45	13.35	12.5	119	12.6	229	12.65	100	-0.75	-5.62	12.6	1	4	13.5	40	14.25	85	0	0	12.45	13	12.45	0	0	590605	
CMX	21.05	18.35	19.7	19.4	1000	19.6	78	0	475	-0.4	-2.03	19.3	452	189191	0	1680	19	630	19.1	280	20	20.95	18.4	2372	2728	1154150	
CNG	22.75	19.85	21.3	20.95	505	21	548	21.05	3	0	0	21.3	700	5739	0	1	21.3	2098	21.35	405	21	21.3	20.95	652	1673	757236	
COM	45.55	39.65	42.6	40.2	3	40.5	3	42	1	0	0	42.6	1	2	42.6	85	42.9	4	43	20	42.6	42.6	42.6	0	0	685800	
CRC	13	11.3	12.15	12.7	60	12.9	105	13	45	0.85	7	13	191	18130	0	0	0	0	0	0	12.2	13	12.15	0	0	734797	
CRE	18.65	16.25	17.45	18.6	10	18.65	5010	0	1510	0.9	5.16	18.35	200	171797	0	7947	18	100	18.25	200	17.65	18.5	17.65	6822	0	2298273	
CSM	17.45	15.25	16.35	16.15	680	16.2	578	0	500	-0.1	-0.61	16.25	60	16236	0	701	16.3	598	16.35	959	16.45	16.45	16.15	0	0	4862485	
CSV	25.45	22.15	23.8	23.7	1002	23.75	1	0	2	-0.2	-0.84	23.6	10	24404	0	590	23.5	200	23.6	640	23.8	24.05	23.5	4762	0	1802067	
CTD	76.9	66.9	71.9	71	30	71.4	3	0	329	-1.4	-1.95	70.5	200	45356	0	1191	70	20	70.5	26	71.5	71.7	70.3	1140	103	212401	
CTF	22.85	19.95	21.4	20.65	13	21	20	21.3	1	-0.1	-0.47	21.3	10	16190	21.3	5	21.4	335	21.5	92	21	21.4	20.65	71	0	2230647	
CTG	26.6	23.2	24.9	24.5	6	25.1	100	0	24009	-0.7	-2.81	24.2	710	670238	0	65919	23.2	10	24	2340	25	25	24.2	6867	5832	618014	
CTI	20.5	17.9	19.2	19.95	1139	20	500	0	990	0.75	3.91	19.95	100	179180	0	543	19.9	56	19.95	1179	19.3	20.5	19.2	4033	274	2353446	
CTS	8.53	7.43	7.98	7.74	10	7.75	322	0	1100	-0.23	-2.88	7.75	262	35076	0	900	7.5	500	7.7	1200	8	8	7.51	1450	1000	4075071	
CVT	19.45	16.95	18.2	19.2	130	19.25	3	0	135	1	5.49	19.2	382	69025	16.95	1	17	1	19.15	4	18.5	19.45	18.5	2050	1298	3270747	
D2D	67.4	58.6	63	63	170	64	80	0	150	-0.3	-0.48	62.7	5	25703	0	200	62.8	100	63	1761	63.1	64.3	62.5	1960	60	895448	
DAG	6.15	5.35	5.75	5.76	1	5.8	15	0	645	-0.05	-0.87	5.7	50	52445	0	450	5.35	250	5.6	14	5.79	5.79	5.41	200	162	2101857	
DAH	13.05	11.35	12.2	12.15	1513	12.2	1486	12.25	53	0.05	0.41	12.25	300	21882	0	300	12.25	369	12.3	1045	12.2	12.25	12.15	960	0	1626152	
DAT	7.32	6.38	6.85	7	1	7.31	1	7.32	1	0	0	0	0	0	0	0	0	0	0	0	0	0	0	0	0	2253957	
DBC	60.5	52.7	56.6	57	3	57.1	10	0	3055	-1.4	-2.47	55.2	162	413185	0	12609	52.7	100	54	3020	57	57.1	53.9	3899	6414	4403638	
DBD	51.2	44.55	47.9	47.8	340	47.9	21	48	14	-0.1	-0.21	47.8	90	3228	0	549	47.9	50	48	1000	46.8	48.4	46.8	17	0	5235678	
DCL	23.2	20.2	21.7	21.2	128	21.3	20	0	56	-0.5	-2.3	21.2	20	4063	21.3	25	21.4	31	21.5	381	21.85	21.85	21.2	62	56	1679699	
DCM	9.04	7.86	8.45	9.03	10	9.04	10	0	779	0.24	2.84	8.69	362	382174	0	5200	8.67	1000	8.68	500	8.5	8.73	8.45	9816	0	24929371	
DGW	33.7	29.3	31.5	33	5	33.7	5	0	397	-0.6	-1.9	30.9	10	48191	0	1468	29.3	1	31	1696	31.65	31.65	30.8	1045	94	1032175	
DHA	34.2	29.8	32	31.3	265	31.4	109	31.5	10	-0.5	-1.56	31.5	10	323	31	10	31.45	50	31.5	54	31.3	32	31.3	0	0	600833	
DHC	38.7	33.7	36.2	35.8	110	35.9	10	0	510	-0.5	-1.38	35.7	52	14572	0	141	35.75	1424	35.8	2000	36.45	36.45	35.65	69	410	663975	
DHG	99.5	86.5	93	93.5	162	93.6	55	0	14	1	1.08	94	43	4255	0	121	94	161	94.1	136	93	94.1	92.5	342	88	5956802	
DHM	9.09	7.91	8.5	8.15	1100	8.2	340	0	100	-0.3	-3.53	8.2	360	12840	8.33	47	8.35	610	8.4	75	8.3	8.33	8.2	0	0	1531248	
DIC	2.07	1.81	1.94	1.92	595	1.93	566	1.94	1502	0	0	1.94	1	31021	0	800	1.94	899	1.95	2665	1.98	1.98	1.9	0	0	1270854	
DIG	13.7	12	12.85	12.75	830	12.8	500	0	8506	-0.1	-0.78	12.75	1200	145100	0	4800	12.7	2200	12.75	5	12.9	13.05	12.7	0	1188	4606180	
DLG	1.76	1.54	1.65	1.75	1	1.76	1	0	5334	-0.03	-1.82	1.62	30	1192056	0	27871	1.54	1	1.55	2	1.68	1.68	1.58	23582	7306	13818531	
DMC	59.8	52	55.9	54.6	761	54.7	78	0	130	-1.2	-2.15	54.7	60	12613	0	771	54.6	400	54.7	2	55.6	55.9	54.7	396	511	1447752	
DPG	27.85	24.25	26.05	26.05	1067	26.1	68	0	547	0.05	0.19	26.1	15	63066	0	140	26.05	1520	26.1	100	26.55	26.7	25.95	1097	0	2183137	
DPM	15.75	13.75	14.75	15.7	1	15.75	1	0	1973	0.1	0.68	14.85	35	387821	0	11235	14.8	4907	14.85	7268	14.85	15.05	14.7	120	4173	14547807	
DPR	41.1	35.8	38.45	38.45	400	38.5	200	38.6	18	0.25	0.65	38.7	100	3512	0	19	38.7	82	38.75	2	38.3	38.7	38.3	2000	1530	1500562	
DQC	20.45	17.85	19.15	18.9	55	19	35	0	1	-0.25	-1.31	18.9	25	4128	0	35	19.3	200	19.35	1	20.2	20.2	18.9	0	0	1591966	
DRC	21.3	18.6	19.95	20.15	873	20.2	61	0	977	0.25	1.25	20.2	20	122372	0	1040	18.6	1900	20.1	500	19.95	20.45	19.85	1888	200	3383201	
DRH	8.41	7.31	7.86	8.4	1501	8.41	1001	0	2325	0.32	4.07	8.18	100	287152	0	3160	8.18	1155	8.2	4213	7.86	8.29	7.7	13005	6683	2826321	
DRL	54.3	47.25	50.8	50.6	1	50.8	10	50.9	1	0.2	0.39	51	65	265	51.2	20	51.3	10	51.5	130	50.8	51	50.5	0	0	459240	
DSN	50.9	44.3	47.6	48.25	228	48.3	171	0	1	0.7	1.47	48.3	30	2814	48.3	3	48.45	10	48.5	176	47.8	48.5	47.8	0	0	372656	
DTA	4.97	4.33	4.65	4.5	105	4.6	76	4.63	31	-0.05	-1.08	4.6	20	129	4.63	31	4.7	150	4.71	150	4.8	4.8	4.6	0	0	881866	
DTL	8.98	7.82	8.4	7.82	51	8.5	28	8.98	172	0.58	6.9	8.98	1	707	0	0	0	0	0	0	7.9	8.98	7.82	0	631	3008671	
DTT	15.5	13.5	14.5	0	0	0	0	0	0	-1	-6.9	13.5	1	1	14.6	1	14.7	10	15.5	1	13.5	13.5	13.5	0	0	397869	
DVP	37.45	32.55	35	34.55	190	34.6	113	34.65	10	-0.1	-0.29	34.9	50	615	34.6	26	35	277	35.2	23	35	35	34.05	1	0	1407874	
DXG	13.25	11.55	12.4	12.5	1	12.6	1	0	6525	-0.15	-1.21	12.25	100	415172	0	4587	12.15	800	12.2	3847	12.45	12.5	12.2	66208	43223	4489250	
DXV	2.58	2.26	2.42	2.46	390	2.48	101	2.52	550	0.1	4.13	2.52	1	5418	2.51	5	2.52	1500	2.56	205	2.45	2.52	2.42	0	0	479568	
E1VFVN30	14.98	13.02	14	13.93	22	14.98	1000	0	110	-0.04	-0.29	13.96	10	34618	14.05	13	14.06	50	14.09	10	14	14.06	13.95	30080	28675	1780711	
EIB	18.95	16.55	17.75	18	50	18.1	1	0	2181	0.35	1.97	18.1	1	13925	0	3	18.05	141	18.1	300	17.75	18.3	17.75	0	96	18537	
ELC	5.99	5.21	5.6	5.87	1000	5.9	1847	5.91	80	0.3	5.36	5.9	9	40764	5.9	195	5.92	120	5.93	200	5.65	5.94	5.65	1791	13890	1458494	
EMC	15	13.1	14.05	0	0	13.1	200	15	1	-0.95	-6.76	13.1	1	1	15	2	0	0	0	0	13.1	13.1	13.1	0	0	749034	
EVE	11.4	9.96	10.7	10.9	668	11	120	0	10	0.2	1.87	10.9	254	3912	10.95	65	11	755	11.05	1101	10.95	11.1	10.9	802	0	1460267	
EVG	4.17	3.63	3.9	4.16	57082	4.17	122426	0	99959	0.27	6.92	4.17	1	301086	0	2	4.17	424	0	0	3.9	4.17	3.63	0	1257	2865977	
FCM	6.99	6.09	6.54	6.6	3000	6.61	160	0	203	0.02	0.31	6.56	710	12121	6.28	500	6.56	10	6.58	100	6.6	6.65	6.55	105	1444	1906988	
FCN	10.6	9.26	9.95	9.77	1342	9.78	3	0	1138	-0.18	-1.81	9.77	392	130918	0	5928	9.7	170	9.79	100	10	10.15	9.26	1696	70	2908228	
FDC	13.9	12.1	13	12.15	16	12.2	250	12.4	63	-0.2	-1.54	12.8	27	31	12.8	74	13	386	13.4	1	12.2	12.8	12.2	0	0	1891253	
FIR	33.45	29.15	31.3	31	432	31.1	209	0	243	-0.15	-0.48	31.15	200	10111	0	240	31	300	31.1	120	31.4	31.4	31	66	0	1003073	
FIT	7.16	6.24	6.7	7	2	7.01	1	0	2189	-0.3	-4.48	6.4	200	100213	0	11453	6.4	2904	6.41	100	6.8	6.8	6.4	811	8902	12135760	
FLC	3.56	3.1	3.33	3.55	1	3.56	11	0	7287	-0.09	-2.7	3.24	960	1834754	0	23007	3.22	5000	3.23	10694	3.34	3.49	3.17	30811	14018	32785188	
FMC	32	27.9	29.95	29.5	39	29.6	30	0	44	-0.45	-1.5	29.5	25	12044	0	49	29.45	151	29.5	103	30.4	30.4	29.45	967	745	1970804	
FPT	52.8	45.9	49.35	52.7	1	52.8	1	0	2374	-0.4	-0.81	48.95	10	149154	0	1269	48.9	5	48.95	169	49.6	49.65	48.9	2199	2289	0	
FRT	29.95	26.05	28	27.5	300	28	95	0	699	-0.6	-2.14	27.4	700	112426	0	810	26.05	1	26.1	1	28	28.5	27.35	1494	5642	1056744	
FTM	1.74	1.52	1.63	1.73	1100	1.74	31004	0	3061	0.11	6.75	1.74	10	26632	0	0	0	0	0	0	1.74	1.74	1.74	0	0	2429244	
FTS	14.45	12.65	13.55	14.4	1	14.45	1	0	427	-0.55	-4.06	13	100	25798	0	2572	12.65	184	12.7	100	13.4	13.4	13	200	11	9456735	
FUCTVGF1	12.7	11.1	11.9	0	0	0	0	0	0	0	0	0	0	0	0	0	0	0	0	0	0	0	0	0	0	734571	
FUCTVGF2	10.95	9.54	10.25	0	0	0	0	0	0	0	0	0	0	0	9.54	1	0	0	0	0	0	0	0	0	0	808607	
FUCVREIT	7.74	6.74	7.24	0	0	0	0	6.74	2	0	0	0	0	0	7.74	35	0	0	0	0	0	0	0	0	0	239084	
FUESSV50	13.16	11.44	12.3	12.1	17	12.25	1	0	1	-0.05	-0.41	12.25	1106	7242	12.3	2187	12.35	1005	12.4	1205	12.25	12.3	12.25	75	1106	440962	
FUESSVFL	10.58	9.2	9.89	9.78	4175	9.8	105	9.81	5	-0.04	-0.4	9.85	9	510	9.85	9982	9.86	9787	9.87	9716	9.81	9.85	9.81	40	0	1173373	
FUEVFVND	13.66	11.88	12.77	12.68	50	12.69	50	0	100	-0.27	-2.11	12.5	974	15564	0	5	12.6	4	12.7	240	12.6	12.7	12.5	1221288	1072	0	
GAB	167.4	145.6	156.5	156.8	2070	156.9	1731	157	3	0.4	0.26	156.9	45	1993	0	501	157.1	552	164	31	156.5	167	156.5	0	0	662260	
GAS	84.5	73.5	79	84.4	1	84.5	1	0	620	-0.6	-0.76	78.4	6	48161	0	245	78.3	108	78.4	247	78.2	78.9	78	7428	458	87404052	
GDT	30.3	26.4	28.35	28.55	21	28.6	50	28.7	5	0.65	2.29	29	5	1530	28.9	5	29	65	29.1	211	28.8	29.1	28.35	1	0	488246	
GEG	22.4	19.5	20.95	22	1	22.4	2	0	3165	-0.25	-1.19	20.7	1000	49295	0	2218	20.75	200	20.8	160	20.95	20.95	20.65	1481	0	2454002	
GEX	19.2	16.7	17.95	17.9	1000	17.95	500	0	2222	-0.4	-2.23	17.55	277	123322	0	1558	17.2	15	17.55	150	18.2	18.2	17.55	0	10649	16566300	
GIL	20.95	18.25	19.6	20.6	400	20.7	500	0	5	0.75	3.83	20.35	1	49299	0	2	20.35	521	20.4	1234	20	20.5	19.6	2199	0	1050345	
GMC	21.9	19.1	20.5	21.85	624	21.9	567	0	145	1.4	6.83	21.9	300	20973	0	0	0	0	0	0	21.9	21.9	21.5	0	0	1035702	
GMD	22.55	19.65	21.1	20.95	1	21	200	0	3093	-0.35	-1.66	20.75	2	28965	0	4431	20.8	1230	20.85	2183	21	21.3	20.7	532	0	0	
GSP	10.85	9.44	10.15	10.65	370	10.7	100	0	50	0.55	5.42	10.7	1	6124	0	20	10.7	88	10.85	1282	10.2	10.85	10.2	2	4830	1313731	
GTA	11.5	10	10.75	10.3	230	10.5	110	10.55	2	0.5	4.65	11.25	1	230	11.2	23	11.25	240	11.5	110	10.75	11.25	10.7	0	0	506425	
GTN	20.2	17.6	18.9	18.75	260	18.8	1	0	266	-0.2	-1.06	18.7	1004	135821	0	1012	18.5	1000	18.6	50	18.9	19.05	18.5	943	806	24907462	
GVR	13.9	12.1	13	13.8	40	13.9	10	0	1546	0.65	5	13.65	23	484897	0	3650	13.6	905	13.65	1876	13	13.9	13	9170	0	49545840	
HAG	6.15	5.35	5.75	5.75	4	5.79	1	0	7620	-0.1	-1.74	5.65	1045	1271507	0	19996	5.35	100	5.55	1000	5.73	5.82	5.5	1366	9140	38114926	
HAH	12.9	11.3	12.1	11.85	6	11.9	303	11.95	500	-0.2	-1.65	11.9	10	6258	0	201	11.85	50	11.9	290	12.2	12.2	11.9	500	1	1367702	
HAI	3.85	3.35	3.6	3.4	1	3.85	10	0	9615	-0.24	-6.67	3.36	1500	837149	0	153448	3.35	37926	3.36	1995	3.57	3.63	3.35	9895	4732	8565788	
HAP	3.55	3.09	3.32	3.37	40	3.41	5	0	1037	0.13	3.92	3.45	20	12524	3.44	810	3.45	1029	3.5	3473	3.32	3.45	3.3	0	970	2333244	
HAR	3.69	3.21	3.45	3.39	1011	3.4	1000	3.41	67	-0.06	-1.74	3.39	1	68700	0	700	3.4	30	3.45	693	3.5	3.5	3.37	150	100	4939479	
HAS	7.11	6.19	6.65	6.5	500	6.61	1	6.65	10	0.05	0.75	6.7	1	2	6.7	1	7.1	30	0	0	6.7	6.7	6.7	0	0	235559	
HAX	13.5	11.8	12.65	12.45	40	12.5	50	0	22	-0.25	-1.98	12.4	105	15184	0	438	12.45	190	12.5	1389	13	13	12.35	18	0	1535443	
HBC	10.9	9.49	10.2	10.85	10523	10.9	58404	0	117700	0.7	6.86	10.9	2000	995017	0	101	9.49	1	9.5	1	10.3	10.9	10.1	60169	2568	6689416	
HCD	3.69	3.21	3.45	3.68	7256	3.69	18893	0	27774	0.24	6.96	3.69	30	378962	3.69	1	0	0	0	0	3.45	3.69	3.3	0	100	1319761	
HCM	22.2	19.3	20.75	20.7	1211	20.8	100	0	723	-0.05	-0.24	20.7	20	248694	0	4596	19.3	3	19.4	3	20.9	20.95	20.5	53631	7075	14247196	
HDB	29.3	25.5	27.4	29	10	29.3	10	0	7148	0.65	2.37	28.05	2	100139	0	1233	27.9	200	28	1229	27.4	28.1	27.25	5216	22524	8681439	
HDC	17.95	15.65	16.8	16.65	2611	16.7	2000	16.8	25	-0.15	-0.89	16.65	30	68735	0	4960	16.65	500	16.7	448	17	17	16.65	603	1771	2539138	
HDG	30.85	26.85	28.85	30.8	100	30.85	212	0	1972	1.6	5.55	30.45	120	103776	0	943	30.5	369	30.55	367	29	30.85	28.8	1236	5156	3959636	
HHS	5.26	4.58	4.92	5.15	1	5.26	1	0	5258	0.09	1.83	5.01	17	596475	0	9195	4.9	1	5	1722	5.15	5.16	4.85	21472	5200	12578991	
HID	2.99	2.61	2.8	2.82	286	2.99	1	0	4421	0.05	1.79	2.85	1100	75807	0	4500	2.84	250	2.85	4202	2.89	2.9	2.8	500	0	2824738	
HII	14.85	12.95	13.9	13.65	306	13.7	20	13.75	150	-0.15	-1.08	13.75	100	10525	0	144	13.75	749	13.8	878	13.9	13.9	13.65	0	585	1351366	
HMC	14.8	12.9	13.85	13.85	46	13.9	43	13.95	10	0.55	3.97	14.4	300	4163	0	1	14.4	230	14.5	94	14.3	14.5	13.7	0	0	1003076	
HNG	16.85	14.65	15.75	16.25	1	16.85	2	0	1463	0.45	2.86	16.2	199	113942	0	500	15.95	30	16.15	100	15.95	16.8	15.55	0	1482	53993057	
HOT	46.2	40.2	43.2	0	0	0	0	0	0	0	0	43.2	1	1	43.2	11	45.45	10	46.1	35	43.2	43.2	43.2	0	0	391818	
HPG	29.6	25.8	27.7	29.55	1	29.6	1320	0	13483	-0.6	-2.17	27.1	100	1869345	0	34437	25.8	26040	26.8	1500	27.95	28	26.95	17771	860786	35381391	
HPX	28.95	25.25	27.1	26.6	223	26.7	342	26.8	50	-0.1	-0.37	27	1	47975	0	193	26.8	50	27	199	27.1	27.15	26.8	0	12	8085743	
HQC	1.74	1.52	1.63	1.73	7710	1.74	1791767	0	1195724	0.11	6.75	1.74	15000	177443	1.74	600	0	0	0	0	1.74	1.74	1.74	0	500	21633560	
HRC	42.8	37.2	40	0	0	0	0	38	200	0	0	0	0	0	0	26	41.9	1	42	10	0	0	0	0	0	1456948	
HSG	12.05	10.55	11.3	12	10	12.05	10	0	9487	0	0	11.3	2000	1313523	0	20262	10.55	2	11	1140	11.7	11.9	11.2	14514	42339	15604026	
HSL	6	5.22	5.61	5.83	120	5.84	220	0	50	0.23	4.1	5.84	300	13154	5.85	50	5.89	38	5.9	526	5.98	5.99	5.62	0	0	1362097	
HT1	15.8	13.8	14.8	14.7	640	14.75	381	0	600	0	0	14.8	20	31627	0	333	14.8	2885	14.85	640	14.8	14.8	14.6	2091	0	16233696	
HTI	13.5	11.8	12.65	12.3	110	12.4	104	12.6	3	-0.05	-0.4	12.6	30	1577	12.6	108	12.65	190	13.3	50	12.5	12.6	12.1	0	0	791358	
HTL	13.6	11.9	12.75	12.2	30	12.4	20	12.5	107	0.2	1.57	12.95	35	35	12.8	20	12.9	10	12.95	285	12.85	12.95	12.85	0	25	31550	
HTN	20.35	17.75	19.05	19.1	50	19.15	30	19.3	1	0	0	19.05	8	3014	0	50	19.1	100	19.2	87	19	19.5	18.8	0	0	1428497	
HTT	0.73	0.65	0.69	0	0	0	0	0	0	0	0	0	0	0	0	0	0	0	0	0	0	0	0	0	0	956200	
HTV	14.1	12.3	13.2	12.4	13	12.45	10	13	1	0	0	0	0	0	13	407	13.1	10	13.2	341	0	0	0	0	0	455764	
HU1	6.4	5.58	5.99	5.58	100	5.6	254	5.7	170	-0.29	-4.84	5.7	1	1	5.99	5	6.09	6	6.39	20	5.7	5.7	5.7	0	0	453177	
HU3	7.92	6.9	7.41	7.4	42	7.41	10	7.45	29	0.09	1.21	7.5	37	101	7.5	113	7.9	100	7.92	1	7.3	7.5	7.3	0	0	433933	
HUB	18.4	16	17.2	17.55	78	17.6	200	17.65	31	1	5.81	18.2	610	4463	18.1	200	18.2	92	18.3	2	17.3	18.4	17	0	0	747054	
HVG	5.77	5.03	5.4	0	0	0	0	0	0	0	0	0	0	0	0	0	0	0	0	0	0	0	0	0	0	9040458	
HVH	10.5	9.16	9.84	10.45	1608	10.5	654	0	1442	0.66	6.71	10.5	29	103840	10.4	10	10.5	1716	0	0	10.3	10.5	10	0	668	961494	
HVN	30.75	26.75	28.75	30.2	104	30.25	5	0	5704	1.4	4.87	30.15	690	308233	0	2113	30	3	30.1	53	29	30.45	28.9	11989	2710	29295130	
HVX	3.74	3.26	3.5	3.41	990	3.49	135	3.5	38	0	0	3.5	4	1095	3.7	12	3.74	307	0	0	3.5	3.5	3.4	0	0	1924059	
IBC	23.95	20.85	22.4	23.8	1	23.9	1	23.95	1	-0.1	-0.45	22.3	7	20135	0	100	22.4	41	22.45	182	22.4	22.4	22.3	127	0	2104390	
ICT	19.05	16.65	17.85	17.8	538	17.85	1110	18.5	101	0.65	3.64	18.5	20	7715	0	100	18.4	502	18.5	1031	17.85	18.5	17.6	511	0	3213191	
IDI	5.29	4.61	4.95	5.25	2	5.28	2	0	878	-0.04	-0.81	4.91	30	362152	0	920	4.85	1	4.89	5	5.14	5.14	4.88	330	14158	10959506	
IJC	13.9	12.1	13	13.8	1	13.9	1	0	290	-0.1	-0.77	12.9	1	60623	0	100	12.1	1	12.2	1	13	13	12.7	1	602	6518889	
ILB	17.85	15.55	16.7	16.7	178	16.8	4	16.9	40	0.2	1.2	16.9	190	1108	16.85	50	16.9	126	16.95	400	17.85	17.85	16.7	0	0	0	
IMP	62.9	54.7	58.8	58.5	884	58.6	10	0	3	-0.3	-0.51	58.5	23	6194	0	403	58.5	709	58.7	180	58.8	59.5	57.7	10	0	0	
ITA	5.3	4.62	4.96	5.29	6908	5.3	1168338	0	962230	0.34	6.85	5.3	1000	709657	0	40	5.3	2859	0	0	5.3	5.3	5.3	0	3615	39491160	
ITC	13.8	12	12.9	0	0	12.2	273	12.3	60	-0.05	-0.39	12.85	700	702	12.85	11	12.9	85	12.95	50	12.2	12.85	12.2	0	1	3518730	
ITD	9.63	8.37	9	8.89	11	8.9	11	8.91	4	0.3	3.33	9.3	20	8411	9.3	939	9.35	24	9.4	55	9	9.3	8.87	0	5580	684748	
JVC	3.35	2.93	3.14	3.34	1	3.35	53835	0	112836	0.21	6.69	3.35	1050	306587	3.35	1137	0	0	0	0	3.15	3.35	3.02	10	5970	867637	
KBC	15.5	13.5	14.5	15.45	200	15.5	1000	0	2441	0.3	2.07	14.8	30	494070	0	1066	14.8	2400	14.85	11606	14.5	15.2	14.35	13208	500	12842653	
KDC	35.95	31.25	33.6	35	10	35.1	100	0	1109	0.05	0.15	33.65	43	123735	0	1318	33.6	1800	33.65	1067	33.8	34.3	33.3	130735	15834	20650108	
KDH	25.55	22.25	23.9	23.6	100	23.7	100	0	4349	-0.4	-1.67	23.5	2000	89161	0	3531	23.6	167	23.7	2601	23.9	24.1	23.5	18341	12502	2787622	
KHP	8.82	7.68	8.25	8.15	301	8.16	347	8.3	1	0.05	0.61	8.3	1	199	8.3	68	8.43	2	8.44	2	8.12	8.3	8.11	0	0	1173205	
KMR	2.56	2.24	2.4	2.35	10	2.36	2	2.56	1000	-0.03	-1.25	2.37	67	18867	0	500	2.24	320	2.25	200	2.4	2.4	2.31	400	400	2119287	
KOS	33.9	29.5	31.7	33.8	1	33.9	1	0	6	-0.3	-0.95	31.4	20	42193	0	386	29.5	4	31	14	32	32	31.2	0	0	5036898	
KPF	16.95	14.75	15.85	0	0	14.75	31	15	10	0	0	0	0	0	15	1	16.9	134	16.95	18	0	0	0	0	0	882579	
KSB	29.55	25.75	27.65	28.7	654	28.75	90	0	3762	1.05	3.8	28.7	50	146082	0	3192	25.8	5	26	5	27.5	29.2	27.1	14496	1370	2021376	
L10	14.45	12.65	13.55	0	0	13.5	15	13.55	330	0	0	0	0	0	0	0	0	0	0	0	0	0	0	0	0	475275	
LAF	9.09	7.91	8.5	7.93	1020	7.95	6	8.49	100	-0.01	-0.12	8.49	1	1160	8.49	4	8.5	1	8.69	30	7.92	8.49	7.92	0	0	687617	
LBM	30.45	26.55	28.5	27.55	10	27.6	108	0	5	-0.9	-3.16	27.6	2	2	28.2	6	28.3	182	28.4	76	27.6	27.6	27.6	0	0	433770	
LCG	8.64	7.52	8.08	8.6	1	8.64	6	0	190	-0.15	-1.86	7.93	300	79179	0	5530	7.92	600	7.95	1961	8.1	8.1	7.89	383	0	1901062	
LCM	0.7	0.62	0.66	0.66	952	0.67	111	0.7	1147	0.04	6.06	0.7	2	3991	0	3	0.68	400	0.69	1000	0.66	0.7	0.66	0	0	995529	
LDG	6.9	6	6.45	6.88	1	6.9	3054	0	5969	0.4	6.2	6.85	500	752176	0	2996	6.83	1	6.84	920	6.78	6.88	6.52	24028	5959	11405803	
LEC	16.75	14.65	15.7	15	30	15.1	33	15.15	16	-0.55	-3.5	15.15	34	140	16.5	55	16.75	182	0	0	16.75	16.75	15.1	0	0	1278863	
LGC	43.3	37.7	40.5	0	0	0	0	37.7	5	0	0	40.5	600	608	40	400	40.5	162	43	70	40	40.5	39	0	358	768586	
LGL	5.48	4.78	5.13	5.47	10	5.48	10960	0	1942	0.35	6.82	5.48	1	19170	0	1	0	0	0	0	5.48	5.48	5.45	0	500	2334954	
LHG	19.9	17.3	18.6	18.7	1	18.8	1	0	1	0	0	18.6	104	38661	18.6	515	18.65	2650	18.7	10922	18.45	18.7	18.45	0	0	2079116	
LIX	58.6	51	54.8	53.9	232	54	15	0	116	-0.5	-0.91	54.3	1	13448	0	106	54	5	54.3	19	54.8	55.2	54	7161	0	1231330	
LM8	17	14.8	15.9	15.3	10	15.4	67	15.45	1	-0.1	-0.63	15.8	38	216	15.7	176	15.9	59	16	30	16	16	15.3	0	0	443472	
LMH	0.77	0.67	0.72	0.76	1017	0.77	16576	0	4961	0.05	6.94	0.77	500	117262	0	1001	0.7	4999	0	0	0.72	0.77	0.72	7	0	2545916	
LSS	5.59	4.87	5.23	5.56	1	5.57	1	0	200	0.27	5.16	5.5	100	31282	0	449	5.56	550	5.57	1000	5.49	5.59	5.3	0	0	3317151	
MBB	19.35	16.85	18.1	19.2	1	19.35	2	0	23075	0	0	18.1	55	595386	0	8736	18	500	18.05	1200	18.15	18.2	18.05	72000	72000	0	
MCG	1.79	1.57	1.68	1.75	300	1.79	1902	0	3663	0.11	6.55	1.79	30	5931	0	0	0	0	0	0	1.72	1.79	1.63	0	0	2546184	
MCP	13.45	11.75	12.6	0	0	11.8	5	12.2	50	0	0	0	0	0	12.5	1	13.1	17	0	0	0	0	0	0	0	735596	
MDG	11.75	10.25	11	0	0	11	495	11.1	95	0.1	0.91	11.1	5	10	0	2	11.5	259	11.7	15	11	11.1	11	0	0	533562	
MHC	3.54	3.08	3.31	3.53	20746	3.54	21162	0	12790	0.23	6.95	3.54	1	27843	3.54	10	0	0	0	0	3.33	3.54	3.33	0	0	1947194	
MSH	40.1	34.9	37.5	38.8	439	38.9	200	0	240	1.3	3.47	38.8	100	44455	0	1	38.85	52	38.9	366	37.6	39	37.6	536	600	2249127	
MSN	67.8	59	63.4	63.1	30	63.5	292	0	3955	-0.4	-0.63	63	200	161425	0	5845	59	8	59.1	10	63.5	64.2	62.7	841	55085	11437688	
MWG	96.4	83.8	90.1	88.9	718	89	40	0	1946	-1.4	-1.55	88.7	128	111518	0	4348	88.5	600	88.7	156	90.8	90.8	88.6	21999	21999	0	
NAF	27.4	23.9	25.65	26.5	172	27.4	100	0	10	0.85	3.31	26.5	210	14435	26.4	100	26.6	497	26.7	118	26	26.9	26	0	341	4117225	
NAV	19.45	16.95	18.2	0	0	0	0	0	0	0	0	0	0	0	19.45	1	0	0	0	0	0	0	0	0	0	381738	
NBB	20.45	17.85	19.15	19.25	1	19.3	1	19.5	350	0.15	0.78	19.3	240	3737	0	620	19.3	300	19.4	144	19.1	19.4	19.05	450	0	3100709	
NCT	66.2	57.6	61.9	61.5	275	61.6	182	61.7	1	-0.2	-0.32	61.7	50	1487	61.7	180	61.8	86	61.9	1472	62.2	62.2	61.5	0	573	1001357	
NHH	51.5	44.8	48.15	47.5	22	47.85	1	47.9	9	-0.15	-0.31	48	10	20028	48	570	48.1	5	48.15	173	48.15	48.15	47.8	0	10	1675621	
NKG	8.89	7.73	8.31	8.44	50	8.5	200	0	12829	0.09	1.08	8.4	3000	371254	0	3850	8.3	50	8.38	500	8.4	8.5	8.19	15159	0	14419101	
NLG	25.9	22.6	24.25	25	120	25.9	1000	0	4048	0.05	0.21	24.3	400	166349	0	2098	24	1000	24.2	700	24.3	24.65	23.85	17567	5239	369224	
NNC	50.2	43.75	47	47	200	47.5	20	48	10	0.2	0.43	47.2	20	891	0	20	48	10	48.1	10	47.1	48	47.1	0	0	685569	
NSC	67.3	58.5	62.9	62.5	2	62.7	20	63	200	-0.2	-0.32	62.7	30	422	63	220	63.5	112	64	10	63	63	62.7	0	0	681160	
NT2	23.05	20.05	21.55	21.65	4252	21.7	1931	0	2	0.2	0.93	21.75	5	34746	0	234	21.7	300	21.75	1983	21.6	21.9	21.45	416	61	8952265	
NTL	19.55	17.05	18.3	18.7	146	19.55	1	0	2482	0.2	1.09	18.5	3945	186582	0	587	18.5	1055	18.55	630	18.4	18.6	18	2293	0	2832959	
NVL	58.5	50.9	54.7	55.5	80	56	58	0	2937	-0.2	-0.37	54.5	3	138969	0	5576	50.9	1	51.2	1	54.8	55.5	53.5	140	12331	31412655	
NVT	5.67	4.93	5.3	5.12	5	5.2	6	5.25	68	-0.1	-1.89	5.2	44	124	5.25	68	5.29	1000	5.3	572	5.3	5.3	5.2	44	0	7325490	
OGC	4.08	3.56	3.82	4	100	4.08	100	0	8867	-0.17	-4.45	3.65	68	341807	0	10934	3.65	712	3.67	802	3.84	3.84	3.6	0	1639	14608940	
OPC	61.8	53.8	57.8	55	32	56	10	57	120	0.2	0.35	58	10	110	58	91	59	1	59.9	210	58	58	58	0	0	1166837	
PAC	25	21.8	23.4	23.6	763	23.7	23	0	4	0.2	0.85	23.6	100	7459	0	95	23.7	379	23.8	3	24	24	23.4	0	1915	1310095	
PAN	23.4	20.4	21.9	21.65	90	21.7	10	0	50	-0.3	-1.37	21.6	200	2963	0	508	21.8	610	21.9	30	21.55	22	21.55	1	48	1042076	
PC1	19.25	16.75	18	19	1	19.25	2	0	269	-0.3	-1.67	17.7	34	44874	0	51	17.7	89	17.8	1010	18	18.1	17.7	200	239	4786542	
PDN	72.5	63.1	67.8	0	0	63.1	1	63.5	105	0	0	0	0	0	67.9	65	68	14	68.2	60	0	0	0	0	0	902366	
PDR	28.15	24.55	26.35	25.95	140	26	200	0	794	-0.35	-1.33	26	10	57538	0	933	26	662	26.1	1023	26.2	26.4	25.9	752	5068	17040401	
PET	9.16	7.98	8.57	8.53	739	8.55	1392	8.56	332	-0.01	-0.12	8.56	347	44119	0	49	8.56	99	8.57	2648	8.6	8.63	8.53	200	5952	2810905	
PGC	16.45	14.35	17.4	15.55	1793	15.6	96	15.7	1	-1.7	-9.77	15.7	300	29341	0	565	15.6	1	15.7	1076	14.7	16	14.7	244	5500	2589881	
PGD	31.65	27.55	29.6	29.3	49	29.4	35	29.5	5	-0.2	-0.68	29.4	1	892	29.5	270	29.6	19	29.9	100	30	30	29.4	0	877	183039	
PGI	18.05	15.75	16.9	16.15	50	16.2	100	16.3	324	-0.6	-3.55	16.3	50	363	16.9	341	17	100	17.1	50	16.9	16.9	16.3	300	0	2515953	
PHC	11	9.58	10.3	10.4	516	10.45	350	0	1480	0.15	1.46	10.45	80	21840	0	1780	10.3	40	10.45	620	10.5	10.7	10.1	0	0	1258456	
PHR	58.5	50.9	54.7	57.5	20	58	20	0	3198	-1	-1.83	53.7	301	119066	0	8126	53.4	100	53.6	100	54.5	55.5	53.5	395	4182	5264086	
PIT	4.17	3.63	3.9	3.71	2	3.8	114	3.85	20	-0.05	-1.28	3.85	15	252	3.9	84	3.95	22	4	86	3.9	3.9	3.7	0	0	733742	
PJT	12.1	10.6	11.35	10.85	2	10.9	100	11	184	-0.35	-3.08	11	70	1118	11.1	30	11.2	100	11.25	290	11.35	11.35	10.9	196	0	712379	
PLP	9.52	8.28	8.9	9	1223	9.01	100	0	50	0.11	1.24	9.01	200	16669	9.2	200	9.23	50	9.24	433	9.1	9.25	8.8	0	0	977831	
PLX	51.3	44.65	48	47.6	475	47.7	1056	0	1291	-0.4	-0.83	47.6	20	67076	0	709	47.6	92	47.7	1709	48	48.1	47.4	11093	1622	8638367	
PME	66.9	58.3	62.6	63.1	100	63.2	50	63.5	559	0.9	1.44	63.5	20	6684	0	10	63.5	30	64	477	62.7	65	62.5	0	0	2843860	
PMG	13.05	11.35	12.2	12.05	457	12.1	380	12.15	98	-0.05	-0.41	12.15	458	1370	12.15	42	12.2	20	12.25	180	12.2	12.25	12.1	0	1338	2019254	
PNC	10.8	9.4	10.1	0	0	0	0	9.4	53	-0.1	-0.99	10	1	7	10.1	145	10.2	20	10.3	29	10.2	10.2	9.4	0	0	532156	
PNJ	70.7	61.5	66.1	65.5	875	65.6	201	0	752	-0.6	-0.91	65.5	100	74124	0	1457	64	170	65.3	110	66.6	66.7	64.8	0	0	0	
POM	7.09	6.17	6.63	6.64	127	6.7	14	0	167	0.07	1.06	6.7	80	10481	6.7	157	6.8	50	6.85	200	7	7	6.64	150	0	11501697	
POW	11.4	9.96	10.7	11.2	1005	11.4	1	0	14558	0.35	3.27	11.05	1	1128776	0	4608	10.95	7	11	7178	10.7	11.2	10.65	81266	56790	87328379	
PPC	27.55	23.95	25.75	25.6	542	25.65	125	25.7	100	-0.05	-0.19	25.7	42	24608	0	2189	23.95	1	25.7	913	25.75	26	25.55	9405	559	10640259	
PTB	54.2	47.2	50.7	54.1	1	54.2	1	0	394	3	5.92	53.7	20	50900	53.5	320	53.6	660	53.7	176	50.7	54.2	50.7	5289	10650	1469714	
PTC	9.84	8.56	9.2	8.57	100	8.6	100	8.7	1000	0.15	1.63	9.35	2	21	9.35	498	9.5	50	9.83	60	8.56	9.5	8.56	0	0	876766	
PTL	3.47	3.03	3.25	3.12	3070	3.15	2083	3.46	1	-0.1	-3.08	3.15	200	1999	3.16	400	3.17	500	3.2	145	3.15	3.15	3.08	0	260	4878891	
PVD	12.8	11.2	12	11.75	18968	11.8	6698	0	12680	-0.25	-2.08	11.75	1085	651169	0	37637	11.4	100	11.6	287	12	12	11.7	9389	1	15489591	
PVT	12.55	10.95	11.75	12	10	12.55	1	0	1270	-0.1	-0.85	11.65	2	163586	0	3345	11.4	1	11.55	1500	11.75	11.75	11.6	5307	8600	6664663	
PXI	2.76	2.4	2.58	2.43	21	2.45	9	2.6	100	0.02	0.78	2.6	3	2101	2.6	97	2.65	10	2.66	10	2.69	2.69	2.59	0	0	1457811	
PXS	4.91	4.27	4.59	4.43	239	4.45	3	4.5	500	-0.09	-1.96	4.5	100	11991	4.49	100	4.5	900	4.53	80	4.6	4.6	4.4	200	0	2290817	
PXT	1.7	1.48	1.59	1.6	406	1.7	30594	0	3	0.11	6.92	1.7	5000	18051	1.7	5	0	0	0	0	1.7	1.7	1.7	0	0	960326	
QBS	3.6	3.14	3.37	3.59	3735	3.6	50801	0	24989	0.23	6.82	3.6	4	74269	0	0	0	0	0	0	3.6	3.6	3.2	0	0	0	
QCG	9.52	8.28	8.9	9.51	1	9.52	1	0	1476	-0.49	-5.51	8.41	53	95514	0	7328	8.4	25	8.41	10	8.51	8.8	8.38	589	254	13315971	
RAL	85.6	74.4	80	78.3	5	78.4	5	78.5	10	-1	-1.25	79	15	695	79	10	79.5	57	79.6	200	80	80	78.4	58	0	544111	
RDP	9.56	8.32	8.94	8.45	17	8.49	2	8.7	210	0	0	8.94	60	394	8.94	522	9.35	38	9.39	450	8.94	9.4	8.94	0	0	1812091	
REE	34.4	29.9	32.15	32.15	3	32.2	2	0	5086	-0.2	-0.62	31.95	84	58577	0	4099	31.5	1	31.95	1232	32.5	32.5	31.9	140	0	0	
RIC	4.49	3.91	4.2	4.01	10	4.02	5	4.3	232	0.28	6.67	4.48	3	162	4.48	55	4.49	21	0	0	4.28	4.48	4.28	0	0	473285	
ROS	3.94	3.44	3.69	3.9	10	3.94	14	0	23904	0	0	3.69	10	5844879	0	72727	3.44	492	3.45	1	3.88	3.92	3.51	228234	51216	26281146	
S4A	29.1	25.3	27.2	26.1	30	27	89	27.2	200	0.3	1.1	27.5	600	700	27.5	500	28	110	0	0	27.2	27.5	27.2	0	0	2066289	
SAB	194.7	169.3	182	178.7	214	179	71	0	93	-3.3	-1.81	178.7	77	5436	0	451	180.3	10	180.4	46	182.7	182.7	178	1503	3573	23495750	
SAM	9.9	8.62	9.26	9.11	688	9.2	260	9.23	158	-0.01	-0.11	9.25	308	3850	0	1097	9.25	192	9.26	882	9.2	9.26	9.11	0	0	12184784	
SAV	10.1	8.79	9.45	9.64	200	9.65	60	9.7	5	0.45	4.76	9.9	100	1478	10	320	10.05	10	10.1	594	10	10	9.5	0	0	0	
SBA	15.45	13.45	14.45	14.15	100	14.2	1330	14.25	50	0.05	0.35	14.5	33	656	14.4	100	14.5	699	14.75	29	14.2	14.5	14.2	0	0	2961980	
SBT	17.2	15	16.1	16.15	300	16.2	500	0	4226	0.05	0.31	16.15	50	220006	0	8903	15.9	10	16	500	16.7	16.7	16.1	1250	12851	55155190	
SBV	11.05	9.63	10.35	9.9	30	10	101	10.05	52	-0.35	-3.38	10	500	4143	10.4	150	10.45	205	10.5	302	10.8	10.8	10	0	0	850673	
SC5	21.4	18.6	20	18.9	20	19	633	19.05	8	0	0	0	0	0	19.5	50	20	382	20.4	100	0	0	0	0	0	667542	
SCD	23.5	20.5	22	21.7	1	22	305	22.5	1	0	0	22	10	695	22.5	109	22.6	50	22.8	100	22	22	22	0	0	350166	
SCR	6.06	5.28	5.67	6.05	2100	6.06	949	0	67853	0.37	6.53	6.04	2050	603209	0	140	6	500	6.04	4030	6.05	6.06	5.8	0	3462	17416389	
SCS	140.1	121.9	131	128.9	1	129	72	0	10	-2	-1.53	129	14	1913	129	120	129.1	20	129.2	5	131	132	128	69	20	1383442	
SFC	22.45	19.55	21	19.8	30	20	250	21	5	0	0	0	0	0	21.8	8	22.2	5	0	0	0	0	0	0	0	544500	
SFG	6.42	5.58	6	6	550	6.01	318	0	1	0.01	0.17	6.01	2	3263	6.1	371	6.2	712	6.25	1081	6.1	6.25	6	540	0	2255544	
SFI	20.5	17.9	19.2	18.25	5	18.3	50	0	10	0.3	1.56	19.5	5	11	0	10	18.2	50	18.5	4	19.9	19.9	19.4	1	0	585412	
SGN	75.9	66.1	71	74.5	141	75	845	0	210	4	5.63	75	1	4495	75	953	75.2	133	75.3	20	71.5	75	71.5	10	920	928191	
SGR	16.9	14.7	15.8	0	0	15.1	1	15.4	2	0.7	4.43	16.5	1	1	16.3	52	16.4	10	16.5	29	16.5	16.5	16.5	0	0	2231257	
SGT	5.54	4.82	5.18	5.27	100	5.54	2605	0	505	0.36	6.95	5.54	1	924	0	0	0	0	0	0	5.54	5.54	5.25	0	35	2599939	
SHA	4.49	3.91	4.2	4	530	4.1	420	4.2	14700	0.15	3.57	4.35	115	2737	4.34	100	4.35	536	4.39	10	4.2	4.35	4.2	0	0	1456250	
SHI	9.61	8.37	8.99	8.8	60	8.85	259	8.86	10	0	0	8.99	2	55549	8.98	1000	8.99	1230	9	2142	9	9	8.85	622	0	4195025	
SHP	26.4	23	24.7	24.3	205	24.4	1090	24.5	98	-0.2	-0.81	24.5	2	114	24.6	99	24.7	901	25	77	24.4	24.5	24.4	0	0	4123802	
SII	18.15	15.85	17	0	0	15.85	2	16	3	0.7	4.12	17.7	1	1	16.9	61	17	3	17.5	30	17.7	17.7	17.7	0	0	2752	
SJD	18.6	16.2	17.4	17.2	798	17.25	433	17.3	66	0	0	17.4	100	4040	17.35	150	17.4	1515	17.45	619	17.35	17.45	17.25	0	0	1569325	
SJF	2.68	2.34	2.51	2.67	945	2.68	417000	0	200044	0.17	6.77	2.68	1	28524	0	0	0	0	0	0	2.68	2.68	2.68	0	0	3865613	
SJS	26.6	23.2	24.9	26.5	50	26.6	3	0	200	-0.6	-2.41	24.3	50	11969	0	423	24.5	80	24.7	350	24.7	25.1	24.2	107	502	5377507	
SKG	11.55	10.05	10.8	10.65	412	10.7	320	0	600	-0.15	-1.39	10.65	43	16416	0	1679	10.6	600	10.75	731	10.8	11	10.6	5	0	240039	
SMA	13.55	11.85	12.7	12	202	12.5	622	12.55	102	0.6	4.72	13.3	33	94	11.85	10	13.3	289	13.5	37	12.7	13.3	12.7	0	0	929155	
SMB	33.55	29.25	31.4	31.5	845	31.8	100	31.9	100	0.5	1.59	31.9	50	2372	31.9	274	32	626	32.3	1	31.4	31.9	31.4	1356	1883	1072411	
SMC	11.35	9.91	10.65	10.65	10	10.9	110	0	105	0.3	2.82	10.95	6	5063	10.85	100	10.9	500	10.95	1394	10.9	11	10.65	0	0	969907	
SPM	11.3	9.86	10.6	9.99	1	10	1	10.1	9	0.65	6.13	11.25	1	604	11.25	2036	0	0	0	0	9.95	11.25	9.95	0	0	643025	
SRC	18.05	15.75	16.9	16.4	212	16.45	5	16.5	855	-0.4	-2.37	16.5	25	1983	0	241	16.7	1587	16.9	597	16.9	16.9	16.5	0	0	1372379	
SRF	14.45	12.65	13.55	12.85	10	12.9	30	12.95	17	0	0	13.55	1	46	13.55	100	13.6	127	13.95	5	13.4	13.6	13.3	0	1	70821	
SSC	56.1	48.85	52.5	0	0	49.5	4	56	1	0	0	0	0	0	54.5	5	56	31	0	0	0	0	0	0	0	718872	
SSI	17.15	14.95	16.05	16	20	16.45	1	0	8988	-0.2	-1.25	15.85	100	643579	0	16097	15.7	1000	15.8	1550	16.3	16.3	15.8	12984	54638	29982289	
ST8	13.05	11.35	12.2	11.5	28	11.6	194	11.7	2	-0.6	-4.92	11.6	6	61	12.2	300	12.3	20	13	100	11.4	11.6	11.4	0	0	0	
STB	11.4	9.96	10.7	11.35	1	11.4	1	0	25230	0.05	0.47	10.75	20	1417031	0	35962	9.96	1900	10.6	7500	10.75	10.9	10.65	32638	3811	27382270	
STG	16.45	14.35	15.4	14.35	1	14.4	11	14.45	4	0.05	0.32	15.45	1	82	15.45	5	15.5	432	15.7	65	15.5	15.5	15.4	0	0	4806153	
STK	19.15	16.65	17.9	17.95	728	18	468	0	106	0.1	0.56	18	10	33584	0	819	17.5	2	18	54	18	18.2	17.9	2804	15312	3056297	
SVC	74.9	65.1	70	65.4	10	66	6	67	5	-0.2	-0.29	69.8	1	1	67	30	69.8	2	70	1	69.8	69.8	69.8	1	0	1147243	
SVI	80	69.6	74.8	69.7	117	69.8	50	70.2	86	-5.2	-6.95	69.6	72	72	77	20	79.9	10	80	214	71.1	71.1	69.6	0	0	623484	
SVT	18.65	16.25	17.45	17.45	102	18.65	1765	0	100	1.2	6.88	18.65	301	301	0	0	0	0	0	0	18.65	18.65	18.65	0	0	515365	
SZC	23.15	20.15	21.65	21.95	1200	22	320	0	972	0.25	1.15	21.9	872	182208	0	266	20.15	1	20.2	1	21.55	22.4	21.35	2520	15	4861415	
SZL	43.9	38.2	41.05	41.4	10	41.5	3	0	86	0.45	1.1	41.5	7	8263	0	18	41.35	40	41.5	21	41.9	41.9	41.1	898	0	811397	
TAC	37.2	32.4	34.8	34.1	100	35	7	0	73	-0.8	-2.3	34	112	8118	0	34	34.1	51	34.2	300	34.2	34.8	33.7	150	6	1617257	
TBC	25.25	21.95	23.6	22.05	5	23.2	30	23.6	2	0.4	1.69	24	33	80	24	15	24.2	20	24.5	39	23.6	24	23.6	0	0	3079105	
TCB	23.2	20.2	21.7	21.5	23908	21.6	123	0	12149	-0.15	-0.69	21.55	1	170262	0	3318	21.5	1200	21.55	509	21.7	21.8	21.5	0	0	0	
TCD	9.89	8.61	9.25	8.7	40	8.8	70	8.9	158	-0.15	-1.62	9.1	100	490	9.1	222	9.25	447	9.3	361	9.25	9.25	9.1	0	0	1444541	
TCH	24.7	21.5	23.1	24.5	17	24.7	20	0	1262	-0.45	-1.95	22.65	5	187308	0	7293	22.4	200	22.45	4500	23	23.1	22.3	1683	0	16149940	
TCL	27.6	24	25.8	25.8	697	25.85	47	0	50	0.05	0.19	25.85	5	13377	25.85	50	25.95	269	26	2802	25.85	26	25.8	0	1148	1059539	
TCM	21.7	18.9	20.3	21.6	1	21.7	1	0	4102	-0.35	-1.72	19.95	50	83920	0	2145	19.7	300	19.8	500	20.7	20.7	19.95	1130	2322	0	
TCO	10.15	8.84	9.5	8.84	1	9	2	9.5	1	0	0	0	0	0	9.7	4	9.8	6	10.15	10	0	0	0	0	0	873491	
TCR	3.04	2.66	2.85	2.66	20	2.75	1000	2.99	18	0.14	4.91	2.99	1000	1497	2.99	25	3	1	3.04	399	2.85	3.04	2.8	0	0	0	
TCT	35.25	30.65	32.95	31.9	52	32	404	32.1	4	-0.95	-2.88	32	200	3670	0	30	30.65	30	31	30	32.6	33	32	0	1168	374578	
TDC	8.95	7.79	8.37	8.3	1044	8.31	148	8.35	300	-0.05	-0.6	8.32	500	15654	8.32	265	8.33	81	8.34	50	8.37	8.37	8.25	1200	3131	4677295	
TDG	1.92	1.68	1.8	1.77	5861	1.78	300	0	110	-0.02	-1.11	1.78	77	41354	1.77	3500	1.78	331	1.79	17070	1.77	1.85	1.77	0	0	781711	
TDH	10.4	9.05	9.73	9.65	350	9.9	880	0	70	-0.13	-1.34	9.6	114	182403	0	8256	9.06	1000	9.5	7800	9.67	9.9	9.51	4273	1508	1830573	
TDM	25.25	21.95	23.6	23.25	1000	23.3	425	0	1	-0.3	-1.27	23.3	23	14303	0	2550	23	100	23.3	649	23.6	23.7	23.2	0	270	3676839	
TDW	27.8	24.2	26	0	0	25	7	26	43	0.1	0.38	26.1	20	41	26.5	21	27	196	27.5	10	26	27	26	11	0	394356	
TEG	5.99	5.21	5.6	5.68	20	5.99	5	0	6	0.09	1.61	5.69	20	4733	0	5	5.67	100	5.68	660	5.7	5.7	5.51	0	0	1574487	
TGG	1.14	1	1.07	1.13	159	1.14	18294	0	5162	0.07	6.54	1.14	250	78077	1.14	80	0	0	0	0	1.07	1.14	1.07	10000	100	1271254	
THG	58.5	50.9	54.7	55.8	500	56	2	0	2	1.2	2.19	55.9	1	1165	55.8	500	55.9	88	56	100	55	55.9	54.7	20	0	640174	
THI	28.3	24.6	26.45	26.3	40	27.5	260	27.6	301	1.15	4.35	27.6	9	9	28.25	1	0	0	0	0	27.6	27.6	27.6	0	0	2388065	
TIP	23.75	20.65	22.2	21.85	1170	21.9	626	0	37	-0.2	-0.9	22	1	23570	0	2	22	9	22.1	95	22.2	22.7	21.75	0	30	1006492	
TIX	33.55	29.25	31.4	0	0	0	0	29.25	1	0	0	0	0	0	0	3	31.4	5	32	10	0	0	0	0	0	1467467	
TLD	6.96	6.06	6.51	6.3	110	6.35	200	6.4	122	-0.11	-1.69	6.4	299	8586	0	120	6.4	300	6.5	1660	6.3	6.51	6.3	0	0	891197	
TLG	35.95	31.25	33.6	33.8	1502	33.9	660	0	191	0.2	0.6	33.8	87	37337	0	517	33.7	450	33.8	1463	33.7	34	33.6	11672	1426	5920645	
TLH	4.28	3.72	4	3.87	200	3.88	692	3.9	450	-0.11	-2.75	3.89	100	28777	0	300	3.9	213	3.93	1319	4	4.04	3.89	30	0	4905632	
TMP	37.65	32.75	35.2	35.25	7	35.3	80	35.35	35	0.05	0.14	35.25	3	53	35.9	16	36	90	36.5	1	35.25	35.25	35.25	0	0	3406332	
TMS	28.55	24.85	26.7	26.15	22	26.2	37	26.25	99	-0.45	-1.69	26.25	1	115	0	2	26.75	100	26.8	400	27	27	26	0	0	0	
TMT	6.42	5.58	6	5.6	25	5.61	100	5.62	1	0.1	1.67	6.1	1	411	6.1	207	6.25	19	6.27	1	5.6	6.1	5.6	0	0	1734905	
TN1	70.6	61.4	66	65.6	115	65.9	28	66	36	0	0	66	36	132	66.2	55	66.4	17	66.5	69	66	66	65.7	0	0	649230	
TNA	20.35	17.75	19.05	20.2	180	20.3	120	0	100	0.85	4.46	19.9	90	71372	0	2783	19.5	100	19.6	100	19.1	20	18.8	5695	0	1481092	
TNC	22.25	19.35	20.8	20	205	20.5	500	20.8	50	0	0	20.8	50	304	20.8	50	21	100	21.5	50	20.8	20.8	20.8	0	0	898642	
TNI	8.49	7.39	7.94	8.48	15913	8.49	54599	0	66453	0.55	6.93	8.49	200	1376468	8.49	2	0	0	0	0	7.39	8.49	7.39	1562	7710	2522716	
TNT	1.86	1.62	1.74	1.74	24	1.75	180	1.76	201	0.01	0.57	1.75	2330	14740	1.74	100	1.75	100	1.76	330	1.74	1.75	1.64	1368	0	1240573	
TPB	23.3	20.3	21.8	21.55	839	21.6	1689	0	2833	-0.15	-0.69	21.65	1	4279	0	5	21.6	295	21.65	7	21.8	21.8	21.5	0	0	0	
TPC	8.95	7.79	8.37	8.14	10	8.15	1	8.29	1	0	0	8.37	1	10	8.29	1	8.3	50	8.44	1	8.37	8.37	8.37	0	0	1156357	
TRA	62.5	54.5	58.5	57.7	20	58	71	58.1	48	-0.4	-0.68	58.1	8	286	58.4	121	58.5	6	58.8	60	58.5	58.5	58.1	127	0	207919	
TRC	32.1	27.9	30	29.55	205	29.6	100	30	260	0	0	30	200	1203	0	24	30.5	200	30.7	100	30	30	30	0	0	1220867	
TS4	3.65	3.19	3.42	3.63	280	3.65	3766	0	800	0.23	6.73	3.65	2000	11330	0	0	0	0	0	0	3.45	3.65	3.45	0	0	761754	
TSC	2.91	2.53	2.72	2.72	120	2.91	50	0	640	-0.13	-4.78	2.59	100	140074	0	8206	2.57	257	2.58	2651	2.75	2.75	2.58	400	0	7176319	
TTB	5.78	5.04	5.41	5.77	2294	5.78	1761	0	2920	0.37	6.84	5.78	324	201605	5.77	215	5.78	151	0	0	5.68	5.78	5.61	6112	50	2271938	
TTE	14.8	12.9	13.85	0	0	0	0	0	0	0	0	0	0	0	13.85	2	13.9	5	0	0	0	0	0	0	0	1452958	
TTF	3.55	3.09	3.32	3.39	1000	3.41	17000	0	1827	0.06	1.81	3.38	4236	383675	0	3000	3.33	1940	3.36	100	3.42	3.45	3.1	12721	0	15149664	
TV2	85.8	74.6	80.2	79.2	1	79.3	71	0	1	-1	-1.25	79.2	1	7051	0	113	79.5	111	80	451	80.2	80.8	79	200	741	16417	
TVB	10.65	9.3	9.99	10.55	1	10.6	1	10.65	1	-0.14	-1.4	9.85	20	94406	0	1655	9.78	80	9.8	12	10	10	9.75	200	0	2348096	
TVS	11.65	10.15	10.9	10.6	250	10.65	200	10.8	140	-0.2	-1.83	10.7	50	5230	0	23	10.7	1	10.8	452	10.9	10.9	10.7	95	0	2174958	
TVT	21.9	19.1	20.5	20.15	2	20.2	2	20.4	65	0	0	20.5	23	171	20.5	147	20.55	4	20.7	54	19.8	20.7	19.8	0	0	1026441	
TYA	14.15	12.35	13.25	13.2	2501	13.25	415	0	130	0.05	0.38	13.3	9	8650	0	100	13.35	148	13.4	290	13.3	13.4	13.2	0	0	402605	
UDC	4.05	3.53	3.79	4.04	500	4.05	12440	0	510	0.26	6.86	4.05	685	26989	4.05	2000	0	0	0	0	4.05	4.05	4	250	0	1713499	
UIC	39.6	34.5	37.05	36.9	220	37	714	37.15	100	0.15	0.4	37.2	77	2367	37.2	15	37.25	77	37.3	297	37.05	37.2	37	1728	0	222131	
VAF	7.76	6.76	7.26	6.8	3	6.9	10	7.2	5	0	0	0	0	0	0	0	0	0	0	0	0	0	0	0	0	1845588	
VCB	95.6	83.2	89.4	89.9	553	90	50	0	5635	0.1	0.11	89.5	46	41769	0	2548	83.2	10	89.5	246	89.9	90	89.4	30463	11286	22983011	
VCF	233.2	202.8	218	210.3	5	211	1	211.1	1	2	0.92	220	4	7	219.9	20	220	39	226	19	220	220	219.9	2	0	1287794	
VCI	27.35	23.85	25.6	27.3	1	27.35	1	0	842	-0.75	-2.93	24.85	300	139486	0	4018	24	380	24.5	700	25.5	25.6	24.7	1179	2530	11770873	
VDP	39.25	34.15	36.7	34.3	9	34.35	4	34.4	1	0	0	0	0	0	36.9	66	37.1	1	37.2	184	0	0	0	0	0	622113	
VDS	6.63	5.77	6.2	6.02	10	6.03	50	6.04	90	0	0	6.2	500	1366	6.2	571	6.3	151	6.4	30	6.03	6.2	6.02	0	0	4865369	
VFG	40.85	35.55	38.2	38.2	50	38.25	1	38.3	4	0.1	0.26	38.3	1	1	38.9	8	38.95	21	39	634	38.3	38.3	38.3	0	0	1484468	
VGC	20.35	17.75	19.05	19.1	89	19.15	95	0	500	0.1	0.52	19.15	5	35468	19.2	500	19.25	1673	19.3	4761	19.1	19.25	18.95	12892	0	17542770	
VHC	42.5	37	39.75	39.45	2562	39.5	354	0	97	-0.2	-0.5	39.55	5	84739	0	732	39.5	100	39.55	114	40.75	40.75	39.3	23648	6532	12305495	
VHM	83.2	72.4	77.8	83.1	1	83.2	1	0	8785	-0.2	-0.26	77.6	500	283740	0	11079	77.5	35	77.6	179	78	78.7	77.4	30061	30879	117621308	
VIC	102.7	89.3	96	96.1	724	96.2	145	0	2090	0.2	0.21	96.2	1	31840	0	5979	95.8	25	96	1000	97	97	96.1	4611	16561	76847071	
VID	8.19	7.13	7.66	8.18	20	8.19	11752	0	9528	0.53	6.92	8.19	90	3438	0	0	0	0	0	0	8.19	8.19	8.19	0	0	1354422	
VIP	5.56	4.84	5.2	5.16	150	5.2	1004	5.22	147	0.02	0.38	5.22	200	5601	0	53	5.25	499	5.26	24	5.12	5.25	5.12	150	1400	2946341	
VIS	21.4	18.6	20	18.7	5	18.8	4	0	20	-1	-5	19	15	15	0	10	20	220	21	76	19	19	19	0	0	1910919	
VJC	123	107	115	122	31	123	68	0	3117	2.8	2.43	117.8	2	72770	0	3217	117	622	117.6	45	116.8	118.8	116	6200	17787	6272997	
VMD	22.25	19.35	20.8	20	220	20.1	17	21.1	22	0.3	1.44	21.1	2	346	21.15	2	21.5	10	22.2	2	20.8	21.15	20	235	0	728916	
VND	14.95	13.05	14	13.7	30	13.95	2800	0	100	-0.35	-2.5	13.65	4478	109839	0	620	13.65	22	13.7	500	13.9	14	13.6	6311	14251	2885852	
VNE	5.02	4.38	4.7	4.59	20	4.62	1484	4.65	1	-0.08	-1.7	4.62	16	8815	4.62	100	4.65	425	4.67	250	4.65	4.79	4.57	50	0	3926627	
VNG	14.7	12.8	13.75	14.65	247	14.7	1767	0	553	0.95	6.91	14.7	734	25289	14.7	2153	0	0	0	0	13.75	14.7	13.75	1371	0	4756146	
VNL	14.75	12.85	13.8	13	210	13.5	45	13.8	20	0	0	13.8	80	80	0	0	0	0	0	0	13.8	13.8	13.8	0	0	357640	
VNM	131.3	114.3	122.8	131.2	1	131.3	1	0	2273	2.2	1.79	125	1	170432	0	11679	123	100	125	1778	123.1	126	123.1	61250	73016	71533054	
VNS	12.1	10.6	11.35	10.7	100	10.75	612	10.8	301	-0.35	-3.08	11	2	2823	10.75	1	11.15	2	11.25	2	11.05	11.35	10.7	0	0	1947013	
VOS	1.72	1.5	1.61	1.55	153	1.56	47	1.57	124	-0.05	-3.11	1.56	600	51672	0	2500	1.57	252	1.58	499	1.65	1.66	1.56	700	0	6596282	
VPB	26.15	22.75	24.45	26.1	1	26.15	1	0	14671	-0.35	-1.43	24.1	20	490676	0	13830	22.75	1050	22.8	1030	24.45	24.45	24	0	25753	0	
VPD	15.6	13.6	14.6	14.3	45	14.4	153	14.6	33	0	0	14.6	16	70	14.7	236	14.8	181	14.9	200	14.6	14.6	14.6	0	0	5218527	
VPG	20.4	17.8	19.1	20.3	1	20.4	1	0	50	-0.1	-0.52	19	50	3629	0	55	18	1	18.1	1	19.1	19.2	17.8	0	162	1294823	
VPH	5.21	4.53	4.87	5.12	502	5.21	10	0	1099	0.32	6.57	5.19	690	35616	5.19	271	5.2	2507	5.21	7671	5	5.21	4.8	392	9613	3416850	
VPI	44.15	38.45	41.3	41	134	41.1	128	41.2	146	0.05	0.12	41.35	468	45756	41.35	332	41.4	562	41.45	161	41.3	41.6	40.5	0	2005	7240545	
VPS	10.9	9.49	10.2	9.62	80	9.63	50	9.65	50	0	0	10.2	10	10	10	195	10.2	110	10.75	5	10.2	10.2	10.2	0	0	1181843	
VRC	8.88	7.72	8.3	8.87	800	8.88	6181	0	579	0.58	6.99	8.88	31	61752	8.88	3	0	0	0	0	8.2	8.88	8.01	0	0	2388697	
VRE	30.6	26.6	28.6	27.9	6886	28	5001	0	8134	-0.7	-2.45	27.9	140	286425	0	19880	27.7	20	27.8	3001	28.35	28.6	27.8	14929	126344	42320774	
VSC	31	27	29	28.9	300	28.95	501	29	904	0	0	29	20	54820	0	50	27	10	29	300	29	29.6	28.5	2100	35100	855017	
VSH	18.8	16.4	17.6	17.4	50	17.5	155	17.6	1952	0.1	0.57	17.7	15	1579	0	717	17.7	5	17.85	30	17.7	17.7	17.6	48	2	7537970	
VSI	23.9	20.8	22.35	20.8	3	20.85	15	21	1	0.05	0.22	22.4	1	455	22.2	582	22.4	54	22.5	320	22.2	22.75	20.85	0	25	639846	
VTB	11	9.58	10.3	10.45	428	10.5	731	10.55	204	0.25	2.43	10.55	96	3339	10.65	1086	10.7	81	10.8	10	10.85	10.85	10.45	2	2000	496997	
VTO	8.22	7.16	7.69	7.6	291	7.68	669	7.7	400	0.01	0.13	7.7	15	1730	0	50	7.7	761	7.75	500	7.69	7.7	7.68	0	700	3725408	
YBM	5.37	4.67	5.02	4.9	30	4.91	10	5	5	-0.02	-0.4	5	12	5393	0	282	5	876	5.02	80	5.1	5.1	4.9	400	0	689756	
YEG	62.3	54.3	58.3	57.6	18	57.7	36	57.8	20	-0.6	-1.03	57.7	3	2464	57.8	470	57.9	98	58	241	58.3	58.4	57.6	5	79	2167268	
