HOSE
883.9
2.73	0.31
883.22	0.23	13547478	115.07	
884.24	0.35	407314024	6244.54	
883.9	0.31	431121741	6650.94	
AAA	13.45	11.75	12.6	13.35	52613	13.4	30430	13.45	101581	0.85	6.75	13.45	1477	703996	0	0	0	0	0	0	13.45	13.45	12.65	69082	640	6055312	
AAM	12.3	10.7	11.5	11.05	301	11.2	43	11.25	4	0	0	11.5	6	99	11.5	196	11.6	8	11.7	5	0	11.6	11.5	30	0	592344	
ABS	15.15	13.25	14.2	14	530	14.1	200	14.2	140	0.1	0.7	14.3	1011	14230	14.3	1260	14.35	150	14.4	69	14.3	14.5	13.95	1	0	1410813	
ABT	33.75	29.35	31.55	31.55	18	31.6	14	31.75	4	2.2	6.97	33.75	20	37	33.75	80	0	0	0	0	0	33.75	33.4	0	0	655034	
ACC	20.3	17.7	19	18.3	50	18.5	131	18.6	221	-0.4	-2.11	18.6	2	102	19.4	3	19.5	12	19.6	100	18.6	19.5	18.6	0	0	298596	
ACL	26.4	23	24.7	24.3	553	24.35	100	24.4	1807	-0.3	-1.21	24.4	200	6034	24.6	957	24.7	49	24.8	619	24.4	24.85	24.4	0	1600	843017	
ADS	10.55	9.18	9.87	9.73	12	9.75	5	9.8	30	0.03	0.3	9.9	26	405	9.88	180	9.89	10	9.9	99	0	9.93	9.8	0	0	1248247	
AGG	28.95	25.25	27.1	26.8	571	26.9	290	27	351	0	0	27.1	610	28691	27.1	499	27.15	150	27.2	468	27.1	27.1	26.65	0	0	1622591	
AGM	15.3	13.3	14.3	14.9	201	15.05	100	15.1	67	0.8	5.59	15.1	488	4393	15.2	766	15.3	58	0	0	15.1	15.2	14.2	70	2459	746762	
AGR	3.72	3.24	3.48	3.52	56	3.53	3982	3.54	3362	0.06	1.72	3.54	5018	79282	3.55	3365	3.56	168	3.57	2891	3.54	3.57	3.45	4	1	9960593	
AMD	3.37	2.93	3.15	3.31	7170	3.33	5061	3.34	5035	0.2	6.35	3.35	19447	1027733	3.35	14650	3.36	89295	3.37	119597	3.35	3.37	3.1	9402	20698	7712112	
ANV	19.25	16.75	18	18.05	1888	18.1	2100	18.15	447	0.15	0.83	18.15	425	30442	18.2	1207	18.25	438	18.3	898	18.15	18.35	18	110	868	6094688	
APC	19	16.6	17.8	18	634	18.05	20	18.1	120	0.4	2.25	18.2	3	5759	18.2	193	18.3	161	18.4	12	18.2	18.4	17.8	0	800	654282	
APG	9.5	8.26	8.88	8.81	520	8.88	2176	8.9	200	0.04	0.45	8.92	10	79793	8.92	40	8.95	256	9	224	0	9.15	8.92	1415	30321	3157034	
ASM	6.25	5.45	5.85	5.84	5281	5.85	5063	5.86	8777	0.03	0.51	5.88	10786	187671	5.88	11590	5.89	1708	5.9	4628	5.88	5.9	5.8	10284	100	12306152	
ASP	5.92	5.16	5.54	5.55	146	5.57	132	5.62	515	0.1	1.81	5.64	48	6464	5.64	2	5.65	20	5.66	30	5.64	5.65	5.54	6	0	0	
AST	57.5	50.1	53.8	55.2	353	55.3	122	55.4	20	1.7	3.16	55.5	118	23904	55.5	163	55.6	400	55.7	1239	55.5	56	53.8	984	111	266645	
ATG	0.57	0.51	0.54	0.53	3603	0.54	883	0.55	254	0.01	1.85	0.55	850	5622	0.56	1264	0.57	5352	0	0	0.55	0.56	0.54	0	0	720580	
BBC	52.1	45.35	48.75	47.9	10	48.8	10	49	20	1.25	2.56	50	2	345	50	213	50.8	64	50.9	142	50	52	50	0	255	35769	
BCE	8.39	7.31	7.85	7.8	1366	7.81	218	7.83	50	0.02	0.25	7.87	101	3459	7.87	311	7.88	150	7.89	255	7.87	7.88	7.8	0	0	1356998	
BCG	6.74	5.86	6.3	6.26	700	6.27	226	6.28	50	0.09	1.43	6.39	2555	40836	6.39	237	6.4	992	6.42	450	6.39	6.45	6.2	671	0	1657334	
BFC	14.3	12.5	13.4	13.15	641	13.2	2241	13.3	370	-0.1	-0.75	13.3	230	45062	13.35	1575	13.4	1397	13.45	1200	13.3	13.55	13.2	1659	880	2581582	
BHN	58.6	51	54.8	54	47	54.4	102	54.5	143	-0.3	-0.55	54.5	100	723	54.8	243	54.9	3	55	32	0	54.8	54.5	30	0	7292822	
BIC	23.4	20.4	21.9	21	211	21.05	5	21.4	95	-0.5	-2.28	21.4	605	6275	21.55	50	21.6	6	21.65	100	21.4	21.4	21	1405	1200	160800	
BID	43.85	38.15	41	41.7	393	41.75	1	41.8	856	0.8	1.95	41.8	3908	201338	41.85	20	41.9	410	41.95	30	41.8	42.3	41.1	6372	1576	49467993	
BMC	13.15	11.45	12.3	12.35	152	12.4	2	12.7	124	0.7	5.69	13	21	4966	13	10	13.1	196	13.15	196	13	13.15	12.1	566	1776	327057	
BMI	22.95	19.95	21.45	21.1	1557	21.15	50	21.2	2341	-0.25	-1.17	21.2	1300	20667	21.4	125	21.45	3650	21.5	200	21.2	21.7	21.2	213	3535	1199037	
BMP	51	44.4	47.7	49.05	400	49.1	146	49.2	912	1.5	3.14	49.2	1208	22843	49.25	250	49.3	182	49.4	1070	49.2	49.5	47.85	3340	1117	1624902	
BRC	11.15	9.72	10.45	0	0	10	200	10.05	1	0.05	0.48	10.5	1	4	11	15	11.1	100	0	0	0	11	10.5	0	0	600909	
BSI	8.5	7.4	7.95	8.03	201	8.09	240	8.1	50	0.24	3.02	8.19	1	4196	8.19	6	8.2	123	8.3	220	8.19	8.25	8	0	2017	4954548	
BTP	15.8	13.8	14.8	14.75	301	14.8	339	14.85	500	0.1	0.68	14.9	165	3177	14.9	185	14.95	293	15	317	14.9	14.9	14.6	0	0	2402641	
BTT	42.25	36.75	39.5	36.75	100	37	10	38	6	-1.5	-3.8	38	50	105	39.5	8	39.8	29	40	454	0	39.5	37	0	0	660452	
BVH	53.3	46.45	49.9	49.75	1770	49.8	1314	49.85	25	-0.05	-0.1	49.85	1853	69049	49.9	563	49.95	20	50	509	49.85	50.7	49.75	3687	18901	15316287	
BWE	23.45	20.45	21.95	21.85	1591	21.9	1743	21.95	2385	0.05	0.23	22	12	13587	22	2339	22.05	181	22.1	1377	22	22	21.7	169	88	5951479	
C32	26.4	23	24.7	24.6	274	24.65	160	24.7	10	0.1	0.4	24.8	101	4979	24.8	919	24.85	790	24.9	830	24.8	24.8	24.3	0	1801	364916	
C47	12.05	10.55	11.3	0	0	10.55	3201	10.6	1000	0.2	1.77	11.5	1	9388	11.5	480	11.7	15	11.85	391	11.5	11.5	10.55	0	0	829803	
CAV	71.2	62	66.6	65	179	65.1	2	66	200	0.4	0.6	67	1	11	67	10	67.5	14	67.8	20	0	67.5	67	0	0	2806027	
CCI	14.95	13.05	14	13.1	23	13.5	13	13.55	1	-0.4	-2.86	13.6	1	11	14	2220	14.1	91	14.2	45	13.6	14	13.6	0	0	823571	
CCL	7.6	6.62	7.11	7.08	130	7.1	867	7.11	14	0	0	7.11	747	13960	7.14	200	7.15	130	7.16	100	7.11	7.19	7.1	100	200	2111418	
CDC	17.2	15	16.1	0	0	0	0	16.1	3	0	0	16.1	1	63	17.2	80	0	0	0	0	16.1	17.2	16.1	0	0	764368	
CEE	16.45	14.35	15.4	0	0	14.35	10	14.4	1	0	0	0	0	0	15.3	190	15.35	66	15.4	50	0	0	0	0	0	2021552	
CHP	20.7	18	19.35	18.9	280	19	710	19.05	60	0	0	0	0	0	19.35	33	19.5	450	19.85	4	0	0	0	0	0	6311919	
CIG	1.6	1.4	1.5	1.46	311	1.47	204	1.48	100	0	0	1.5	70	202	1.59	42	1.6	500	0	0	0	1.5	1.5	0	0	1545178	
CII	20.9	18.2	19.55	19.25	2133	19.3	6890	19.35	5998	-0.2	-1.02	19.35	7221	189462	19.4	2688	19.45	1023	19.5	3063	19.35	19.65	19.3	10	85422	7522391	
CKG	10.7	9.3	10	9.91	1000	9.97	1	9.98	1	0	0	10	513	15656	10	1599	10.05	1500	10.1	1500	10	10.3	9.81	0	0	2403500	
CLC	29.15	25.35	27.25	26.8	20	26.85	2	27	100	0.05	0.18	27.3	1	2236	27.3	149	27.35	153	27.4	300	27.3	27.3	27	0	0	1222235	
CLG	1.45	1.27	1.36	1.29	1656	1.3	555	1.31	3988	-0.05	-3.68	1.31	4006	15342	1.32	120	1.33	350	1.35	740	1.31	1.38	1.29	0	2113	1029699	
CLL	29.95	26.05	28	27	9	27.05	10	27.2	28	0	0	0	0	0	28	47	29	49	0	0	0	0	0	0	0	1419098	
CLW	27.8	24.2	26	0	0	24.2	499	24.25	41	-1	-3.85	25	1	58	27.8	15	0	0	0	0	25	27.8	24.2	0	0	573966	
CMG	29.85	25.95	27.9	27.95	319	28	191	28.2	37	0.3	1.08	28.2	152	12134	28.25	284	28.3	407	28.35	100	28.2	28.25	27.95	375	54	1166195	
CMV	15.35	13.35	14.35	0	0	0	0	13.35	12	-1	-6.97	13.35	89	133	14.4	14	14.45	2	14.5	106	13.35	14.65	13.35	0	0	590605	
CMX	17.45	15.25	16.35	17.15	189	17.2	1075	17.25	57	0.9	5.5	17.25	5755	167545	17.3	4079	17.35	2003	17.4	1949	17.25	17.25	16.45	2285	0	1156761	
CNG	23.05	20.05	21.55	21.1	295	21.15	50	21.2	10	-0.2	-0.93	21.35	10	1482	21.35	95	21.5	119	21.55	23	0	21.55	21	0	0	757255	
COM	45.4	39.5	42.45	40.4	23	40.5	3	40.6	2	0.15	0.35	42.6	2	43	42.6	18	44	5	45.4	1	0	42.6	40	0	0	685800	
CRC	12.25	10.65	11.45	11	35	11.1	26	11.3	12	0	0	11.45	11	3433	11.45	268	11.5	150	11.55	100	11.45	11.45	11.4	0	0	734797	
CRE	18.05	15.75	16.9	16.4	1006	16.45	510	16.5	4551	-0.4	-2.37	16.5	8176	98507	16.65	100	16.75	2271	16.8	1173	16.5	17	16.5	500	3059	2329871	
CSM	17.1	14.9	16	15.9	1732	15.95	105	16	1143	0	0	16	700	17376	16.2	300	16.25	549	16.3	710	16	16.35	15.9	0	7	4862478	
CSV	25.1	21.9	23.5	23.25	70	23.3	510	23.4	89	-0.1	-0.43	23.4	644	38998	23.5	105	23.55	1	23.6	150	23.4	23.7	22.95	5212	20	1809302	
CTD	72	62.6	67.3	71.8	59	71.9	961	72	1064	4.7	6.98	72	1976	54224	0	0	0	0	0	0	72	72	67.3	2569	5351	186157	
CTF	22.7	19.8	21.25	20.7	1002	20.75	20	20.85	225	0	0	21.25	84	14021	21.25	278	21.35	121	21.4	329	21.25	21.4	20.75	0	0	2231353	
CTG	25.65	22.35	24	24.5	26865	24.55	2517	24.6	9620	0.65	2.71	24.65	41008	894573	24.65	555	24.7	8491	24.75	5407	24.65	24.9	24.1	220132	3782	600573	
CTI	20.75	18.05	19.4	19.25	256	19.3	574	19.35	390	0	0	19.4	213	102591	19.4	1127	19.45	2550	19.5	2895	19.4	19.6	19.3	1763	0	2326669	
CTS	7.32	6.38	6.85	7.25	89	7.3	5	7.32	245	0.47	6.86	7.32	1931	74047	0	0	0	0	0	0	7.32	7.32	6.9	4000	10000	4065621	
CVT	19.05	16.65	17.85	17.7	1793	17.75	1348	17.8	300	-0.05	-0.28	17.8	1802	15762	17.85	435	17.9	1119	17.95	1507	17.8	17.9	17.75	0	1082	3271612	
D2D	67.3	58.5	62.9	61.6	519	61.7	281	61.8	547	-1.1	-1.75	61.8	1284	20836	62	81	62.1	25	62.3	422	61.8	63.5	61.8	60	191	889685	
DAG	5.75	5.01	5.38	5.35	60	5.36	72	5.37	2210	0	0	5.38	2611	44764	5.38	9113	5.39	462	5.4	1	5.38	5.44	5.1	0	0	2102397	
DAH	12.6	11	11.8	11.85	2153	11.9	1646	11.95	1360	0.15	1.27	11.95	150	35043	12	800	12.05	1047	12.1	1365	11.95	12.05	11.75	1818	0	1631312	
DAT	7.32	6.38	6.85	6.85	200	7	1	7.32	1	0	0	0	0	0	0	0	0	0	0	0	0	0	0	0	0	2253957	
DBC	51.3	44.65	48	51.1	228	51.2	1998	51.3	22506	3.3	6.87	51.3	59	366114	0	0	0	0	0	0	51.3	51.3	48.7	15522	4560	4312610	
DBD	53.5	46.5	50	48.85	50	48.9	70	49	401	-1	-2	49	1049	3795	50.1	8	50.2	34	50.4	308	49	50.5	48.7	13	0	5235670	
DCL	22.75	19.85	21.3	20.8	411	20.9	700	21	1961	-0.1	-0.47	21.2	40	3826	21.2	348	21.25	350	21.3	655	21.2	21.35	20.7	75	0	1679763	
DCM	8.87	7.71	8.29	8.3	2734	8.31	1566	8.32	415	0.05	0.6	8.34	620	66030	8.34	893	8.35	460	8.37	1040	8.34	8.55	8.29	2097	0	24912702	
DGW	29.9	26	27.95	29.8	2038	29.85	163	29.9	4671	1.95	6.98	29.9	4689	84032	0	0	0	0	0	0	29.9	29.9	28.4	2292	125	1029185	
DHA	33.55	29.25	31.4	30.8	308	30.9	5	31	105	0	0	31.4	100	2565	31.4	29	31.5	151	31.6	2	31.4	31.4	31	0	300	600570	
DHC	39.15	34.05	36.6	35.8	4603	35.85	569	35.9	39	-0.65	-1.78	35.95	511	41605	35.95	649	36	148	36.1	82	35.95	36.6	35.85	4170	8000	666166	
DHG	99.5	86.5	93	92.5	50	93	178	93.1	159	0.1	0.11	93.1	173	3352	93.9	527	94	399	94.1	143	93.1	94.5	93.1	1011	1092	5956613	
DHM	8.02	6.98	7.5	7.9	971	7.93	240	7.95	1000	0.5	6.67	8	514	17773	8	950	8.01	1500	8.02	391	8	8	7.4	0	0	1531248	
DIC	2.05	1.79	1.92	1.88	768	1.89	5	1.9	500	0	0	1.92	5360	27981	1.92	4938	1.93	3296	1.94	300	1.92	1.96	1.85	500	0	1276298	
DIG	13.45	11.75	12.6	12.6	10134	12.65	1592	12.7	525	0.1	0.79	12.7	6300	105646	12.75	1573	12.8	15080	12.85	12496	12.7	12.85	12.55	0	4558	4599676	
DLG	1.6	1.4	1.5	1.5	30150	1.51	5186	1.52	752	0.03	2	1.53	9302	698955	1.53	10166	1.54	9014	1.55	20146	1.53	1.53	1.45	34423	2054	13835880	
DMC	58.6	51	54.8	54.4	124	54.5	293	54.6	482	-0.2	-0.36	54.6	291	15436	54.7	474	54.8	460	54.9	10	54.6	55	54	1271	0	1448521	
DPG	25.85	22.55	24.2	23.85	241	23.9	2356	23.95	431	-0.25	-1.03	23.95	3382	40482	24	20	24.05	100	24.2	300	23.95	24.4	23.95	0	919	2186301	
DPM	15.65	13.65	14.65	14.5	27363	14.55	12964	14.6	3546	-0.05	-0.34	14.6	12891	348241	14.65	2594	14.7	8002	14.75	1476	14.6	14.75	14.45	21749	82321	14360779	
DPR	40.8	35.5	38.15	38	350	38.1	37	38.15	110	0	0	38.15	19	769	38.5	200	38.6	42	38.9	70	38.15	38.5	38.15	4	749	1501619	
DQC	20.8	18.1	19.45	18.8	456	18.9	20	19	784	-0.45	-2.31	19	635	4862	19.8	54	19.85	49	19.9	320	19	20.35	19	1	35	1591916	
DRC	21.15	18.45	19.8	19.5	5328	19.55	2423	19.6	2176	-0.2	-1.01	19.6	10899	43682	19.65	500	19.75	761	19.8	712	19.6	19.9	19.6	743	2898	3375540	
DRH	8.46	7.36	7.91	7.87	11	7.88	100	7.9	310	-0.01	-0.13	7.9	20062	266830	7.95	4000	7.98	1000	7.99	250	7.9	8.3	7.78	17276	1065	2839885	
DRL	54.3	47.25	50.8	50.9	1	51	191	51.1	100	0.6	1.18	51.4	3	40	51.5	30	51.6	300	51.7	20	0	51.4	50.7	0	0	459240	
DSN	50.5	43.9	47.2	47.15	677	47.2	294	47.25	20	0.1	0.21	47.3	50	1173	47.3	145	47.35	48	47.4	200	47.3	47.35	47.15	20	150	372162	
DTA	4.81	4.19	4.5	4.25	100	4.26	20	4.3	100	0	0	4.5	1	152	4.5	59	4.61	224	4.62	364	0	4.77	4.5	0	0	881866	
DTL	10.25	8.91	9.58	0	0	8.91	5	9	20	0	0	0	0	0	9.57	1	9.58	15	0	0	0	0	0	0	0	3008671	
DTT	14.35	12.55	13.45	0	0	0	0	12.55	2	0.55	4.09	14	1	1	14	4	14.25	1	14.3	3	0	14	14	0	0	397869	
DVP	36.95	32.15	34.55	34.25	37	34.3	120	34.35	21	-0.2	-0.58	34.35	50	623	34.6	128	34.65	11	34.7	400	34.35	34.55	34.35	1	200	1407735	
DXG	12.4	10.8	11.6	11.8	5471	11.85	7444	11.9	3550	0.3	2.59	11.9	27323	596769	11.95	720	12	12094	12.05	10418	11.9	12.15	11.7	23080	10548	4702954	
DXV	2.43	2.13	2.28	0	0	0	0	2.13	2127	-0.15	-6.58	2.13	1205	19509	2.17	7	2.31	155	2.32	109	2.13	2.3	2.13	640	0	479568	
E1VFVN30	14.58	12.68	13.63	13.5	17	13.6	558	13.63	1	0.07	0.51	13.7	177	70122	13.7	23	13.76	10	13.77	210	13.7	13.78	13.62	119461	1148347	556330	
EIB	18.85	16.45	17.65	17.55	2602	17.6	3039	17.65	3287	0	0	17.65	627	32835	17.75	30	17.8	30	17.85	149	17.65	17.95	17.6	0	1022	19030	
ELC	5.56	4.84	5.2	5.18	196	5.19	190	5.2	30	0.01	0.19	5.21	1	6985	5.21	9	5.22	117	5.25	2495	0	5.24	5.19	1999	839	1457221	
EMC	13.2	11.5	12.35	11.5	10	12.35	15	13.2	1	0	0	0	0	0	0	0	0	0	0	0	0	0	0	0	0	749034	
EVE	11	9.58	10.3	10	1102	10.1	200	10.15	84	-0.05	-0.49	10.25	1	2153	10.25	173	10.3	205	10.35	44	0	10.3	9.95	700	0	1469855	
EVG	3.43	2.99	3.21	3.39	5450	3.4	202830	3.41	23565	0.21	6.54	3.42	2415	434969	3.42	873	3.43	15480	0	0	3.42	3.43	3	1016	1475	2857503	
FCM	6.94	6.04	6.49	6.35	5754	6.37	500	6.38	1204	-0.11	-1.69	6.38	425	12379	6.49	215	6.5	70	6.56	100	6.38	6.55	6.35	0	0	1907093	
FCN	10.05	8.76	9.41	9.6	1480	9.61	456	9.62	260	0.24	2.55	9.65	2439	175986	9.65	567	9.66	423	9.67	200	9.65	9.72	9.4	4149	0	2915538	
FDC	13.9	12.1	13	12.1	55	12.15	25	12.3	80	0	0	13	7	145	13	85	13.3	50	13.6	5	13	13	12.3	0	0	1891253	
FIR	32.35	28.15	30.25	30.5	738	30.55	375	30.6	519	0.35	1.16	30.6	491	10997	30.65	323	30.7	102	30.75	234	30.6	30.75	30.35	706	0	1004156	
FIT	6.63	5.77	6.2	6.34	25	6.35	300	6.36	1	0.19	3.06	6.39	1213	138154	6.39	3281	6.4	458	6.41	215	6.39	6.53	6.26	4205	0	12140646	
FLC	3.21	2.79	3	3.02	2541	3.03	35410	3.04	5613	0.04	1.33	3.04	51072	1279319	3.05	501	3.06	9403	3.07	3395	3.04	3.13	2.94	30699	1640	32874868	
FMC	28.55	24.85	26.7	26.5	880	26.55	221	26.6	85	0.1	0.37	26.8	441	7185	26.8	120	26.85	144	26.9	556	26.8	26.95	26.55	2390	440	1981901	
FPT	52	45.25	48.65	48.3	316	48.35	71	48.4	253	-0.25	-0.51	48.4	7788	126006	48.5	1165	48.6	246	48.65	1069	48.4	48.9	48.4	7010	7429	0	
FRT	28	24.4	26.2	25.6	4744	25.65	755	25.7	234	-0.5	-1.91	25.7	1668	105365	25.75	250	25.8	1267	25.85	1006	25.7	26.45	25.5	4945	12811	1035172	
FTM	1.69	1.47	1.58	1.51	600	1.52	300	1.53	300	-0.04	-2.53	1.54	1110	30654	1.54	1315	1.55	165	1.56	511	1.54	1.6	1.5	1500	0	2430244	
FTS	12.75	11.15	11.95	12.6	1	12.7	1000	12.75	66811	0.8	6.69	12.75	40	31936	0	0	0	0	0	0	0	12.75	12.4	144	219	9456838	
FUCTVGF1	12.7	11.1	11.9	0	0	0	0	0	0	0	0	0	0	0	0	0	0	0	0	0	0	0	0	0	0	734571	
FUCTVGF2	10.95	9.54	10.25	0	0	0	0	0	0	0	0	0	0	0	10.25	2	0	0	0	0	0	0	0	0	0	808607	
FUCVREIT	7.96	6.92	7.44	0	0	0	0	6.92	160	0	0	7.44	1	6	7.44	7	7.78	5	7.8	17	0	7.44	6.92	0	0	239085	
FUESSV50	12.84	11.16	12	11.95	1000	12	1440	12.1	1031	0.1	0.83	12.1	969	5071	12.2	1215	12.3	1000	12.4	2000	12.1	12.1	12	0	0	436175	
FUESSVFL	10.42	9.06	9.74	9.71	3980	9.72	4453	9.73	4445	0.06	0.62	9.8	10	16	9.81	10776	9.82	10731	9.83	10441	0	9.8	9.8	0	15	993358	
FUEVFVND	13.11	11.41	12.26	12.35	350	12.37	438	12.38	300	0.16	1.31	12.42	253	14728	12.42	463	12.44	100	12.45	230	12.42	12.46	12.04	12272	300	96214	
GAB	165.3	143.7	154.5	155.2	1847	155.3	2578	155.4	1428	0.9	0.58	155.4	521	7783	155.5	59	155.7	969	155.8	420	155.4	155.9	154.9	30	0	662255	
GAS	83.4	72.6	78	77.5	1011	77.6	8	77.8	10	0	0	78	8944	84803	78	11415	78.1	100	78.8	100	78	79.5	78	31484	10087	87407982	
GDT	30.8	26.8	28.8	27.85	80	27.9	42	28	11	-0.6	-2.08	28.2	10	907	28.2	11	28.3	136	28.6	157	28.2	28.3	27.3	30	295	488023	
GEG	21.95	19.15	20.55	20.7	1131	20.75	347	20.8	140	0.25	1.22	20.8	3606	46352	20.9	530	20.95	100	21	1977	20.8	20.8	20.55	600	750	2457255	
GEX	18.2	15.9	17.05	16.85	2176	16.9	12205	16.95	3100	-0.05	-0.29	17	8066	207596	17	6729	17.05	3579	17.1	3879	17	17.3	16.7	3388	4233	16503281	
GIL	20.85	18.15	19.5	19.15	1460	19.2	1266	19.25	259	-0.2	-1.03	19.3	101	15380	19.3	266	19.35	220	19.4	198	19.3	19.5	19.15	80	50	1055025	
GMC	20.25	17.65	18.95	18.3	245	18.4	20	18.5	576	-0.45	-2.37	18.5	700	3208	19	234	19.05	89	19.1	300	18.5	19	18.5	0	0	1034535	
GMD	21.05	18.35	19.7	19.5	3428	19.55	249	19.6	627	0.15	0.76	19.85	3205	40615	19.85	1504	19.9	1301	19.95	26	19.85	19.85	19.6	277	532	0	
GSP	11.2	9.77	10.5	9.77	30	9.8	590	9.81	2	-0.15	-1.43	10.35	52	89	10.35	1408	10.4	48	10.45	90	0	10.5	10.35	0	0	1313733	
GTA	11.7	10.2	10.95	10.3	68	10.35	71	10.4	41	-0.55	-5.02	10.4	143	163	10.9	148	10.95	14	11.5	905	10.4	10.9	10.4	0	0	506426	
GTN	18.4	16	17.2	17.1	9249	17.15	4734	17.2	5865	0.05	0.29	17.25	2882	99975	17.25	3834	17.3	3864	17.35	5427	17.25	17.4	17.2	0	2155	24908180	
GVR	13.9	12.1	13	12.6	1985	12.65	550	12.7	6782	-0.3	-2.31	12.7	28301	142958	12.85	7019	12.9	3557	12.95	2883	12.7	13.15	12.7	340	30143	49565888	
HAG	5.08	4.42	4.75	5.03	641	5.04	400	5.05	201	0.33	6.95	5.08	29189	1139335	5.08	8581	0	0	0	0	5.08	5.08	4.73	9424	320	38050777	
HAH	12.6	11	11.8	11.55	763	11.6	2016	11.65	25	-0.15	-1.27	11.65	400	4719	11.7	1175	11.8	1122	11.85	260	11.65	11.8	11.6	0	0	1368602	
HAI	3.33	2.91	3.12	3.16	931	3.17	945	3.18	250	0.07	2.24	3.19	9081	375996	3.19	2087	3.2	1276	3.22	300	3.19	3.29	3.1	7652	890	8590683	
HAP	3.37	2.93	3.15	3.14	451	3.15	420	3.16	110	0.03	0.95	3.18	1	4770	3.18	266	3.19	323	3.2	393	0	3.2	3.14	102	0	2327286	
HAR	3.47	3.03	3.25	3.22	200	3.24	309	3.25	212	0.02	0.62	3.27	182	46379	3.27	748	3.28	1700	3.3	1224	3.27	3.34	3.2	0	0	4951029	
HAS	7.41	6.45	6.93	6.51	100	6.6	600	6.61	100	0.07	1.01	7	3	77	7	127	7.1	500	7.3	113	7	7.41	6.55	0	0	235559	
HAX	12.4	10.8	11.6	11.5	180	11.55	100	11.6	1227	0	0	11.6	366	16658	11.65	552	11.7	120	11.75	1086	11.6	11.8	11.4	3470	0	1536131	
HBC	9.37	8.15	8.76	8.97	65	8.98	8270	8.99	6000	0.24	2.74	9	15376	465934	9	795	9.02	550	9.03	1629	9	9.19	8.81	4676	98	6770151	
HCD	3.11	2.71	2.91	3	1257	3.01	504	3.02	10	0.15	5.15	3.06	250	178303	3.06	652	3.07	2820	3.09	400	3.06	3.11	2.89	108	0	1320161	
HCM	20.55	17.95	19.25	19.55	370	19.6	4341	19.65	2622	0.45	2.34	19.7	7379	517252	19.7	5	19.75	124	19.8	6385	19.7	20.25	19.6	6636	10140	14291732	
HDB	30.45	26.55	28.5	27.7	1340	27.75	3	27.8	1479	-0.7	-2.46	27.8	11267	94365	28	856	28.05	100	28.1	1821	27.8	28.7	27.8	9364	16984	8653826	
HDC	16.95	14.75	15.85	15.75	3382	15.8	3540	15.85	1352	0	0	15.85	1255	42156	15.9	486	15.95	1027	16	7642	15.85	16	15.75	0	122	2492625	
HDG	30.6	26.6	28.6	28.3	2404	28.35	1587	28.4	2284	-0.2	-0.7	28.4	1204	44439	28.45	200	28.5	390	28.55	904	28.4	28.9	28.4	30	4324	3950169	
HHS	4.53	3.95	4.24	4.3	5946	4.32	3057	4.35	3354	0.11	2.59	4.35	12427	708569	4.36	16	4.37	5346	4.38	2287	4.35	4.52	4.29	3842	5300	12581006	
HID	2.8	2.44	2.62	2.58	2610	2.59	2819	2.6	1674	0	0	2.62	1850	49398	2.62	406	2.64	290	2.65	1297	2.62	2.69	2.58	0	0	2825238	
HII	15.1	13.2	14.15	13.75	560	13.8	540	13.9	144	-0.15	-1.06	14	134	10422	14	16	14.05	108	14.1	172	14	14.3	13.8	17	210	1351073	
HMC	14.8	12.9	13.85	13.85	676	13.9	34	14	100	0.25	1.81	14.1	26	1572	14.1	33	14.15	10	14.2	346	14.1	14.2	13.85	0	0	1003126	
HNG	16.35	14.25	15.3	15.15	465	15.2	850	15.25	14	0	0	15.3	4064	69454	15.3	232	15.35	300	15.4	1700	15.3	15.7	15.1	320	0	53991785	
HOT	42.8	37.2	40	0	0	37.2	1	38.1	22	0.5	1.25	40.5	1	41	40.5	9	41	57	41.5	20	40.5	40.5	40	0	0	391818	
HPG	28.8	25.1	26.95	26.5	54853	26.55	13309	26.6	7541	-0.35	-1.3	26.6	100738	1348820	26.65	452	26.7	3105	26.75	17909	26.6	27.4	26.6	66852	577853	34873382	
HPX	29.4	25.6	27.5	27	2	27.1	4	27.2	6	-0.15	-0.55	27.35	10	35469	27.35	67	27.4	817	27.45	191	27.35	27.5	27.3	0	878	8084657	
HQC	1.43	1.25	1.34	1.41	8380	1.42	6705	1.43	1478665	0.09	6.72	1.43	1019	594773	0	0	0	0	0	0	1.43	1.43	1.43	0	21034	21560620	
HRC	40.65	35.35	38	0	0	35.35	1	38	174	0	0	38	26	27	39.7	27	39.8	9	40	49	38	39.8	38	0	26	1456870	
HSG	10.6	9.25	9.94	9.9	28989	9.91	23329	9.92	21042	-0.02	-0.2	9.92	84323	923916	9.96	8320	9.97	100	9.98	2413	9.92	10.15	9.91	15299	127207	15308898	
HSL	5.63	4.91	5.27	5.22	100	5.23	268	5.24	368	-0.03	-0.57	5.24	70	4716	5.26	360	5.27	297	5.28	320	5.24	5.29	5.2	532	0	1358369	
HT1	15.9	13.9	14.9	14.45	10	14.5	971	14.55	1255	-0.3	-2.01	14.6	7269	36178	14.6	1096	14.7	464	14.85	133	14.6	15.15	14.6	20	0	16248077	
HTI	13.2	11.5	12.35	12.55	100	12.6	116	12.65	78	0.3	2.43	12.65	100	2021	13	43	13.1	1394	0	0	0	13	12.6	0	100	791479	
HTL	13.9	12.1	13	0	0	12.15	3	13	145	0	0	13	50	51	13.75	34	13.8	7	13.85	2	0	13	13	2	0	31107	
HTN	20.65	17.95	19.3	18.7	620	18.75	1226	18.8	314	-0.5	-2.59	18.8	400	7808	19	636	19.2	200	19.25	26	18.8	19.3	18.75	0	0	1428497	
HTT	0.73	0.65	0.69	0	0	0	0	0	0	0	0	0	0	0	0	0	0	0	0	0	0	0	0	0	0	956200	
HTV	14.4	12.6	13.5	0	0	12.6	81	12.7	39	-0.8	-5.93	12.7	1	1061	13.3	2	13.35	9	13.4	9	12.7	13.3	12.6	1	0	455770	
HU1	6.61	5.75	6.18	0	0	5.75	81	5.8	34	-0.28	-4.53	5.9	2	102	6.2	2	6.25	65	6.61	2	5.9	6.25	5.75	0	0	453177	
HU3	7.91	6.89	7.4	7.3	500	7.35	42	7.4	38	0	0	7.4	2	728	7.7	19	7.8	123	7.9	103	0	7.9	7.35	0	0	433952	
HUB	18.7	16.3	17.5	16.5	10	16.55	15	16.8	7	0	0	17.5	3	5	17.5	612	17.6	16	17.8	80	0	17.5	17.5	0	0	747054	
HVG	5.77	5.03	5.4	0	0	0	0	0	0	0	0	0	0	0	0	0	0	0	0	0	0	0	0	0	0	9040458	
HVH	8.6	7.48	8.04	8.58	42	8.59	90	8.6	24275	0.56	6.97	8.6	5	121343	0	0	0	0	0	0	8.6	8.6	8.05	1517	0	960976	
HVN	29.25	25.45	27.35	27.7	3747	27.75	1619	27.8	4569	0.5	1.83	27.85	2760	178269	27.85	70	27.9	903	27.95	1747	27.85	28.35	27.35	4241	126	29311195	
HVX	3.95	3.45	3.7	0	0	0	0	0	0	0	0	0	0	0	3.59	30	3.6	20	3.69	100	0	0	0	0	0	1924059	
IBC	23.95	20.85	22.4	22.25	130	22.3	120	22.35	122	0	0	22.4	3	7937	22.4	156	22.45	196	22.5	183	22.4	22.4	20.9	0	58	2104377	
ICT	16.9	14.7	15.8	15.6	300	15.7	191	15.8	145	0.1	0.63	15.9	1	5011	15.9	50	16	1268	16.1	290	0	16	15.8	0	0	3215071	
IDI	4.66	4.06	4.36	4.33	1640	4.34	19261	4.35	327	-0.01	-0.23	4.35	1777	147323	4.36	2831	4.37	6863	4.38	4807	4.35	4.4	4.3	1225	31	10971694	
IJC	12.85	11.25	12.05	12.2	1050	12.25	1615	12.3	50	0.25	2.07	12.3	329	29399	12.35	101	12.4	497	12.45	2390	12.3	12.5	12	665	0	6518889	
ILB	17.95	15.65	16.8	16.2	30	16.3	130	16.7	390	0	0	16.8	30	283	16.8	2176	16.9	299	17	560	0	16.9	16.7	0	0	0	
IMP	63.9	55.7	59.8	59.9	1405	60	802	60.2	43	0.5	0.84	60.3	167	11838	60.3	63	60.4	306	60.5	21	60.3	61.9	59.5	10	10	0	
ITA	4.34	3.78	4.06	4.32	5689	4.33	17010	4.34	184308	0.28	6.9	4.34	305	2882729	0	0	0	0	0	0	4.34	4.34	4.29	39854	22671	39414064	
ITC	13.8	12	12.9	12.1	370	12.2	352	12.25	55	-0.4	-3.1	12.5	35	155	12.5	16	12.8	49	12.85	351	12.5	12.8	12	0	0	3518730	
ITD	9.84	8.56	9.2	8.84	1	8.85	1	8.86	1	-0.1	-1.09	9.1	4	109	9.1	292	9.19	599	9.2	832	9.1	9.2	8.82	0	0	682470	
JVC	3.1	2.7	2.9	2.91	2980	2.93	1345	2.94	928	0.1	3.45	3	1439	185964	3	1852	3.01	1100	3.02	1000	3	3.06	2.9	500	0	871046	
KBC	15.2	13.3	14.25	14.05	7569	14.1	9698	14.15	6316	-0.05	-0.35	14.2	37476	322457	14.2	245	14.25	345	14.3	4092	14.2	14.65	14.15	4825	44523	12782244	
KDC	35.85	31.25	33.55	33.25	5	33.3	3100	33.4	3801	-0.05	-0.15	33.5	10310	46131	33.5	1860	33.55	9067	33.6	3053	33.5	34	33.05	27214	1359	20864015	
KDH	24.8	21.6	23.2	22.85	1300	22.9	1737	22.95	1039	-0.2	-0.86	23	10477	133397	23	2006	23.1	1688	23.15	600	23	23.6	22.95	10000	8235	2751045	
KHP	8.87	7.71	8.29	8.1	1	8.15	1	8.2	1	0	0	8.29	16	146	8.29	991	8.39	8	8.4	96	8.29	8.29	8.1	116	0	1167917	
KMR	2.35	2.05	2.2	2.15	4288	2.16	3002	2.17	1180	-0.02	-0.91	2.18	1482	14245	2.18	741	2.19	990	2.2	1655	2.18	2.2	2.16	0	0	2119687	
KOS	31.65	27.55	29.6	29.9	1749	30	1059	30.1	2669	0.6	2.03	30.2	6807	50402	30.2	421	30.3	31	30.4	257	30.2	30.4	29.7	1222	0	5042629	
KPF	17.8	15.5	16.65	0	0	15.5	100	16	24	0	0	16.65	60	172	16.65	40	17	49	17.5	5	0	16.65	16.65	0	0	882579	
KSB	28.35	24.65	26.5	27.1	200	27.2	200	27.3	600	1	3.77	27.5	6874	200275	27.5	1261	27.6	700	27.7	490	27.5	28.25	27	6461	0	2036594	
L10	14.45	12.65	13.55	0	0	13.5	10	13.55	30	0	0	0	0	0	0	0	0	0	0	0	0	0	0	0	0	475275	
LAF	8.98	7.82	8.4	7.84	500	8.4	20	8.41	1	0.57	6.79	8.97	1	1	8.97	4	8.98	30	0	0	0	8.97	8.97	0	0	687617	
LBM	28.95	25.25	27.1	26.25	10	26.3	4	26.5	4	-0.1	-0.37	27	30	81	27.6	24	28.5	77	28.85	6	27	28.45	27	1	0	433815	
LCG	8.26	7.18	7.72	7.99	347	8	3540	8.01	589	0.29	3.76	8.01	4060	94700	8.04	339	8.06	101	8.08	35	8.01	8.19	7.8	11	3150	1881796	
LCM	0.68	0.6	0.64	0.61	310	0.62	3500	0.63	2000	0	0	0.64	200	5883	0.65	595	0.66	550	0.67	130	0	0.65	0.63	0	0	995529	
LDG	6.37	5.55	5.96	5.95	982	5.96	8925	5.97	1368	0.01	0.17	5.97	13221	306537	5.98	291	6	7	6.01	500	5.97	6.14	5.95	3486	300	11462366	
LEC	18.05	15.75	16.9	0	0	0	0	0	0	0	0	0	0	0	16.4	20	16.5	10	16.7	3	0	0	0	0	0	1278863	
LGC	46.95	40.85	43.9	0	0	0	0	0	0	0	0	0	0	0	41	200	43.6	258	43.9	323	0	0	0	0	0	768386	
LGL	4.99	4.35	4.67	4.72	52	4.73	200	4.74	500	0.12	2.57	4.79	1	4812	4.79	359	4.8	250	4.85	438	4.79	4.88	4.71	219	0	2332964	
LHG	19.65	17.15	18.4	18.25	25	18.3	95	18.35	20	0	0	18.4	187	22472	18.4	7041	18.45	784	18.5	6520	18.4	18.5	18.1	50	0	2107832	
LIX	58.1	50.5	54.3	54.3	50	54.4	10	54.5	78	0.5	0.92	54.8	962	12844	54.8	49	55	84	55.4	458	54.8	56.5	53.9	4478	109	1240039	
LM8	17.75	15.45	16.6	16.1	3	16.2	5	16.3	1	0	0	16.6	6	185	16.6	816	16.7	10	16.8	199	16.6	17	16.1	0	0	443472	
LMH	0.8	0.7	0.75	0	0	0	0	0.7	931	-0.05	-6.67	0.7	11516	228685	0.71	1292	0.72	14036	0.73	1	0.7	0.75	0.7	2000	0	2545923	
LSS	5.12	4.46	4.79	4.82	280	4.83	197	4.88	16	0.1	2.09	4.89	1200	5661	4.89	262	4.9	744	4.92	510	4.89	4.94	4.79	200	0	3317151	
MBB	19.3	16.8	18.05	17.85	1605	17.9	23789	17.95	27398	-0.05	-0.28	18	85101	863151	18	4048	18.05	9621	18.1	24849	18	18.3	18	101600	101600	0	
MCG	1.8	1.58	1.69	1.58	10	1.59	380	1.6	450	-0.02	-1.18	1.67	5	62	1.67	280	1.68	230	1.69	129	1.67	1.67	1.6	0	0	2546184	
MCP	13.45	11.75	12.6	0	0	12	50	12.65	5	0	0	0	0	0	13.45	1	0	0	0	0	0	0	0	0	0	735596	
MDG	11.75	10.25	11	10.4	270	10.5	1	10.55	1	0	0	11	2	354	11	96	11.5	74	11.75	24	11	11	10.9	0	0	533562	
MHC	3.26	2.84	3.05	3.02	1656	3.03	1	3.04	41	-0.01	-0.33	3.04	250	9753	3.13	931	3.14	1038	3.15	798	3.04	3.14	2.96	0	0	1947194	
MSH	38.6	33.6	36.1	36.1	587	36.15	55	36.2	95	0.1	0.28	36.2	32	9368	36.3	727	36.35	109	36.4	579	0	36.4	36.05	259	0	2249881	
MSN	68.4	59.6	64	63.2	3576	63.3	5724	63.4	1225	-0.5	-0.78	63.5	4056	152801	63.5	5437	63.6	30	63.7	49	63.5	64.6	63.3	30676	86465	11274757	
MWG	91.3	79.5	85.4	85.2	823	85.3	787	85.4	1600	0.1	0.12	85.5	6785	101410	85.5	480	85.6	500	85.7	500	85.5	87	85.3	0	0	0	
NAF	25.85	22.55	24.2	24.1	535	24.2	514	24.3	10	0.3	1.24	24.5	230	7844	24.5	135	24.6	268	24.7	320	24.5	24.5	24	0	0	4117225	
NAV	20.5	17.9	19.2	0	0	18	500	18.2	9	-1	-5.21	18.2	1	68	0	0	0	0	0	0	0	20.5	18.2	0	0	381738	
NBB	20.3	17.7	19	18.75	200	18.8	200	18.85	6211	0	0	19	70	5499	19	1835	19.05	135	19.1	368	19	19.1	18.6	400	0	3105206	
NCT	65.5	57.1	61.3	61.1	53	61.2	70	61.3	501	0.1	0.16	61.4	50	892	61.5	399	61.6	128	61.8	90	0	61.5	59.5	20	0	1001437	
NHH	51.2	44.55	47.9	47	15	47.2	9	47.3	10	0.1	0.21	48	34	21045	48	138	48.5	200	49	100	48	48	47.2	0	278	1675981	
NKG	8.37	7.29	7.83	7.7	11644	7.71	10427	7.72	19240	-0.11	-1.4	7.72	18311	322132	7.73	2970	7.74	4218	7.75	6523	7.72	7.89	7.72	1128	0	14478005	
NLG	25.25	21.95	23.6	24.15	7017	24.2	2891	24.25	7	0.7	2.97	24.3	13512	153630	24.3	318	24.35	3644	24.4	3685	24.3	24.5	23.3	4903	0	394126	
NNC	49.2	42.8	46	46	110	46.1	400	46.15	1	0.85	1.85	46.85	200	1365	46.9	10	47	1	47.8	31	0	46.85	45	0	0	685649	
NSC	67.5	58.7	63.1	62	101	62.3	80	62.5	54	0	0	63.1	1	551	63.1	513	63.2	89	63.4	50	63.1	63.1	62.5	26	0	681204	
NT2	22.65	19.75	21.2	21	1734	21.05	418	21.1	2095	-0.1	-0.47	21.1	3405	29160	21.2	1075	21.25	5	21.35	78	21.1	21.4	21.1	1466	528	8954236	
NTL	19.25	16.75	18	17.9	8592	17.95	1166	18	676	0	0	18	846	54293	18.05	854	18.15	804	18.2	1474	18	18.25	17.9	0	78	2831331	
NVL	58.1	50.5	54.3	54.3	2575	54.4	1265	54.5	288	0.2	0.37	54.5	5933	106019	54.6	1485	54.7	1122	54.8	1023	54.5	55.3	53.3	6141	814	31410194	
NVT	5.54	4.82	5.18	4.93	500	4.95	101	4.96	150	-0.18	-3.47	5	272	593	5	159	5.18	200	5.25	500	5	5	4.92	0	0	7325534	
OGC	3.84	3.34	3.59	3.62	1034	3.63	60	3.64	1000	0.06	1.67	3.65	5332	235862	3.65	928	3.66	281	3.67	743	3.65	3.84	3.58	2	2121	14616119	
OPC	58.8	51.2	55	54.5	10	54.8	10	55	310	0	0	55	300	300	57	1	57.4	1	57.5	12	0	55	55	0	0	1166837	
PAC	24.25	21.15	22.7	22.3	361	22.4	348	22.5	95	-0.2	-0.88	22.5	95	3852	22.7	6	22.75	169	22.8	109	22.5	22.85	22.4	0	45	1311610	
PAN	23.3	20.3	21.8	21.6	25	21.7	10	21.75	8	-0.05	-0.23	21.75	120	2767	21.8	621	22	118	22.1	275	21.75	22.1	21.75	250	1500	1039077	
PC1	19	16.6	17.8	18.1	4767	18.15	1171	18.2	995	0.4	2.25	18.2	866	44153	18.25	1130	18.3	6784	18.35	8418	18.2	18.35	18	899	2977	4787347	
PDN	72.3	62.9	67.6	62.9	1	67.5	260	67.6	103	0.1	0.15	67.7	29	315	67.7	74	67.8	10	67.9	53	0	67.7	67.5	10	79	902368	
PDR	27.8	24.2	26	25.65	193	25.7	2550	25.8	176	-0.2	-0.77	25.8	1547	57002	25.85	305	25.9	29	26	93	25.8	26.2	25.6	2770	12300	15025513	
PET	8.77	7.63	8.2	8.35	590	8.36	172	8.38	983	0.2	2.44	8.4	1510	19007	8.4	1553	8.41	910	8.42	500	8.4	8.44	8.22	310	49	2796050	
PGC	18.4	16	17.2	18.3	6566	18.35	642	18.4	653	1.2	6.98	18.4	1010	117158	0	0	0	0	0	0	18.4	18.4	17.9	66	26051	2554916	
PGD	31.55	27.45	29.5	29.3	20	29.4	110	29.5	100	0	0	29.5	10	48	30	11	30.5	30	31	36	0	29.6	29.5	0	0	181465	
PGI	16.6	14.5	15.55	15.3	4	15.5	40	16	205	0.45	2.89	16	10	495	16.1	660	16.15	21	16.5	100	0	16	15.95	0	0	2516253	
PHC	10.9	9.49	10.2	10	181	10.1	110	10.15	1277	0	0	10.2	2013	11762	10.2	417	10.25	458	10.3	380	10.2	10.25	9.99	0	0	1258456	
PHR	58.3	50.7	54.5	53.5	2234	53.6	2517	53.7	1904	-0.8	-1.47	53.7	11088	180750	53.8	218	54	702	54.1	16	53.7	56	53.3	535	9200	5279394	
PIT	4.17	3.63	3.9	3.7	21	3.8	15	3.9	369	0	0	3.9	15	54	3.91	1	4.1	250	4.15	50	3.9	3.9	3.9	0	0	733742	
PJT	12.15	10.65	11.4	10.9	400	10.95	50	11	39	-0.4	-3.51	11	1	252	11.3	100	11.4	147	11.6	21	11	11.4	10.9	41	0	712575	
PLP	9.2	8	8.6	8.41	300	8.42	200	8.45	1054	0	0	8.6	301	2811	8.5	200	8.6	546	8.65	824	0	8.6	8.4	0	0	977831	
PLX	49.95	43.45	46.7	47	1060	47.1	2000	47.15	5087	0.45	0.96	47.15	14679	86858	47.2	7235	47.25	1678	47.3	4230	47.15	47.4	46.9	16375	3259	8677756	
PME	63.3	55.1	59.2	60	2164	60.1	1010	60.2	46	1.8	3.04	61	10	3393	61	170	61.3	64	61.5	414	61	61.3	59.6	0	0	2843860	
PMG	13.05	11.35	12.2	12.05	68	12.1	346	12.15	234	-0.05	-0.41	12.15	8	511	12.25	5	12.3	242	12.35	158	0	12.25	12.1	0	344	2018910	
PNC	10.55	9.21	9.9	0	0	0	0	9.21	5	0.1	1.01	10	20	26	10	66	10.55	600	0	0	0	10	10	0	0	532156	
PNJ	67.8	59	63.4	63.4	4839	63.5	4737	63.6	635	0.3	0.47	63.7	4389	79028	63.7	727	63.8	3817	63.9	5007	63.7	64	63.4	49902	49070	0	
POM	6.42	5.58	6	5.69	457	5.7	1881	5.8	280	-0.2	-3.33	5.8	30	5066	5.97	441	5.99	435	6	1217	5.8	6	5.6	0	0	11501847	
POW	11.3	9.86	10.6	10.45	9866	10.5	37968	10.55	25347	0	0	10.6	31798	442288	10.6	12025	10.65	42951	10.7	59765	10.6	10.7	10.55	220063	58028	87507062	
PPC	26.1	22.7	24.4	24.4	456	24.45	141	24.5	196	0.1	0.41	24.5	1376	19896	24.7	206	24.8	965	24.85	201	24.5	24.9	24.35	400	2666	10628941	
PTB	49.95	43.45	46.7	47.15	10	47.2	1055	47.25	34	0.55	1.18	47.25	893	12012	47.3	4228	47.35	161	47.4	190	47.25	47.35	46.85	4505	0	1476566	
PTC	9.3	8.1	8.7	8.6	100	8.62	200	8.7	1038	0	0	8.7	122	1062	8.8	100	8.9	289	9	1800	0	8.71	8.7	0	0	876766	
PTL	3.34	2.92	3.13	2.97	200	3	206	3.13	1	0.02	0.64	3.15	10	5573	3.15	3599	3.33	1207	3.34	27	3.15	3.15	3	0	1985	4875858	
PVD	12.15	10.65	11.4	11.05	1650	11.1	17099	11.15	19484	-0.2	-1.75	11.2	28946	566443	11.2	886	11.25	14583	11.3	17370	11.2	11.6	11.2	150	432	15409482	
PVT	12.5	10.9	11.7	11.35	2288	11.4	2486	11.45	4589	-0.25	-2.14	11.45	5548	221898	11.5	14202	11.55	334	11.6	2344	11.45	12	11.45	8594	13824	6670050	
PXI	2.62	2.28	2.45	2.38	1020	2.4	435	2.41	40	0.01	0.41	2.46	10	940	2.5	20	2.51	102	2.52	100	0	2.54	2.32	0	0	1457811	
PXS	4.71	4.11	4.41	4.25	1200	4.3	740	4.32	372	0	0	4.41	50	7323	4.41	187	4.42	667	4.44	706	4.41	4.45	4.32	0	0	2291017	
PXT	1.4	1.22	1.31	1.38	801	1.39	600	1.4	71649	0.09	6.87	1.4	1000	1852	0	0	0	0	0	0	0	1.4	1.4	0	0	960326	
QBS	2.95	2.57	2.76	2.92	5820	2.94	4420	2.95	37708	0.19	6.88	2.95	4	16820	0	0	0	0	0	0	0	2.95	2.95	0	0	0	
QCG	8.23	7.17	7.7	8.1	1600	8.12	1	8.2	862	0.53	6.88	8.23	8434	144589	8.23	5543	0	0	0	0	8.23	8.23	7.75	1289	50	13318703	
RAL	84.9	73.9	79.4	79	64	79.1	10	79.4	32	0	0	79.4	35	3210	80	1439	81	79	81.1	100	79.4	80.5	79	482	0	544298	
RDP	10.6	9.26	9.95	0	0	9.26	70	9.37	1	0.01	0.1	9.96	2	1601	9.96	199	9.97	748	10	979	9.96	9.96	9.6	0	0	1812091	
REE	33.9	29.5	31.7	31.85	683	31.9	186	31.95	226	0.3	0.95	32	4464	106167	32	2350	32.05	684	32.1	4457	32	32.1	31.7	0	310	0	
RIC	4.52	3.94	4.23	0	0	3.94	652	4	1	-0.29	-6.86	3.94	1	21	4.23	30	4.39	5	4.4	20	3.94	3.94	3.94	0	0	473285	
ROS	3.23	2.81	3.02	3.21	110928	3.22	123209	3.23	1077382	0.21	6.95	3.23	659959	4467623	0	0	0	0	0	0	3.23	3.23	2.87	100294	106365	26381455	
S4A	29.4	25.6	27.5	26.5	20	26.6	71	27.15	1	-0.35	-1.27	27.15	2	2	27.4	123	27.5	942	0	0	0	27.15	27.15	0	0	2066289	
SAB	192.6	167.4	180	177.5	69	178	126	178.1	500	-1	-0.56	179	1442	5166	179	1378	182.8	20	183	321	179	183	179	6345	5566	23492792	
SAM	9.9	8.62	9.26	9	3798	9.02	90	9.1	1500	-0.06	-0.65	9.2	1003	11077	9.2	2625	9.21	2	9.26	9793	9.2	9.26	9	0	1841	12180261	
SAV	9.95	8.65	9.3	8.81	60	8.9	69	9	61	0	0	9.3	59	249	9.3	43	9.39	58	9.4	10	0	9.3	9.15	0	0	0	
SBA	15.15	13.25	14.2	14	471	14.1	239	14.2	1058	0	0	14.2	300	20988	14.4	300	14.5	501	14.6	100	0	14.2	14.2	0	0	2961980	
SBT	15.95	13.95	14.95	14.9	7391	14.95	3869	15	1000	0.1	0.67	15.05	13237	239163	15.05	5419	15.1	13114	15.15	8321	15.05	15.2	14.95	10579	1927	55177108	
SBV	10.6	9.22	9.91	9.8	1000	9.9	500	9.95	4	0.04	0.4	9.95	166	621	10.2	150	10.25	400	10.3	133	9.95	10.3	9.26	0	0	850673	
SC5	21.3	18.6	19.95	0	0	0	0	19	50	0	0	0	0	0	19.9	200	20.4	139	20.6	120	0	0	0	0	0	667533	
SCD	23.5	20.5	22	21.7	10	21.8	202	23	43	1	4.55	23	28	675	23.3	210	23.4	50	23.5	142	23	23	21.5	5	0	350171	
SCR	5.28	4.6	4.94	4.94	5018	4.95	14176	4.96	2263	0.02	0.4	4.96	14337	166344	5	2330	5.01	659	5.02	3318	4.96	5.1	4.95	71	0	17421737	
SCS	128.4	111.6	120	122.5	15	122.6	7	122.8	15	3	2.5	123	253	4829	123	110	123.3	17	123.5	120	123	123	117.7	3412	0	1385268	
SFC	23.2	20.2	21.7	0	0	20.3	150	21.2	5	0	0	21.7	23	48	21.65	6	21.7	327	22.5	7	0	21.7	21.7	0	0	544500	
SFG	6.28	5.46	5.87	5.65	650	5.67	20	5.68	50	-0.02	-0.34	5.85	10	3640	5.85	43	5.86	57	5.87	50	0	5.98	5.5	0	0	2256084	
SFI	20.15	17.55	18.85	18.65	3	18.7	4	18.75	4	-0.1	-0.53	18.75	55	60	18.85	2	19.7	66	19.8	8	18.75	19.7	18.55	11	0	585483	
SGN	75.7	65.9	70.8	70.6	137	70.7	38	70.8	42	0.2	0.28	71	71	1632	71	78	71.1	2	71.5	99	0	71	70.8	390	300	928213	
SGR	17	14.8	15.9	0	0	15	5	15.1	1	0.5	3.14	16.4	1	1	16	9	16.4	29	17	1	0	16.4	16.4	0	0	2231257	
SGT	4.54	3.96	4.25	4.3	1122	4.5	10	4.54	35	0.29	6.82	4.54	27	550	0	0	0	0	0	0	4.54	4.54	4.35	0	27	2599858	
SHA	4.28	3.72	4	3.98	4	3.99	26	4	500	0.08	2	4.08	2	965	4.08	18	4.1	31	4.14	6	4.08	4.08	3.97	0	0	1456550	
SHI	9.46	8.24	8.85	8.62	50	8.75	3	8.78	10	0	0	8.85	1800	73933	8.85	929	8.9	837	8.99	810	8.85	8.85	8.6	9	0	4197588	
SHP	26.35	22.95	24.65	23.1	200	23.7	500	24	7	0.15	0.61	24.8	1	823	24.8	69	24.9	510	25	585	0	25	23	0	0	4123802	
SII	18.15	15.85	17	0	0	0	0	15.9	52	0	0	0	0	0	16.8	50	16.9	62	17	802	0	0	0	0	0	2752	
SJD	18.4	16	17.2	17.15	260	17.2	533	17.25	37	0.05	0.29	17.25	150	549	17.4	10	17.5	4575	17.55	310	17.25	17.5	17.2	19	0	1569346	
SJF	2.24	1.96	2.1	2.17	5471	2.18	4373	2.19	11100	0.1	4.76	2.2	14246	202340	2.2	2246	2.21	3000	2.22	6420	2.2	2.22	2.06	0	0	3865613	
SJS	26.3	22.9	24.6	24	1258	24.1	210	24.2	3721	-0.3	-1.22	24.3	1283	31289	24.25	4226	24.3	462	24.6	200	24.3	25.55	24.2	616	409	5377932	
SKG	10.9	9.49	10.2	10.1	9653	10.15	4755	10.2	9	0.1	0.98	10.3	8055	25429	10.3	1759	10.35	2303	10.4	1020	10.3	10.3	10.15	0	0	240044	
SMA	13.9	12.1	13	12.7	88	12.8	20	13	36	0	0	13	500	6646	13.3	500	13.5	500	13.9	145	0	13	12.6	0	200	928355	
SMB	34	29.6	31.8	31.05	50	31.4	5	31.5	13	0.1	0.31	31.9	50	4379	31.9	54	32	708	32.2	2	31.9	32	31.5	2691	3595	1071041	
SMC	11.75	10.25	11	10.65	50	10.7	2	10.75	5	0	0	11	10	100	11	256	11.2	46	11.45	14	0	11	10.95	0	0	969907	
SPM	11.3	9.86	10.6	9.9	79	9.91	10	10	1000	0	0	10.6	1	229	10.6	99	10.8	5	10.9	3	10.6	10.6	10.5	0	0	643025	
SRC	17.45	15.25	16.35	15.8	50	16	567	16.05	1105	-0.3	-1.83	16.05	100	909	16.3	2	16.35	34	16.4	837	16.05	16.35	16.05	0	0	1372379	
SRF	14.25	12.45	13.35	12.7	1000	12.8	8	12.9	23	0.05	0.37	13.4	9	10	13.35	7	13.4	919	13.45	1300	13.4	13.4	13.4	0	0	70821	
SSC	59.8	52	55.9	0	0	0	0	52	51	0	0	55.9	2	12	55.9	1	59	15	59.3	2	55.9	55.9	55.5	0	0	718873	
SSI	16.25	14.15	15.2	15.55	3761	15.6	10785	15.65	2060	0.5	3.29	15.7	23194	936004	15.7	3410	15.75	7289	15.8	9308	15.7	15.95	15.45	49741	76054	29863923	
ST8	12.8	11.2	12	11.2	100	11.5	86	12	9	0.2	1.67	12.2	40	246	12.2	462	0	0	0	0	0	12.2	12	0	0	0	
STB	11.35	9.91	10.65	10.5	67482	10.55	47238	10.6	29862	-0.05	-0.47	10.6	52886	1397271	10.65	10849	10.7	20069	10.75	57601	10.6	10.9	10.6	8438	12850	27420805	
STG	16.05	13.95	15	14.4	100	14.5	100	14.6	100	0.45	3	15.45	20	123	15.45	31	15.5	637	15.6	10	15.45	15.5	13.95	0	0	4806153	
STK	18.9	16.5	17.7	17.45	105	17.5	110	17.55	60	-0.05	-0.28	17.65	810	8549	17.65	502	17.7	1132	17.75	483	17.65	18	17.2	694	22	3060971	
SVC	69.6	60.6	65.1	60.6	40	60.7	100	65.1	497	2.9	4.45	68	5	180	68.9	1	69	20	69.6	13	68	68	60.6	5	0	1146543	
SVI	85.4	74.4	79.9	0	0	0	0	75	9	-4.9	-6.13	75	10	63	77	1	78.5	9	79	10	75	75	75	0	0	623492	
SVT	15.3	13.3	14.3	15.1	500	15.2	500	15.3	64	1	6.99	15.3	3	696	0	0	0	0	0	0	0	15.3	15.3	0	0	515365	
SZC	23.5	20.5	22	21.1	6814	21.15	186	21.2	3686	-0.8	-3.64	21.2	13309	157701	21.45	145	21.5	2536	21.55	5	21.2	22.4	21.1	1517	0	4873459	
SZL	43.85	38.15	41	40.75	10	40.8	932	40.85	113	-0.15	-0.37	40.85	83	8489	40.95	76	41	12	41.05	35	40.85	41.5	40.85	2070	18	813224	
TAC	38.7	33.7	36.2	36	448	36.1	108	36.2	359	0	0	36.2	29	2621	36.4	110	36.5	63	36.7	57	36.2	36.9	36	21	29	1617370	
TBC	25.65	22.35	24	22.4	200	23.5	16	23.6	300	0	0	24	10	10	24.5	130	25.5	10	0	0	0	24	24	0	0	3079105	
TCB	22.8	19.9	21.35	21.1	8263	21.15	12521	21.2	9064	-0.15	-0.7	21.2	3827	221676	21.25	2916	21.3	1751	21.35	15292	21.2	21.45	21.2	0	0	0	
TCD	9.63	8.37	9	9	1284	9.01	992	9.1	16	0.1	1.11	9.1	40	2433	9.15	104	9.16	10	9.19	2	9.1	9.2	9	0	0	1444541	
TCH	23.2	20.2	21.7	21.9	717	21.95	1638	22	100	0.4	1.84	22.1	2865	182370	22.1	444	22.15	385	22.2	284	22.1	22.35	21.6	8298	6591	16165354	
TCL	27.65	24.05	25.85	25.5	842	25.55	832	25.6	1266	-0.25	-0.97	25.6	600	7355	25.8	398	25.85	200	25.9	504	25.6	25.9	25.6	55	0	1059919	
TCM	20.2	17.6	18.9	19.1	2001	19.15	770	19.2	46	0.4	2.12	19.3	5302	80842	19.3	2671	19.35	1830	19.4	3578	19.3	19.4	18.9	0	1130	0	
TCO	10.65	9.29	9.98	0	0	0	0	0	0	0	0	0	0	0	10	5	10.65	4	0	0	0	0	0	0	0	873491	
TCR	2.99	2.61	2.8	0	0	0	0	2.61	3	0.17	6.07	2.97	12	39	2.97	42	2.98	85	2.99	484	2.97	2.98	2.61	0	0	0	
TCT	35.05	30.55	32.8	31.85	20	32.6	1	32.7	10	-0.05	-0.15	32.75	50	656	32.8	117	33	261	33.15	30	0	32.9	31.65	0	0	374260	
TDC	8.61	7.49	8.05	8.05	5974	8.06	100	8.08	131	0.05	0.62	8.1	50	16762	8.1	50	8.11	200	8.12	600	8.1	8.13	8.04	0	0	4668697	
TDG	1.81	1.59	1.7	1.68	1968	1.69	4078	1.7	4079	0	0	1.7	10	23849	1.72	764	1.73	1930	1.74	150	1.7	1.73	1.69	0	0	781711	
TDH	9.54	8.3	8.92	9.52	400	9.53	2006	9.54	26715	0.62	6.95	9.54	338	488160	0	0	0	0	0	0	9.54	9.54	8.92	3649	105715	1722396	
TDM	23.05	20.05	21.55	21.8	1448	21.85	928	21.9	65	0.35	1.62	21.9	1260	16318	21.95	2192	22	5585	22.15	500	21.9	21.9	21.6	4689	189	3684384	
TDW	26.95	23.45	25.2	24.95	3	25.65	2	25.7	2	1.6	6.35	26.8	23	26	26.8	12	26.9	10	0	0	26.8	26.8	24.95	0	0	394367	
TEG	5.83	5.07	5.45	5.73	150	5.74	150	5.8	1040	0.38	6.97	5.83	41	11131	5.83	612	0	0	0	0	5.83	5.83	5.4	0	50	1574437	
TGG	1.12	0.98	1.05	1.03	1754	1.04	1906	1.05	339	0.01	0.95	1.06	1847	38154	1.06	6016	1.07	5082	1.08	610	1.06	1.09	1.03	1000	0	1250434	
THG	53.2	46.35	49.8	50.1	5	50.5	35	51	171	1.2	2.41	51	53	497	51.7	7	51.9	1	52.7	1	51	53	49.8	21	20	640214	
THI	28.45	24.75	26.6	26.1	100	26.2	100	26.3	50	0	0	0	0	0	28.45	1	0	0	0	0	0	0	0	0	0	2388065	
TIP	23.85	20.75	22.3	21.95	20	22	1386	22.05	519	-0.25	-1.12	22.05	210	24037	22.3	202	22.35	512	22.4	1904	22.05	23	22	50	0	1010884	
TIX	33.55	29.25	31.4	0	0	0	0	29.25	2	0	0	31.4	5	16	31.4	5	32	5	33.5	2	0	31.4	31.3	0	0	1467467	
TLD	6.43	5.59	6.01	5.92	24	5.95	160	6	330	0.09	1.5	6.1	15	22490	6.1	3019	6.13	50	6.14	600	6.1	6.1	6	0	0	891197	
TLG	33.55	29.25	31.4	32.75	308	32.8	354	32.85	510	1.5	4.78	32.9	1355	20182	32.9	197	32.95	261	33	2044	32.9	33	31.4	986	300	5922310	
TLH	3.63	3.17	3.4	3.59	110	3.6	1624	3.61	1368	0.22	6.47	3.62	1955	81202	3.62	271	3.63	11380	0	0	3.62	3.63	3.4	600	496	4905166	
TMP	37.55	32.65	35.1	34	55	35	40	35.1	40	0	0	35.1	45	160	35.9	9	36	9	36.5	1	0	35.1	35.1	100	45	3406310	
TMS	27.75	24.15	25.95	25.7	30	25.8	100	25.85	20	0.85	3.28	26.8	8	639	26.8	178	26.85	300	26.9	199	26.8	27.6	26.5	170	0	0	
TMT	6.51	5.67	6.09	5.9	80	6	23	6.2	1	0.26	4.27	6.35	102	562	6.35	240	6.4	1	6.43	1	6.35	6.35	5.67	0	0	1734219	
TN1	70.6	61.4	66	65.7	27	65.9	20	66	14	0	0	66	16	111	66.3	51	66.5	60	66.7	30	0	66	65.9	0	0	649230	
TNA	20.2	17.6	18.9	18.5	3539	18.6	1300	18.7	915	-0.1	-0.53	18.8	3500	26948	18.8	377	18.9	90	19	1570	18.8	19	18.4	0	1	1482207	
TNC	19.35	16.85	18.1	17.5	60	18	51	18.1	28	0.1	0.55	18.2	50	559	18.5	50	19	100	19.2	150	0	18.2	17.15	0	0	898642	
TNI	10.55	9.17	9.86	0	0	0	0	0	0	-0.69	-7	9.17	200	248748	9.17	14176	9.75	220	9.8	94	9.17	10	9.17	8	5266	2516291	
TNT	1.77	1.55	1.66	1.65	2492	1.66	3168	1.68	658	0.03	1.81	1.69	1000	16372	1.69	103	1.7	339	1.75	70	1.69	1.7	1.56	500	0	1233641	
TPB	23.45	20.45	21.95	21.8	1161	21.85	202	21.9	1851	0.05	0.23	22	2816	31323	22	2473	22.05	1400	22.1	3462	22	22.1	21.9	0	0	0	
TPC	8.76	7.62	8.19	7.9	10	7.91	1	8	46	-0.19	-2.32	8	24	46	8.24	3	8.3	85	8.45	23	0	8.24	8	0	0	1156357	
TRA	62	54	58	57.6	11	57.7	11	57.8	6	-0.2	-0.34	57.8	10	296	58	6	58.4	17	58.5	50	0	59	57.8	18	0	207951	
TRC	30.35	26.45	28.4	28.5	19	28.7	100	29	311	1.6	5.63	30	111	2248	30	74	30.35	844	0	0	30	30.35	29	0	24	1220796	
TS4	3.31	2.89	3.1	3.05	626	3.06	10	3.1	62	0	0	3.1	200	2219	3.12	188	3.14	10	3.15	300	3.1	3.1	3.01	0	0	762159	
TSC	2.64	2.3	2.47	2.43	2100	2.44	200	2.45	1314	0.01	0.4	2.48	10094	123645	2.48	6602	2.5	6890	2.52	103	2.48	2.48	2.39	0	0	7176719	
TTB	5.85	5.09	5.47	5.42	2589	5.43	1449	5.44	797	-0.03	-0.55	5.44	5370	128153	5.46	2350	5.47	2378	5.48	100	5.44	5.75	5.35	180	50	2285406	
TTE	14.85	12.95	13.9	0	0	0	0	0	0	0	0	0	0	0	13.85	1	13.9	5	0	0	0	0	0	0	0	1452958	
TTF	3.23	2.81	3.02	3.1	9826	3.11	4750	3.12	2	0.13	4.3	3.15	11554	323433	3.15	9086	3.16	3314	3.17	12160	3.15	3.17	3	3900	0	15180999	
TV2	83.4	72.6	78	78.4	290	78.5	310	78.7	788	0.7	0.9	78.7	192	2223	79.3	3	79.4	330	79.5	179	78.7	79.5	78	457	1	17384	
TVB	10.45	9.12	9.8	9.97	583	9.98	340	10	4329	0.2	2.04	10	1500	69935	10.05	2050	10.1	1569	10.15	2101	10	10.25	9.78	120	609	2335068	
TVS	11.3	9.86	10.6	10.5	140	10.55	185	10.6	153	0.25	2.36	10.85	400	1050	10.85	30	10.9	702	10.95	1033	10.85	10.85	10.6	0	300	2174753	
TVT	21.9	19.1	20.5	20	3	20.1	30	20.2	9	-0.3	-1.46	20.2	1	45	20.45	50	20.5	507	20.7	50	20.2	20.5	20.2	0	0	1026441	
TYA	13.65	11.95	12.8	13	700	13.05	20	13.1	200	0.35	2.73	13.15	380	7398	13.15	50	13.2	80	13.25	100	13.15	13.15	12.8	250	500	401136	
UDC	3.32	2.9	3.11	3.3	78	3.31	550	3.32	13550	0.21	6.75	3.32	50	4348	0	0	0	0	0	0	0	3.32	3.32	0	0	1713749	
UIC	39.95	34.75	37.35	37.1	1	37.2	13	37.3	84	0.05	0.13	37.4	3	2014	37.4	207	37.45	90	37.5	907	0	37.4	37	1439	0	225377	
VAF	7.26	6.32	6.79	6.32	10	6.79	11	6.8	5	0	0	6.79	1	1	7.26	1	0	0	0	0	6.79	6.79	6.79	0	0	1845588	
VCB	94	81.8	87.9	88.7	54	88.8	511	88.9	1	1.1	1.25	89	2535	45024	89	5118	89.1	485	89.2	894	89	89	88	54967	39192	23063175	
VCF	230	200	215	213.2	1	213.4	1	214	2	8.9	4.14	223.9	1	56	224	10	224.5	1	225	23	223.9	226	212	50	23	1287773	
VCI	25.3	22	23.65	25.1	2324	25.15	288	25.2	809	1.55	6.55	25.2	2965	250340	25.25	1780	25.3	4863	0	0	25.2	25.3	23.75	5683	41895	11698083	
VDP	38.5	33.5	36	34.6	2	34.7	1	34.8	1	2.3	6.39	38.3	3	408	38.3	194	38.4	20	38.5	360	38.3	38.3	34	0	0	622113	
VDS	6.42	5.58	6	6	1241	6.01	500	6.02	5	0.2	3.33	6.2	23	3555	6.23	80	6.25	150	6.29	20	0	6.21	6	0	0	4865369	
VFG	41.9	36.5	39.2	38.3	1	38.5	1	38.55	1	-0.35	-0.89	38.85	33	73	38.85	6	39	5	39.2	16	0	39.2	38.85	0	10	1484432	
VGC	19.95	17.35	18.65	18.8	308	18.9	1000	19	80	0.4	2.14	19.05	1000	50980	19.05	100	19.1	2370	19.15	1458	19.05	19.1	18.6	6881	2577	17554391	
VHC	36.8	32	34.4	34.8	1998	34.85	5	34.9	652	0.5	1.45	34.9	257	79022	35	325	35.1	5629	35.15	280	34.9	35.35	34.4	27556	1950	12358067	
VHM	83.3	72.5	77.9	77.3	1810	77.4	884	77.5	965	-0.4	-0.51	77.5	17813	312780	77.6	435	77.7	903	77.8	271	77.5	78.7	77	90917	34495	117686059	
VIC	103.5	90.1	96.8	95.8	685	95.9	241	96	2130	-0.8	-0.83	96	16727	55074	96.3	16	96.4	45	96.5	1574	96	96.8	96	12031	39193	76767276	
VID	6.7	5.84	6.27	6.6	5000	6.65	80	6.7	13039	0.43	6.86	6.7	1	605	0	0	0	0	0	0	0	6.7	6.7	0	0	1354422	
VIP	5.36	4.66	5.01	5.13	860	5.18	3104	5.19	943	0.18	3.59	5.19	553	16415	5.22	10	5.23	100	5.24	600	5.19	5.25	5.01	200	3053	2923866	
VIS	21.4	18.6	20	0	0	0	0	18.6	9	0	0	0	0	0	20	85	21	35	21.4	99	0	0	0	0	0	1910919	
VJC	121.7	105.9	113.8	113.9	82	114	6	114.3	431	0.5	0.44	114.3	8042	68765	114.4	10	114.5	1145	114.6	1	114.3	114.3	113.8	8183	11791	6255063	
VMD	21.95	19.15	20.55	20.25	5	20.3	2	20.5	103	-0.05	-0.24	20.5	17	17	21	20	21.5	10	21.95	100	0	20.5	20.5	17	0	729202	
VND	13.85	12.05	12.95	13.45	16750	13.5	10	13.55	489	0.65	5.02	13.6	6544	176295	13.6	4109	13.65	1075	13.7	5366	13.6	13.75	13.15	4434	17755	2885707	
VNE	5.22	4.54	4.88	0	0	0	0	0	0	-0.34	-6.97	4.54	20	13378	4.54	66458	4.6	51	4.75	40	0	4.54	4.54	100	0	3927836	
VNG	14.6	12.7	13.65	13.55	294	13.6	144	13.65	244	0.05	0.37	13.7	143	17948	13.7	1451	13.75	842	13.8	1187	13.7	13.7	13.6	300	0	4757077	
VNL	14.65	12.75	13.7	13.25	13	13.5	45	13.6	81	0	0	0	0	0	14.65	20	0	0	0	0	0	0	0	0	0	357640	
VNM	124.7	108.5	116.6	117.6	522	117.7	3207	117.8	1040	1.2	1.03	117.8	5267	73542	117.9	3534	118	13969	118.1	2555	117.8	117.9	117	60072	26459	71625717	
VNS	11.2	9.77	10.5	10.5	706	10.6	502	10.7	1029	0.2	1.9	10.7	50	6618	10.8	500	11.1	9	11.15	2	10.7	11.1	10.45	0	0	1947013	
VOS	1.59	1.39	1.49	1.45	8167	1.46	8602	1.47	120	-0.01	-0.67	1.48	1200	44358	1.48	116	1.49	4073	1.5	2305	1.48	1.5	1.45	6000	0	6598482	
VPB	26	22.6	24.3	23.9	7819	23.95	4111	24	8532	-0.3	-1.23	24	23758	596754	24.05	200	24.1	3169	24.15	1084	24	24.6	23.95	8814	1131	0	
VPD	15.7	13.7	14.7	14	40	14.5	300	14.7	89	0.2	1.36	14.9	1	581	14.9	1229	15	475	15.3	1	0	14.9	14.7	0	0	5218547	
VPG	17.7	15.4	16.55	0	0	0	0	0	0	1.05	6.34	17.6	15	1461	17.4	260	17.6	5	17.7	60	17.6	17.6	15.4	100	10	1294561	
VPH	4.67	4.07	4.37	4.51	262	4.55	600	4.58	515	0.21	4.81	4.58	885	17428	4.59	1300	4.6	1363	4.62	10	4.58	4.58	4.39	0	54	3417796	
VPI	44.25	38.55	41.4	41.3	121	41.35	134	41.4	151	0.2	0.48	41.6	200	74417	41.6	498	41.65	492	41.7	614	41.6	41.9	40	0	13009	7212244	
VPS	10.25	8.93	9.6	9.51	90	9.52	6	9.6	1	0	0	0	0	0	10.1	15	10.2	70	10.25	10	0	0	0	0	0	1181843	
VRC	8.16	7.1	7.63	8.12	1	8.14	477	8.16	21042	0.53	6.95	8.16	1	32495	0	0	0	0	0	0	8.16	8.16	7.8	0	0	2389947	
VRE	30.05	26.15	28.1	28.25	3201	28.3	4144	28.35	2687	0.3	1.07	28.4	14611	283903	28.4	1047	28.45	359	28.5	2036	28.4	28.85	28.3	162827	53962	42441031	
VSC	30.2	26.3	28.25	28.15	662	28.2	738	28.25	150	0.05	0.18	28.3	100	13014	28.3	369	28.4	200	28.5	1275	28.3	29	28.2	639	135	856580	
VSH	18.8	16.4	17.6	17.5	300	17.55	328	17.6	31	0	0	17.6	726	1271	17.9	150	17.95	100	18	100	17.6	17.65	17.6	0	726	7537080	
VSI	24	20.9	23.95	0	0	20.9	2	21.05	12	-0.15	-0.63	23.8	5	119	23.8	758	23.85	100	23.9	5	23.8	23.95	23	25	0	639846	
VTB	10.9	9.49	10.2	10.1	70	10.15	63	10.2	129	0.45	4.41	10.65	200	206	10.6	1	10.65	204	10.7	1108	10.65	10.7	10.15	0	0	496999	
VTO	8.23	7.17	7.7	7.62	180	7.63	300	7.7	289	0.01	0.13	7.71	300	2426	7.71	150	7.75	12	7.8	584	7.71	7.8	7.7	0	50	3717937	
YBM	5.35	4.65	5	5.05	250	5.06	300	5.07	10	0.3	6	5.3	1	2952	5.3	274	5.33	100	5.34	100	5.3	5.35	4.75	0	0	688729	
YEG	61.6	53.6	57.6	57.6	3	57.7	32	57.8	38	0.2	0.35	57.8	50	2578	58	451	58.3	22	58.5	323	57.8	58.4	57.3	0	346	2166878	
