HNX
120.1
2.02	1.71
109934555	1077.88	
AAV	6.4	5.4	5.9	5.8	9110	5.9	3430	6	1490	0.2	3.39	6.1	10	69870	6.1	1980	6.2	3610	6.3	1400	6.2	5.7	5.92	0	0	0	
ACB	27.7	22.7	25.2	25.2	20850	25.3	11200	25.4	17990	0.2	0.79	25.4	100	608400	25.5	3850	25.6	38770	25.7	35780	26	25.2	25.63	0	0	0	
ACM	0.6	0.4	0.5	0	0	0.4	85230	0.5	265010	0	0	0.5	300	28330	0.6	156910	0	0	0	0	0.6	0.5	0.5	0	0	2471768	
ADC	15.5	12.7	14.1	13	200	13.5	50	13.7	20	0.3	2.13	14.4	10	10	14.3	10	14.4	20	14.5	30	14.4	14.4	14.4	0	0	104819	
ALT	14.1	11.7	12.9	0	0	0	0	0	0	0	0	0	0	0	12	10	13	200	13.9	300	0	0	12.9	0	0	282665	
AMC	20.9	17.1	19	18	340	18.2	10	18.3	110	0	0	0	0	0	19	250	19.3	230	19.5	500	0	0	19	0	0	128530	
AME	8.1	6.7	7.4	0	0	6.7	50	7.4	100	0.1	1.35	7.5	20	20	7.9	50	0	0	0	0	7.5	7.5	7.5	0	0	1092640	
AMV	20.9	17.1	19	19.4	1350	19.5	930	19.6	720	0.7	3.68	19.7	10	94560	19.7	1310	19.8	830	19.9	2370	20.1	19	19.79	520	2471	1769927	
API	11.7	9.7	10.7	10	10	10.1	170	10.2	10	-0.6	-5.61	10.1	10	40	11.2	60	11.3	20	11.6	10	10.8	10.1	10.6	0	10	177077	
APP	4.4	3.6	4	3.6	150	3.7	50	4	50	0	0	0	0	0	4.3	80	4.4	110	0	0	0	0	4	0	0	226431	
APS	2.6	2.2	2.4	2.3	300	2.4	470	2.5	2330	0.1	4.17	2.5	100	8130	2.6	8670	0	0	0	0	2.6	2.4	2.5	0	50	2750605	
ARM	30.3	24.9	27.6	0	0	25	20	27.6	20	0	0	0	0	0	0	0	0	0	0	0	0	0	27.6	0	0	126933	
ART	3.1	2.7	2.9	2.7	53780	2.8	56940	2.9	75660	0.1	3.45	3	60	518470	3	7400	3.1	201710	0	0	3.1	2.9	2.97	0	118820	4239758	
ATS	29.3	24.1	26.7	0	0	0	0	0	0	0	0	0	0	0	0	0	0	0	0	0	0	0	26.7	0	0	171480	
BAX	48.1	39.5	43.8	42.1	40	42.3	500	42.4	300	-1.4	-3.2	42.4	100	330	42.9	20	44	520	44.5	60	43.5	42.3	43.01	0	0	387460	
BBS	12.6	10.4	11.5	0	0	0	0	0	0	0.2	1.74	11.7	10	10	0	0	0	0	0	0	11.7	11.7	11.7	0	0	291494	
BCC	8.3	6.9	7.6	7.4	1370	7.5	6820	7.6	5880	0.1	1.32	7.7	10	16060	7.7	2010	7.8	4570	7.9	2770	7.8	7.6	7.7	0	0	4911006	
BCF	58.3	47.7	53	0	0	0	0	0	0	0	0	0	0	0	53	340	54	60	55	190	0	0	53	0	0	0	
BDB	11.8	9.8	10.8	0	0	0	0	0	0	0	0	0	0	0	0	0	0	0	0	0	0	0	10.8	0	0	55197	
BED	36.3	29.7	33	0	0	30	10	33	140	0	0	0	0	0	0	0	0	0	0	0	0	0	33	0	0	147000	
BII	0.8	0.6	0.7	0.7	34330	0.8	25950	0	25010	0.1	14.29	0.8	200	71170	0	0	0	0	0	0	0.8	0.7	0.8	0	0	2470175	
BKC	6.1	5.1	5.6	5.4	50	5.5	50	5.6	50	0.5	8.93	6.1	50	50	0	0	0	0	0	0	6.1	6.1	6.1	0	0	573668	
BLF	3.5	2.9	3.2	0	0	0	0	0	0	0	0	0	0	0	0	0	0	0	0	0	0	0	3.2	0	0	536148	
BPC	12.9	10.7	11.8	0	0	0	0	0	0	0	0	0	0	0	12	20	12.9	100	0	0	0	0	11.8	0	0	178873	
BSC	16.7	13.7	15.2	0	0	0	0	0	0	0	0	0	0	0	0	0	0	0	0	0	0	0	15.2	0	0	139186	
BST	15.9	13.1	14.5	0	0	13.4	100	13.5	190	-1	-6.9	13.5	10	180	14.5	30	15.4	20	15.5	20	13.5	13.5	13.5	0	0	53740	
BTS	4.4	3.6	4	3.8	20	4	170	4.1	180	0.1	2.5	4.1	20	380	4.2	60	4.4	10	0	0	4.1	4	4.01	0	0	5863673	
BTW	33.1	27.1	30.1	29	10	30	80	30.1	460	0	0	30.1	40	100	33	70	0	0	0	0	30.1	30.1	30.1	0	0	264611	
BVS	12.1	9.9	11	11	1850	11.1	560	11.2	70	0.2	1.82	11.2	30	16750	11.3	270	11.4	2000	11.5	1870	11.4	11	11.18	1010	1000	1675397	
BXH	15.9	13.1	14.5	0	0	13.1	10	15.9	500	0	0	0	0	0	0	0	0	0	0	0	0	0	14.5	0	0	147589	
C69	6.1	5.1	5.6	5.9	190	6	1510	6.1	3700	0.5	8.93	6.1	10	36670	0	0	0	0	0	0	6.1	5.6	6.04	200	0	734760	
C92	4.5	3.7	4.1	3.8	50	3.9	10	4	40	-0.1	-2.44	4	420	1100	4.1	400	4.3	40	0	0	4	4	4	0	0	258285	
CAG	94.4	77.4	85.9	0	0	0	0	0	0	0	0	0	0	0	77.4	60	85.9	30	94.4	30	0	0	85.9	0	0	676200	
CAN	28.6	23.4	26	0	0	0	0	23.4	410	-2.6	-10	23.4	20	90	25.9	20	26	10	27.5	110	23.4	23.4	23.4	0	0	123068	
CAP	31.7	26.1	28.9	28.7	100	28.8	30	28.9	10	0.1	0.35	29	10	2020	29	340	29.1	200	29.2	210	29.2	28.9	29.01	0	1	248198	
CDN	21.4	17.6	19.5	19	80	19.3	410	20	280	0.8	4.1	20.3	10	1390	20.3	140	20.4	30	20.5	70	20.3	19.6	19.89	60	0	2739075	
CEO	8.6	7.2	7.9	8.4	6880	8.5	15480	8.6	280	0.7	8.86	8.6	460	480490	0	0	0	0	0	0	8.6	7.9	8.4	6020	0	8556192	
CET	1.9	1.7	1.8	1.8	370	1.9	7390	0	300	0.1	5.56	1.9	410	6160	0	0	0	0	0	0	1.9	1.9	1.9	0	0	296070	
CIA	12.9	10.7	11.8	11.4	180	11.5	240	11.6	90	-0.2	-1.69	11.6	10	1820	11.9	170	12	170	12.2	330	12	11.5	11.69	0	0	565434	
CJC	18.8	15.4	17.1	0	0	0	0	15.4	10	-1.7	-9.94	15.4	10	10	17	300	17.2	400	18.8	260	15.4	15.4	15.4	0	0	194710	
CKV	14.3	11.7	13	0	0	11.7	80	12	10	-1	-7.69	12	10	310	13	150	13.1	100	13.2	100	13	12	12.92	0	0	145197	
CLH	18.7	15.3	17	16.7	210	16.9	180	17	20	0.3	1.76	17.3	20	700	17.4	10	17.5	170	17.7	100	17.5	17	17.06	0	0	488530	
CLM	18.7	15.3	17	0	0	0	0	15.3	30	0	0	0	0	0	17.5	40	0	0	0	0	0	0	17	0	0	0	
CMC	5.2	4.4	4.8	0	0	4.4	170	4.9	210	0.1	2.08	4.9	20	130	5	60	5.2	10	0	0	4.9	4.9	4.9	0	0	217430	
CMS	2.8	2.4	2.6	0	0	2.4	620	2.5	1290	0	0	2.6	10	910	2.6	1460	2.7	1200	2.8	1640	2.6	2.4	2.49	360	0	817356	
CPC	17.6	14.4	16	15.2	50	15.5	10	16.2	100	0.2	1.25	16.2	10	350	17	10	17.1	10	17.3	10	17.5	16.2	16.98	0	0	127886	
CSC	24.8	20.4	22.6	22	50	22.1	120	22.3	10	-0.3	-1.33	22.3	20	420	22.5	20	22.6	20	22.7	50	22.6	22.3	22.49	0	1	942239	
CTB	33	27	30	28.7	30	29.5	200	29.6	30	-1	-3.33	29	110	310	30.9	10	31	10	32.4	70	29.5	29	29.32	0	0	586195	
CTC	3.6	3	3.3	0	0	0	0	0	0	0	0	0	0	0	0	0	0	0	0	0	0	0	3.3	0	0	430569	
CTP	4.4	3.6	4	0	0	3.6	760	3.7	240	-0.2	-5	3.8	200	5520	3.9	380	4	820	4.1	1090	4	3.8	3.92	0	0	583701	
CTT	10.5	8.7	9.6	0	0	0	0	9.6	590	0	0	9.6	10	510	0	0	0	0	0	0	9.6	9.6	9.6	0	0	228970	
CTX	10.1	8.3	9.2	8.8	210	8.9	10	9	30	0	0	9.2	10	90	9.2	260	9.5	540	10	30	9.2	8.7	8.76	0	0	3865356	
CVN	11.5	9.5	10.5	10.6	200	10.7	10	10.8	100	0.3	2.86	10.8	400	2460	11	100	11.1	60	11.2	110	10.8	10.5	10.68	0	0	404110	
CX8	9.4	7.8	8.6	0	0	0	0	0	0	0	0	0	0	0	0	0	0	0	0	0	0	0	8.6	0	0	102786	
D11	36.5	29.9	33.2	33	430	33.1	200	33.2	2410	0.1	0.3	33.3	10	2630	33.3	1100	33.4	90	33.5	200	33.6	31	32.05	0	0	320422	
DAD	16.3	13.5	14.9	13.5	20	14.3	10	14.4	10	0.6	4.03	15.5	10	20	15.5	1000	16.3	10	0	0	15.5	15.5	15.5	10	0	93860	
DAE	15.4	12.6	14	13.4	20	13.5	10	14	30	0	0	14	20	20	14.4	500	15	20	15.2	20	14	14	14	0	0	62022	
DBT	12.5	10.3	11.4	0	0	0	0	10.4	200	-0.9	-7.89	10.5	100	1640	11	400	11.2	500	11.4	500	11	10.5	10.74	0	0	0	
DC2	6.8	5.6	6.2	5.9	300	6.1	1100	6.2	200	0	0	0	0	0	6.6	500	0	0	0	0	0	0	6.2	0	0	123460	
DC4	15.4	12.6	14	0	0	0	0	0	0	0	0	0	0	0	13.8	30	13.9	210	14	10	0	0	14	0	0	1468583	
DDG	30.2	24.8	27.5	27.1	470	27.2	100	27.3	50	-0.1	-0.36	27.4	10	7690	27.4	120	27.5	350	27.6	100	27.8	27	27.29	0	0	1451980	
DGC	45.6	37.4	41.5	41.4	540	41.5	100	41.6	330	0.1	0.24	41.6	750	40410	41.7	620	41.8	2870	41.9	880	42	41.2	41.74	0	0	6229625	
DHP	11	9	10	0	0	9	300	9.5	50	0	0	0	0	0	10.2	1060	10.5	30	11	80	0	0	10	0	0	414397	
DHT	48.9	40.1	44.5	44.6	490	44.7	280	44.8	100	0.5	1.12	45	300	7820	45	2370	45.2	190	45.5	160	45.1	44.7	44.93	0	0	969265	
DIH	16.8	13.8	15.3	0	0	0	0	0	0	0.2	1.31	15.5	40	130	15.5	210	15.6	100	15.7	100	16.3	15.3	15.53	0	0	293364	
DL1	17.3	14.3	15.8	0	0	0	0	14.3	10	1.2	7.59	17	10	10	16.7	30	16.9	30	17	130	17	17	17	0	0	4853751	
DNC	67.1	54.9	61	0	0	0	0	0	0	0	0	0	0	0	61	10	62.5	30	62.9	20	0	0	61	0	0	200562	
DNM	37.9	31.1	34.5	35.6	250	36	80	36.1	10	1.6	4.64	36.1	10	2140	36.6	10	36.7	10	36.8	130	37.9	34.5	36.82	0	0	196636	
DNP	18.7	15.3	17	16	350	16.2	40	16.4	10	0	0	17	90	500	17	1210	17.2	500	17.5	500	17	17	17	0	330	3022418	
DP3	78.1	63.9	71	68.8	80	69	350	69.1	90	-1.9	-2.68	69.1	10	1320	70	250	71	20	72	10	71	68	69.05	0	20	417434	
DPC	11.3	9.3	10.3	9.5	40	9.6	30	9.7	60	0.2	1.94	10.5	100	150	10.5	20	10.8	10	11	20	10.5	10.3	10.43	0	0	106768	
DPS	0.3	0.1	0.2	0	0	0	0	0	0	0	0	0	0	0	0	0	0	0	0	0	0	0	0.2	0	0	1511121	
DS3	3.9	3.3	3.6	3.4	220	3.5	300	3.6	2960	0.1	2.78	3.7	50	10830	3.7	1790	3.8	4880	3.9	6340	3.7	3.6	3.68	0	0	521256	
DST	5	4.2	4.6	4.9	9050	5	21930	0	5900	0.4	8.7	5	470	56400	0	0	0	0	0	0	5	4.3	4.76	0	0	155	
DTD	13.7	11.3	12.5	12.1	830	12.2	1250	12.3	1060	-0.1	-0.8	12.4	10	10060	12.4	240	12.5	2470	12.6	2360	12.6	12.2	12.45	0	50	1202979	
DXP	11.9	9.9	10.9	10	380	10.1	380	10.2	100	-0.7	-6.42	10.2	150	650	10.4	130	10.5	120	10.8	400	11.3	10.2	10.34	30	0	280603	
DZM	3.7	3.1	3.4	3.1	3930	3.2	1240	3.3	1170	0	0	3.4	50	11410	3.4	490	3.5	780	3.6	1110	3.5	3.2	3.36	620	0	206349	
EBA	9.9	8.1	9	0	0	9	20	9.9	50	0	0	0	0	0	0	0	0	0	0	0	0	0	9	0	0	1550000	
EBS	7.5	6.3	6.9	6.8	210	6.9	350	7	50	0	0	0	0	0	7.1	150	7.2	30	7.4	30	0	0	6.9	0	0	414850	
ECI	17.6	14.4	16	0	0	0	0	14.5	80	-1.5	-9.38	14.5	10	310	0	0	0	0	0	0	16	14.5	15.9	0	0	81210	
EID	11.8	9.8	10.8	10.6	550	10.7	460	10.8	50	0	0	10.8	170	2990	10.9	820	11	1500	11.2	470	11.2	10.8	10.83	610	1500	385765	
EVS	8.9	7.3	8.1	0	0	0	0	0	0	-0.8	-9.88	7.3	10	930	7.3	570	8.1	2380	8.5	50	8.1	7.3	7.74	0	0	6000040	
FDT	42.6	35	38.8	0	0	0	0	0	0	0	0	0	0	0	0	0	0	0	0	0	0	0	38.8	0	0	149670	
FID	1	0.8	0.9	0	0	0.8	4340	0.9	290	0	0	0.9	30	15720	1	18810	0	0	0	0	1	0.9	0.91	0	0	1151466	
GDW	29.7	24.3	27	0	0	0	0	24.5	40	-2.5	-9.26	24.5	10	10	26	490	29.7	670	0	0	24.5	24.5	24.5	0	0	415360	
GKM	19.6	16.2	17.9	17.2	420	17.3	210	17.4	30	0.1	0.56	18	370	16890	18	430	18.1	910	18.2	670	18	17.7	17.81	0	0	729301	
GLT	25.8	21.2	23.5	0	0	0	0	0	0	-1.7	-7.23	21.8	20	70	0	330	22.9	140	23.2	30	21.8	21.8	21.8	10	0	247742	
GMX	25.8	21.2	23.5	0	0	21.3	20	21.5	20	0	0	0	0	0	0	0	0	0	0	0	0	0	23.5	0	0	250114	
HAD	15.8	13	14.4	13.6	530	13.7	100	14	50	-0.3	-2.08	14.1	20	7760	14.1	410	14.2	910	14.3	150	14.2	13.6	13.91	90	480	157449	
HAT	21.6	17.8	19.7	19.1	100	19.3	130	19.4	20	-0.2	-1.02	19.5	10	130	20.8	110	21	190	21.6	160	19.7	19.1	19.36	0	0	129692	
HBE	7.7	6.3	7	0	0	0	0	6.3	10	0	0	0	0	0	7	20	0	0	0	0	0	0	7	0	0	62866	
HBS	2.2	1.8	2	1.8	1530	1.9	2600	2	1460	0.1	5	2.1	200	1930	2.1	10	2.2	110	0	0	2.2	2	2.15	0	0	1594525	
HCC	12.7	10.5	11.6	11.2	20	11.3	110	11.4	70	0	0	11.6	10	1800	11.6	70	11.8	100	11.9	250	11.7	11.6	11.63	0	0	221080	
HCT	11.6	9.6	10.6	0	0	0	0	0	0	0.4	3.77	11	10	160	10.8	200	11	190	11.2	10	11.3	9.6	10.3	50	0	44032	
HDA	9.6	8	8.8	8.6	3630	8.7	2350	8.8	1060	0.1	1.14	8.9	40	21960	8.9	1370	9	3550	9.1	790	9	8.8	8.86	200	0	498297	
HEV	13.9	11.5	12.7	0	0	0	0	0	0	0	0	0	0	0	13.9	1980	0	0	0	0	0	0	12.7	0	0	10644	
HGM	39.7	32.5	36.1	0	0	0	0	0	0	0	0	0	0	0	35	210	38	50	39.5	10	0	0	36.1	0	0	615040	
HHC	111.1	90.9	101	0	0	0	0	0	0	0	0	0	0	0	102	10	105	260	0	0	0	0	101	0	0	799044	
HHG	1.3	1.1	1.2	1.2	1710	1.3	14740	0	1000	0.1	8.33	1.3	50	19110	0	0	0	0	0	0	1.3	1.2	1.3	15500	0	1629158	
HHP	12.1	9.9	11	11	2080	11.1	1760	11.2	1310	0.3	2.73	11.3	150	28740	11.3	60	11.4	640	11.5	750	11.5	11	11.34	0	0	852293	
HJS	25.8	21.2	23.5	21.2	40	21.5	50	23	70	0	0	0	0	0	24.5	40	25.8	30	0	0	0	0	23.5	0	0	1027132	
HKB	0.8	0.6	0.7	0	0	0.6	121620	0.7	380	0	0	0.7	30	25910	0.8	89300	0	0	0	0	0.8	0.6	0.7	0	0	2462058	
HKT	5.1	4.3	4.7	4.7	200	5.1	780	0	330	0.4	8.51	5.1	10	870	0	0	0	0	0	0	5.1	4.4	5.08	0	0	298207	
HLC	8.4	7	7.7	0	0	0	0	0	0	0	0	0	0	0	7.9	10	8	10	8.2	1030	0	0	7.7	0	0	1102303	
HLD	21.6	17.8	19.7	19.5	280	19.6	100	19.7	380	0.1	0.51	19.8	40	4450	19.9	450	20.1	70	20.2	270	19.9	19.5	19.69	1320	1660	806344	
HLY	52.8	43.2	48	0	0	0	0	0	0	0	0	0	0	0	43.2	10	45	20	0	0	0	0	48	0	0	43044	
HMH	9.7	8.1	8.9	8.3	1000	8.5	300	8.6	500	0	0	0	0	0	8.9	20	9	110	9.5	270	0	0	8.9	0	0	391822	
HNM	4.9	4.1	4.5	0	0	0	0	0	0	0	0	0	0	0	0	0	0	0	0	0	0	0	4.5	0	0	963835	
HOM	3.6	3	3.3	3	100	3.1	6300	3.2	1480	0	0	3.3	10	2100	3.3	1600	3.4	2230	3.5	1220	3.3	3.2	3.24	0	0	3454940	
HPM	14.1	11.7	12.9	0	0	0	0	0	0	0	0	0	0	0	11.7	90	0	0	0	0	0	0	12.9	0	0	179520	
HTC	26.2	21.6	23.9	0	0	22.2	100	23.1	200	0	0	0	0	0	26	10	0	0	0	0	0	0	23.9	0	0	524030	
HTP	11	9	10	9.1	180	9.9	110	10	10	1	10	11	200	590	11	20	0	0	0	0	11	9.9	10.68	0	0	88044	
HUT	2.5	2.1	2.3	2.3	199710	2.4	102470	2.5	30240	0.2	8.7	2.5	40	1424190	0	0	0	0	0	0	2.5	2.4	2.49	200	0	12126401	
HVT	40.7	33.3	37	34.1	10	35.8	10	36	10	0	0	0	0	0	37	100	39	30	39.6	220	0	0	37	0	0	518626	
ICG	5.5	4.5	5	4.8	160	4.9	120	5	400	0	0	5	500	4140	5.1	1600	5.2	400	5.4	120	5.1	5	5	210	0	843634	
IDC	20.9	17.1	19	19.1	560	19.2	300	19.3	270	0.8	4.21	19.8	190	5580	19.8	110	19.9	110	20	360	19.8	18.9	19.16	0	0	14608357	
IDJ	14.8	12.2	13.5	13.3	3020	13.4	1650	13.5	320	0.2	1.48	13.7	60	18460	13.7	590	13.8	1570	13.9	1420	13.8	13.3	13.58	0	0	1449935	
IDV	42	34.4	38.2	37.7	90	37.8	520	37.9	10	-0.2	-0.52	38	20	670	38	160	38.2	140	38.5	280	38.1	37.8	37.96	150	0	634437	
INC	8.1	6.7	7.4	0	0	6.7	20	6.8	100	0.6	8.11	8	120	120	0	0	0	0	0	0	8	8	8	0	0	98000	
INN	28.1	23.1	25.6	25	1580	25.1	930	25.2	10	0	0	25.6	10	3780	25.6	50	25.7	60	25.8	180	26.1	25	25.27	1510	0	705041	
ITQ	2.6	2.2	2.4	2.2	5680	2.3	8630	2.4	3680	0.1	4.17	2.5	910	17490	2.5	90	2.6	8590	0	0	2.6	2.4	2.51	0	0	1165771	
IVS	7.5	6.3	6.9	6.3	50	6.8	130	6.9	270	0.3	4.35	7.2	10	1010	7.2	2090	7.4	160	7.5	100	7.2	6.9	6.96	0	1010	1639743	
KDM	2	1.8	1.9	0	0	1.8	3170	1.9	90	0	0	1.9	10	8930	2	3040	0	0	0	0	1.9	1.8	1.83	0	0	345583	
KHS	14.7	12.1	13.4	12.2	500	12.3	300	12.5	10	-0.4	-2.99	13	10	10	13.1	20	14	60	14.7	420	13	13	13	0	0	584756	
KKC	5.8	4.8	5.3	5.4	500	5.5	300	5.6	500	0.5	9.43	5.8	70	2480	5.8	140	0	0	0	0	5.8	5.6	5.78	0	830	204858	
KLF	2.2	1.8	2	1.9	244540	2	141880	2.1	68500	0.2	10	2.2	100	761330	2.2	331300	0	0	0	0	2.2	2	2.11	0	0	7978655	
KMT	8.2	6.8	7.5	0	0	0	0	0	0	0	0	0	0	0	8	720	8.1	500	8.2	170	0	0	7.5	0	0	482411	
KSD	7.7	6.3	7	0	0	0	0	0	0	0	0	0	0	0	6.8	40	7	3040	7.1	320	0	0	7	0	0	579770	
KSQ	2	1.8	1.9	1.8	290	2	9230	0	4500	0.1	5.26	2	20	400	0	0	0	0	0	0	2	2	2	0	0	1457160	
KST	21.4	17.6	19.5	0	0	0	0	0	0	0	0	19.5	10	30	19.4	20	19.5	70	0	0	19.5	19.5	19.5	30	0	144724	
KTS	9.9	8.1	9	0	0	8.2	30	8.4	300	0.1	1.11	9.1	70	80	9.5	300	9.6	90	9.7	470	9.1	9.1	9.1	0	0	192493	
KTT	4.5	3.7	4.1	0	0	0	0	0	0	0	0	0	0	0	0	0	0	0	0	0	0	0	4.1	0	0	143424	
KVC	1	0.8	0.9	0	0	0.8	118360	0.9	13000	0	0	0.9	330	17580	1	64620	0	0	0	0	1	0.9	0.91	0	2800	2271320	
L14	71.3	58.5	64.9	66.5	190	66.8	100	66.9	10	2.6	4.01	67.5	10	9370	67.5	1090	67.8	10	68	230	67.5	63.5	66.57	0	0	904963	
L18	8.9	7.3	8.1	0	0	7.3	30	7.4	190	-0.8	-9.88	7.3	180	1100	8.1	30	0	0	0	0	7.7	7.3	7.41	0	0	1124694	
L35	7.9	6.5	7.2	0	0	0	0	6.5	10	-0.3	-4.17	6.9	20	20	7	40	7.2	10	7.9	50	6.9	6.9	6.9	0	0	159972	
L43	2.9	2.5	2.7	0	0	0	0	0	0	0	0	0	0	0	2.7	120	2.8	90	2.9	50	0	0	2.7	0	0	171450	
L61	14.1	11.7	12.9	0	0	0	0	0	0	0	0	0	0	0	11.7	60	13	20	0	0	0	0	12.9	0	0	0	
L62	7.7	6.3	7	0	0	0	0	0	0	0	0	0	0	0	0	0	0	0	0	0	0	0	7	0	0	0	
LAS	7.3	6.1	6.7	6.3	2670	6.4	4310	6.5	4090	-0.2	-2.99	6.5	100	45700	6.6	2540	6.7	70	6.8	4490	6.9	6.5	6.65	0	0	5323166	
LBE	41.4	34	37.7	0	0	0	0	0	0	0	0	0	0	0	0	0	0	0	0	0	0	0	37.7	0	0	53330	
LCD	7.4	6.2	6.8	0	0	0	0	0	0	0	0	0	0	0	0	0	0	0	0	0	0	0	6.8	0	0	73500	
LCS	2	1.8	1.9	0	0	1.8	300	1.9	790	0.1	5.26	2	100	1730	2	400	0	0	0	0	2	1.9	2	0	0	372350	
LDP	21.7	17.9	19.8	0	0	17.9	20	18.2	20	0	0	0	0	0	19.4	10	19.5	10	20	70	0	0	19.8	0	0	0	
LHC	76.8	63	69.9	69	90	69.9	150	70	10	1	1.43	70.9	50	590	71	200	71.5	100	71.8	40	72	69.9	70.48	220	0	94876	
LIG	3.4	2.8	3.1	3	7330	3.1	10370	3.2	610	0.2	6.45	3.3	10	20700	3.3	4820	3.4	11500	0	0	3.3	3.2	3.21	0	0	2136093	
LM7	3.6	3	3.3	0	0	0	0	0	0	-0.3	-9.09	3	10	220	0	200	3.2	40	3.3	100	3.3	3	3.05	0	10	244660	
LO5	1.3	1.1	1.2	1.1	6510	1.2	11490	1.3	47890	0.1	8.33	1.3	90	300	0	0	0	0	0	0	1.3	1.3	1.3	0	0	250399	
LUT	2	1.8	1.9	0	0	0	0	1.8	20	0.1	5.26	2	10	310	2	180	0	0	0	0	2	1.8	1.81	0	0	732722	
MAC	5.2	4.4	4.8	4.4	50	4.5	60	4.6	200	0.1	2.08	4.9	100	200	4.9	800	5.1	50	5.2	200	4.9	4.9	4.9	0	0	717154	
MAS	40.4	33.2	36.8	35.5	120	36	200	36.1	20	-0.7	-1.9	36.1	10	40	37.3	40	37.4	80	37.5	80	37.3	36.1	37	0	0	164502	
MBG	6.9	5.7	6.3	6.2	22180	6.3	20160	6.4	1470	0.2	3.17	6.5	60	403080	6.5	9110	6.6	10260	6.7	21010	6.7	6	6.33	200	0	2110867	
MBS	11.7	9.7	10.7	11	2160	11.1	2710	11.2	2620	0.7	6.54	11.4	50	66360	11.4	110	11.5	4570	11.6	1870	11.4	10.9	11.24	0	0	8045219	
MCC	12.9	10.7	11.8	0	0	0	0	11.8	200	0	0	0	0	0	0	0	0	0	0	0	0	0	11.8	0	0	240366	
MCF	9.3	7.7	8.5	7.8	50	8	50	8.5	40	0.8	9.41	9.3	10	10	9	250	9.2	70	9.3	560	9.3	9.3	9.3	10	0	426367	
MCO	2.8	2.4	2.6	0	0	0	0	2.4	10	-0.1	-3.85	2.5	20	200	2.5	100	2.6	430	2.7	20	2.5	2.4	2.44	0	0	192771	
MDC	7.3	6.1	6.7	0	0	0	0	6.7	220	0	0	6.7	20	120	7.3	10	0	0	0	0	6.7	6.7	6.7	0	0	676439	
MED	48.4	39.6	44	41.5	10	42	10	42.2	10	0.9	2.05	44.9	10	250	44.5	10	44.9	10	45	420	44.9	42	42.36	10	0	307654	
MEL	9.6	8	8.8	0	0	0	0	0	0	0	0	0	0	0	8	500	9	10	0	0	0	0	8.8	0	0	734870	
MHL	5	4.2	4.6	0	0	0	0	0	0	0	0	0	0	0	4.2	1970	5	30	0	0	0	0	4.6	0	0	260423	
MIM	13.5	11.1	12.3	0	0	0	0	0	0	0	0	0	0	0	0	0	0	0	0	0	0	0	12.3	0	0	165835	
MKV	11	9	10	0	0	0	0	0	0	0	0	0	0	0	10	540	11	20	0	0	0	0	10	0	0	221284	
MPT	1.4	1.2	1.3	0	0	0	0	1.2	24220	0	0	1.3	40	18420	1.3	26820	1.4	7350	0	0	1.3	1.2	1.24	0	0	822584	
MSC	19.3	15.9	17.6	0	0	0	0	0	0	-1.6	-9.09	16	10	1810	0	0	0	0	0	0	19.3	16	19.28	0	0	1102500	
MST	3.4	2.8	3.1	2.9	19420	3	39930	3.1	45330	0	0	3.1	500	105970	3.2	21080	3.3	25040	3.4	80630	3.3	3.1	3.2	0	0	1724209	
NAG	5.8	4.8	5.3	5.3	1100	5.4	250	5.5	30	0.2	3.77	5.5	70	5230	5.6	1170	5.7	1780	5.8	2700	5.7	5.3	5.47	0	0	709837	
NAP	14.3	11.7	13	0	0	0	0	0	0	0	0	0	0	0	0	0	0	0	0	0	0	0	13	0	0	1054342	
NBC	6.8	5.6	6.2	6.1	1100	6.2	910	6.3	1950	0.2	3.23	6.4	80	3810	6.4	2750	6.5	5550	6.6	3100	6.4	6.3	6.36	0	0	1525350	
NBP	12.9	10.7	11.8	0	0	10.7	490	10.8	300	0	0	0	0	0	12.4	140	12.5	40	12.8	130	0	0	11.8	0	0	530279	
NBW	23.5	19.3	21.4	21.3	200	21.4	200	21.5	50	0	0	21.4	100	280	22	100	23.2	100	23.3	50	21.4	21.3	21.37	0	0	225960	
NDN	22.5	18.5	20.5	18.9	420	19	1650	19.1	2950	-1.4	-6.83	19.1	100	71800	19.2	260	19.3	2400	19.4	1550	20.5	19	19.52	0	112	2319157	
NDX	14.6	12	13.3	12.7	300	13	200	13.2	1000	0	0	13.3	110	1910	13.3	390	13.4	100	13.5	530	13.4	13.2	13.29	0	1312	281411	
NET	51.7	42.3	47	45.5	50	46	50	47	60	0.5	1.06	47.5	10	100	48.5	40	48.9	200	49	3180	47.5	46.9	47.03	10	0	1080066	
NFC	6.2	5.2	5.7	0	0	0	0	0	0	0	0	0	0	0	0	0	0	0	0	0	0	0	5.7	0	0	770591	
NGC	2.9	2.5	2.7	0	0	0	0	0	0	0	0	0	0	0	2.5	1270	2.7	110	2.8	300	0	0	2.7	0	0	81496	
NHA	12.9	10.7	11.8	11.7	110	11.8	60	11.9	20	0.4	3.39	12.2	10	2660	12.2	1210	12.3	200	12.4	110	12.2	11.8	11.98	0	0	720304	
NHC	37.4	30.6	34	0	0	0	0	0	0	0	0	0	0	0	34	190	34.5	50	35	480	0	0	34	0	0	97067	
NHP	0.5	0.3	0.4	0	0	0.3	115290	0.4	13700	0.1	25	0.5	300	13070	0.5	59590	0	0	0	0	0.5	0.4	0.45	0	0	1335938	
NRC	10.3	8.5	9.4	10	400	10.3	2190	0	200	0.9	9.57	10.3	100	19590	0	0	0	0	0	0	10.3	9.4	10.28	0	10	671185	
NSH	1.4	1.2	1.3	0	0	1.2	3750	1.3	20	0.1	7.69	1.4	30	970	1.4	7010	0	0	0	0	1.4	1.3	1.31	0	0	1010718	
NST	18.4	15.2	16.8	0	0	0	0	0	0	0	0	0	0	0	15.2	150	17.5	40	18	950	0	0	16.8	0	0	448674	
NTH	31.3	25.7	28.5	25.8	50	25.9	3000	26	2000	-0.1	-0.35	28.4	10	60	28.2	200	28.4	440	28.5	500	28.4	26	26.4	0	0	529300	
NTP	41.2	33.8	37.5	37.4	360	37.5	90	37.7	10	0.2	0.53	37.7	20	4250	38	630	38.4	40	38.5	4760	38	37.3	37.58	0	0	2965199	
NVB	9.5	7.9	8.7	8.5	4700	8.6	12120	8.7	3390	0.1	1.15	8.8	10	271470	8.8	440	8.9	6060	9	11680	9	8.6	8.77	0	0	10469333	
OCH	8.8	7.2	8	0	0	0	0	7.2	30	0.8	10	8.8	90	2250	8.8	10	0	0	0	0	8.8	8.3	8.75	0	0	9799570	
ONE	3.9	3.3	3.6	3.4	290	3.5	500	3.6	1100	0.1	2.78	3.7	1000	1100	3.7	260	3.8	410	3.9	1200	3.7	3.6	3.69	0	0	321636	
PBP	8	6.6	7.3	6.6	90	6.7	100	6.8	10	-0.7	-9.59	6.6	10	30	7.2	20	7.3	10	7.6	10	7.2	6.6	7	0	0	230901	
PCE	11.6	9.6	10.6	0	0	11.4	50	11.5	540	0.9	8.49	11.5	10	160	0	0	0	0	0	0	11.5	11.4	11.49	0	0	450880	
PCG	5	4.2	4.6	4.3	80	4.5	60	4.8	20	0.4	8.7	5	10	10	5	340	0	0	0	0	5	5	5	0	0	28848	
PCT	5.7	4.7	5.2	0	0	0	0	4.7	60	0.3	5.77	5.5	50	70	5.2	1160	5.4	10	5.5	250	5.6	5.5	5.53	0	0	1099770	
PDB	8.8	7.2	8	7.5	40	7.6	110	7.7	70	-0.2	-2.5	7.8	10	30	8	2260	8.1	1000	0	0	7.8	7.8	7.8	0	0	355877	
PDC	7.8	6.4	7.1	0	0	0	0	0	0	0	0	0	0	0	6.4	1740	6.8	90	7.1	560	0	0	7.1	0	0	734590	
PEN	5.5	4.5	5	0	0	4.5	50	4.6	30	0	0	0	0	0	0	0	0	0	0	0	0	0	5	0	0	245000	
PGN	11.5	9.5	10.5	0	0	0	0	9.5	70	-1	-9.52	9.5	80	5020	9.9	100	10	100	10.1	100	9.9	9.5	9.69	160	0	160110	
PGS	17	14	15.5	15.4	20	15.5	210	15.6	500	0.4	2.58	15.9	10	13870	15.9	100	16	2200	16.4	10	16	15.5	15.63	0	13013	2001917	
PGT	4.2	3.6	3.9	0	0	0	0	3.6	80	0.3	7.69	4.2	10	130	4.2	2640	0	0	0	0	4.2	3.6	3.74	10	0	11402	
PHN	29.5	24.3	26.9	25	500	25.1	40	25.5	510	0	0	0	0	0	27	100	27.5	50	28	100	0	0	26.9	0	0	8	
PHP	10.3	8.5	9.4	9.6	50	9.7	50	9.8	50	0.5	5.32	9.9	50	5280	9.9	50	10	200	10.1	160	10	9.5	9.52	0	0	16010507	
PIA	28.6	23.4	26	25.2	110	25.6	10	26	10	0	0	26	10	40	26.9	20	27	10	27.8	10	26	26	26	0	0	158523	
PIC	9.2	7.6	8.4	8	50	8.2	80	8.3	30	-0.1	-1.19	8.3	10	100	9	50	0	0	0	0	8.8	8.3	8.74	0	0	1633642	
PJC	27.2	22.4	24.8	0	0	0	0	0	0	0	0	0	0	0	24.3	20	24.8	50	27	10	0	0	24.8	0	0	351308	
PLC	18.3	15.1	16.7	16.5	3470	16.6	5260	16.7	5170	0.1	0.6	16.8	100	53520	16.8	1170	16.9	1110	17	6310	17	16.6	16.82	0	0	3895797	
PMB	9.3	7.7	8.5	7.8	300	7.9	300	8	400	0	0	0	0	0	9.3	50	0	0	0	0	0	0	8.5	0	0	461560	
PMC	55	45	50	49.5	10	49.6	10	50	10	4	8	54	10	110	52.9	30	53.3	20	53.5	30	55	49	51.18	90	0	254077	
PMP	9.5	7.9	8.7	8	50	8.1	20	8.2	20	0	0	0	0	0	8.9	10	9.4	20	9.5	90	0	0	8.7	0	0	203380	
PMS	14	11.6	12.8	12.4	10	12.5	10	12.8	100	1.1	8.59	13.9	10	10	13.8	350	13.9	90	14	80	13.9	13.9	13.9	0	0	315545	
POT	15.6	12.8	14.2	0	0	0	0	13	20	0	0	0	0	0	13.4	10	13.5	200	14	330	0	0	14.2	0	0	950202	
PPE	6.6	5.4	6	0	0	0	0	0	0	0	0	6	70	70	6.6	170	0	0	0	0	6	6	6	0	0	97470	
PPP	16.9	13.9	15.4	0	0	13.9	10	14	10	-1.5	-9.74	13.9	10	230	15.2	240	15.3	50	15.4	920	14	13.9	13.9	0	0	423057	
PPS	7.8	6.4	7.1	6.8	30	6.9	10	7	20	0	0	0	0	0	7.6	110	7.7	10	7.8	2700	0	0	7.1	0	0	193158	
PPY	29	23.8	26.4	0	0	0	0	0	0	0	0	0	0	0	25	1220	0	0	0	0	0	0	26.4	0	0	403666	
PRC	10.4	8.6	9.5	0	0	0	0	0	0	0	0	0	0	0	0	0	0	0	0	0	0	0	9.5	0	0	58680	
PSC	17.4	14.4	15.9	0	0	0	0	0	0	1	6.29	16.9	220	220	16.9	110	17	90	17.3	10	16.9	16.9	16.9	0	0	350363	
PSD	10.5	8.7	9.6	9.1	50	9.2	200	9.3	100	-0.3	-3.12	9.3	10	200	9.5	60	9.6	100	9.7	160	9.3	9.2	9.28	0	0	1444977	
PSE	7.9	6.5	7.2	0	0	0	0	0	0	0	0	0	0	0	7.3	50	7.4	10	7.5	10	0	0	7.2	0	0	556000	
PSI	2.7	2.3	2.5	0	0	0	0	2.5	470	0	0	2.5	30	370	2.7	30	0	0	0	0	2.5	2.5	2.5	0	0	2039480	
PSW	8	6.6	7.3	0	0	0	0	0	0	0	0	0	0	0	8	50	0	0	0	0	0	0	7.3	0	0	817950	
PTD	17.8	14.6	16.2	0	0	0	0	0	0	0	0	0	0	0	0	0	0	0	0	0	0	0	16.2	0	0	85872	
PTI	20	16.4	18.2	17	1500	17.2	250	17.3	1010	0	0	18.2	10	70	18.2	740	18.9	50	20	150	18.2	17.5	17.6	0	10	913215	
PTS	5.8	4.8	5.3	4.8	350	4.9	70	5	200	0	0	5.3	10	20	5.3	90	5.4	130	5.5	650	5.3	4.9	5.1	0	0	260283	
PV2	2.8	2.4	2.6	0	0	0	0	0	0	0	0	2.6	500	500	2.6	1000	2.7	990	2.8	140	2.6	2.6	2.6	0	0	1828500	
PVB	16.1	13.3	14.7	15.6	1550	15.7	1940	15.8	510	1.2	8.16	15.9	10	64130	15.9	2080	16	6660	16.1	10440	16	14.9	15.41	0	0	1057591	
PVC	6.6	5.4	6	5.9	8240	6	14970	6.1	480	0.2	3.33	6.2	290	45690	6.2	3780	6.3	2930	6.4	6000	6.3	6	6.13	0	7770	1892892	
PVG	7.7	6.3	7	6.8	2050	6.9	1250	7	1360	0.1	1.43	7.1	300	6220	7.1	3250	7.2	1120	7.3	190	7.1	7	7.02	0	0	1762139	
PVI	33.6	27.6	30.6	30.5	1030	30.6	80	30.7	500	0.1	0.33	30.7	10	4520	30.8	230	30.9	230	31	1120	30.8	30.6	30.66	0	150	10693877	
PVL	1.4	1.2	1.3	0	0	0	0	1.2	1370	0	0	1.3	10	140	1.3	7720	1.4	3100	0	0	1.3	1.2	1.21	0	0	2397599	
PVS	14.7	12.1	13.4	13.8	45230	13.9	31840	14	46660	0.6	4.48	14	580	1204340	14.1	34050	14.2	37990	14.3	39390	14.2	13.6	13.9	0	1660	17449708	
PVX	1	0.8	0.9	0.9	164910	1	97410	0	45630	0.1	11.11	1	100	637720	0	0	0	0	0	0	1	0.9	0.99	0	67990	19385045	
QHD	22.1	18.1	20.1	19.6	200	19.9	30	21	200	-0.2	-1	19.9	10	10	0	0	0	0	0	0	19.9	19.9	19.9	0	0	267540	
QNC	3.5	2.9	3.2	2.9	10	3	170	3.1	610	0	0	0	0	0	3.5	640	0	0	0	0	0	0	3.2	0	0	968113	
QST	12.7	10.5	11.6	0	0	0	0	0	0	0	0	0	0	0	0	0	0	0	0	0	0	0	11.6	0	0	79380	
QTC	18.7	15.3	17	16.5	10	16.6	10	16.7	10	0	0	0	0	0	17.7	10	17.8	100	18.5	160	0	0	17	0	0	48926	
RCL	18.5	15.3	16.9	0	0	0	0	0	0	1.6	9.47	18.5	10	20	18.5	80	0	0	0	0	18.5	18.5	18.5	0	0	479971	
S55	24.7	20.3	22.5	21.1	30	22	30	22.1	100	0	0	0	0	0	23.5	100	24.5	190	24.6	100	0	0	22.5	0	0	485782	
S74	4.9	4.1	4.5	0	0	0	0	4.3	90	-0.2	-4.44	4.3	10	10	0	0	0	0	0	0	4.3	4.3	4.3	0	0	308588	
S99	10.2	8.4	9.3	10.1	2770	10.2	20230	0	970	0.9	9.68	10.2	10	92370	0	0	0	0	0	0	10.2	10	10.19	0	10	2535939	
SAF	48.8	40	44.4	42.5	80	42.7	10	42.8	10	1.3	2.93	45.7	10	50	46	10	48.7	10	48.8	10	45.7	42.1	43.58	0	0	359604	
SCI	17.4	14.4	15.9	15.2	880	15.3	1170	15.5	980	-0.1	-0.63	15.8	20	2020	15.8	20	15.9	10	16	900	15.8	15.5	15.6	0	0	592894	
SD2	7.4	6.2	6.8	6.3	1550	6.5	450	6.9	300	0.2	2.94	7	500	1870	7.1	240	7.2	1010	7.3	1570	7.2	6.5	7.03	0	0	619005	
SD4	3.6	3	3.3	3	100	3.1	70	3.2	1000	0	0	3.3	1000	1000	3.4	20	3.5	100	3.6	290	3.3	3.3	3.3	0	0	465546	
SD5	5.2	4.4	4.8	4.8	140	4.9	1500	5	1450	0.3	6.25	5.1	290	11010	5.1	910	5.2	2690	0	0	5.2	4.8	5.01	80	3000	1019249	
SD6	2.4	2	2.2	2.2	3300	2.3	4250	2.4	4240	0.2	9.09	2.4	90	4980	0	0	0	0	0	0	2.4	2.3	2.35	10	300	1226614	
SD9	5.1	4.3	4.7	4.5	790	4.6	430	4.8	820	0.1	2.13	4.8	60	7260	4.9	1270	5	3370	5.1	190	4.9	4.5	4.71	300	0	1439521	
SDA	3.3	2.7	3	2.7	1000	2.8	500	2.9	110	-0.1	-3.33	2.9	10	90	3	450	3.1	50	3.2	150	2.9	2.9	2.9	0	0	0	
SDC	17.8	14.6	16.2	0	0	0	0	0	0	0	0	0	0	0	16.2	10	16.8	20	17	20	0	0	16.2	0	0	107978	
SDG	35.6	29.2	32.4	0	0	0	0	0	0	3.2	9.88	35.6	100	540	0	0	0	0	0	0	35.6	35.6	35.6	0	0	330987	
SDN	32.2	26.4	29.3	0	0	0	0	0	0	0	0	0	0	0	0	0	0	0	0	0	0	0	29.3	0	0	36143	
SDT	3.3	2.7	3	3.2	1400	3.3	1980	0	920	0.3	10	3.3	70	12920	0	0	0	0	0	0	3.3	3	3.18	500	0	1716286	
SDU	7.4	6.2	6.8	6.5	50	6.6	200	6.8	190	0	0	6.8	10	260	0	0	0	0	0	0	7.3	6.8	7.28	0	0	977790	
SEB	34.1	27.9	31	28.5	20	29.1	50	29.3	10	-0.1	-0.32	30.9	20	520	31	260	31.4	60	31.5	500	31	30.9	31	0	0	1564244	
SED	16.6	13.6	15.1	13.6	200	13.7	200	14	120	-0.6	-3.97	14.5	10	110	14.9	20	15.4	40	15.5	10	14.5	14.5	14.5	0	0	337209	
SFN	28	23	25.5	0	0	0	0	23	10	2.5	9.8	28	10	20	28	100	0	0	0	0	28	23	25.5	0	0	144576	
SGC	64.7	53.1	58.9	54.2	10	54.3	20	54.4	50	0	0	0	0	0	64.5	20	64.6	50	64.7	10	0	0	58.9	0	0	343746	
SGD	10.5	8.7	9.6	0	0	8.7	10	9.7	190	0.1	1.04	9.7	10	520	0	0	0	0	0	0	10.5	9.7	9.72	0	0	196843	
SGH	41.6	34.2	37.9	0	0	34.3	20	37.9	70	0	0	0	0	0	41.6	70	0	0	0	0	0	0	37.9	0	0	600250	
SHB	17.6	14.4	16	16.1	25120	16.2	12540	16.3	5590	0.4	2.5	16.4	50	768660	16.4	18510	16.5	88410	16.6	52710	16.6	15.9	16.36	270	85050	35168217	
SHE	20.3	16.7	18.5	18	220	18.3	20	18.5	220	0.5	2.7	19	100	100	19	70	19.2	140	19.5	200	19	19	19	0	0	229040	
SHN	7.3	6.1	6.7	6.5	820	6.6	530	6.7	170	0	0	6.7	20	1970	6.8	20	6.9	320	7	720	7	6.5	6.7	0	0	6343684	
SHS	12.7	10.5	11.6	12.6	4340	12.7	27660	0	6820	1.1	9.48	12.7	100	630440	0	0	0	0	0	0	12.7	11.8	12.61	60	27750	8693883	
SIC	8.8	7.2	8	7.6	20	7.8	100	7.9	440	0.2	2.5	8.2	40	150	8.1	130	8.2	520	8.8	10	8.2	7.9	7.98	0	0	1168848	
SJ1	24.7	20.3	22.5	0	0	0	0	0	0	0	0	0	0	0	20.3	200	21.5	50	24.7	400	0	0	22.5	0	0	1029806	
SJC	1	0.8	0.9	0	0	0	0	0	0	0	0	0	0	0	0	0	0	0	0	0	0	0	0.9	0	0	350709	
SJE	20.6	17	18.8	18	300	18.1	500	18.2	500	0	0	18.8	470	3080	18.8	1030	19	120	20	100	18.8	18.6	18.7	0	0	889096	
SLS	58.3	47.7	53	54	220	54.2	190	54.3	10	2	3.77	55	10	2880	55	40	55.4	10	55.5	10	55.5	53.7	54.31	0	0	443620	
SMN	9.7	8.1	8.9	0	0	0	0	8.1	60	-0.7	-7.87	8.2	30	1470	8.3	10	8.4	150	8.5	160	8.2	8.1	8.17	0	0	211355	
SMT	13.3	10.9	12.1	0	0	0	0	0	0	0	0	0	0	0	11.8	40	11.9	70	12	1000	0	0	12.1	0	0	104756	
SPI	1.2	1	1.1	0	0	0	0	1	10360	-0.1	-9.09	1	1500	29210	1.1	19330	1.2	29440	0	0	1.1	1	1.01	0	0	802505	
SRA	14.8	12.2	13.5	13.5	1310	13.6	950	13.8	1590	0.3	2.22	13.8	50	26620	13.9	2560	14	4950	14.1	750	14	13.2	13.65	0	0	837626	
SSM	7.9	6.5	7.2	0	0	0	0	0	0	0	0	0	0	0	6.5	40	7.8	150	7.9	80	0	0	7.2	0	0	248263	
STC	16.1	13.3	14.7	14	20	14.6	40	14.7	20	1.4	9.52	16.1	50	50	16	20	16.1	930	0	0	16.1	16.1	16.1	0	0	245841	
STP	6.2	5.2	5.7	5.4	20	5.5	10	5.7	60	0	0	0	0	0	6	30	6.1	30	6.2	30	0	0	5.7	0	0	388193	
SVN	1.8	1.6	1.7	0	0	1.6	2390	1.7	1200	0	0	1.7	30	2210	1.8	1850	0	0	0	0	1.7	1.6	1.69	0	100	860430	
SZB	31.9	26.1	29	27.5	500	27.7	50	28	50	-0.3	-1.03	28.7	10	1270	28.7	70	28.9	30	29.2	180	29	28	28.24	0	0	1470000	
TA9	9.6	8	8.8	8.2	10	8.3	100	8.4	100	-0.3	-3.41	8.5	10	190	8.8	90	9.2	50	9.3	10	8.5	8.5	8.5	0	0	579042	
TAR	26.4	21.6	24	24	2390	24.1	1640	24.2	110	0.3	1.25	24.3	60	50610	24.3	570	24.4	610	24.5	820	24.5	23.2	23.94	24	0	1713788	
TBX	24.5	20.1	22.3	0	0	0	0	0	0	0	0	0	0	0	22	10	0	0	0	0	0	0	22.3	0	0	73981	
TC6	4.5	3.7	4.1	4	650	4.1	1050	4.2	40	0.1	2.44	4.2	310	760	4.3	200	4.4	750	4.5	50	4.2	4.2	4.2	0	0	1494201	
TCS	8.9	7.3	8.1	8	1210	8.1	850	8.2	300	0.1	1.23	8.2	50	590	8.3	990	8.4	340	8.5	350	8.6	8.2	8.31	0	0	1178283	
TDN	6.4	5.4	5.9	5.6	950	5.7	1820	5.8	1120	0	0	5.9	10	6110	5.9	3110	6	1670	6.1	3260	5.9	5.7	5.84	1330	0	1435907	
TDT	10.8	9	9.9	9.7	280	9.8	540	9.9	510	0.1	1.01	10	40	3110	10	90	10.1	610	10.2	1000	10.1	9.9	9.98	0	0	568411	
TET	33.2	27.2	30.2	0	0	0	0	0	0	0	0	0	0	0	0	0	0	0	0	0	0	0	30.2	0	0	279394	
TFC	4.7	3.9	4.3	4.3	570	4.4	50	4.5	20	0.2	4.65	4.5	10	170	4.6	30	4.7	250	0	0	4.5	4.3	4.4	10	0	284949	
THB	9.7	8.1	8.9	0	0	0	0	9	70	0.1	1.12	9	30	720	9.7	110	0	0	0	0	9.7	9	9.54	0	200	512983	
THS	7.9	6.5	7.2	0	0	0	0	0	0	0	0	0	0	0	0	0	0	0	0	0	0	0	7.2	0	0	146790	
THT	8.6	7.2	7.9	7.5	120	7.7	500	7.8	1140	0	0	7.9	200	1330	7.9	3480	8	10	8.1	20100	7.9	7.8	7.82	0	0	726956	
TIG	7	5.8	6.4	6.6	20130	6.7	15760	6.8	2600	0.5	7.81	6.9	670	232220	6.9	37960	7	63610	0	0	7	6.3	6.77	30	4500	2886656	
TJC	7.1	5.9	6.5	0	0	6	20	6.1	50	0.6	9.23	7.1	10	10	0	0	0	0	0	0	7.1	7.1	7.1	0	0	419386	
TKC	4.2	3.6	3.9	3.6	50	3.7	1100	3.8	60	0.1	2.56	4	10	2600	4	650	4.1	700	4.2	1780	4	3.8	3.85	0	0	555989	
TKU	14.1	11.7	12.9	0	0	0	0	11.7	10	-1.2	-9.3	11.7	200	200	12.6	10	12.7	5000	14.1	470	11.7	11.7	11.7	0	0	54256	
TMB	12.1	9.9	11	11.3	230	11.4	300	11.5	50	1	9.09	12	50	580	12	450	12.1	10	0	0	12	11.3	11.4	0	0	734800	
TMC	12.9	10.7	11.8	0	0	0	0	10.7	10	0	0	0	0	0	11.8	200	0	0	0	0	0	0	11.8	0	0	596850	
TMX	16.9	13.9	15.4	0	0	0	0	14	290	-1.4	-9.09	14	200	210	16.9	120	0	0	0	0	14	14	14	0	0	245331	
TNG	16.2	13.4	14.8	14.6	4980	14.7	9250	14.8	7650	0.1	0.68	14.9	100	321130	14.9	2870	15	11330	15.1	7110	15.6	14.7	15.14	0	0	2771583	
TPH	9.3	7.7	8.5	0	0	0	0	7.8	100	0	0	0	0	0	9.3	10	0	0	0	0	0	0	8.5	0	0	98452	
TPP	14.6	12	13.3	0	0	0	0	0	0	0	0	0	0	0	13	100	13.3	10	14.6	200	0	0	13.3	0	0	971887	
TSB	7.7	6.3	7	0	0	0	0	0	0	0	0	0	0	0	0	0	0	0	0	0	0	0	7	0	0	330508	
TST	7.9	6.5	7.2	6.5	50	7	50	7.2	100	0.1	1.39	7.3	600	600	7.5	100	7.8	150	7.9	170	7.3	7.3	7.3	0	0	220670	
TTC	11.9	9.9	10.9	0	0	10	100	10.9	10	0	0	0	0	0	11.7	20	11.8	60	11.9	10	0	0	10.9	0	0	259298	
TTH	2.3	1.9	2.1	1.9	13850	2	15000	2.1	17440	0.1	4.76	2.2	20	15550	2.2	11490	2.3	20340	0	0	2.2	2	2.13	0	0	1796410	
TTL	7.1	5.9	6.5	6.3	200	6.4	470	6.5	200	0.6	9.23	7.1	10	1420	7.1	100	0	0	0	0	7.1	6.5	6.61	0	0	2053472	
TTT	43.5	35.7	39.6	0	0	35.7	10	35.8	10	0	0	0	0	0	40	10	40.9	10	42	30	0	0	39.6	0	0	197490	
TTZ	2	1.8	1.9	0	0	1.8	4540	1.9	1810	0	0	1.9	100	2060	2	1610	0	0	0	0	2	1.9	1.95	0	0	169412	
TV3	32.2	26.4	29.3	0	0	26.6	20	26.7	10	-2.7	-9.22	26.6	10	50	32.1	10	32.2	10	0	0	26.6	26.4	26.5	0	0	405465	
TV4	12.5	10.3	11.4	11.3	400	11.4	1080	11.5	60	0.1	0.88	11.5	100	3030	11.6	1200	11.7	530	11.9	400	11.6	11.5	11.51	0	0	774742	
TVC	28.8	23.6	26.2	25.8	6640	25.9	4440	26	2300	-0.2	-0.76	26	10	70580	26.1	400	26.2	200	26.3	340	26.6	23.6	24.43	900	0	1959758	
TVD	7.4	6.2	6.8	6.5	130	6.6	910	6.7	650	-0.1	-1.47	6.7	20	5240	6.8	320	6.9	3720	7	1520	6.8	6.7	6.75	0	0	2190230	
TXM	3.1	2.7	2.9	0	0	2.7	160	2.8	360	0	0	2.9	10	1710	2.9	20	3	760	3.1	240	3	2.7	2.73	720	0	221937	
UNI	4.2	3.6	3.9	3.7	300	3.8	200	4.2	990	0.3	7.69	4.2	100	3510	0	0	0	0	0	0	4.2	4.2	4.2	0	0	739633	
V12	12.5	10.3	11.4	0	0	0	0	0	0	0	0	0	0	0	11.4	10	11.7	30	12	670	0	0	11.4	0	0	285032	
V21	6.9	5.7	6.3	0	0	0	0	0	0	-0.3	-4.76	6	10	80	6	40	6.3	40	6.8	600	6.8	6	6.14	0	0	587649	
VAT	1.7	1.5	1.6	0	0	0	0	0	0	0	0	0	0	0	0	0	0	0	0	0	0	0	1.6	0	0	199108	
VBC	19	15.6	17.3	16.5	100	17	10	17.3	190	1.7	9.83	19	10	450	19	300	0	0	0	0	19	17.3	17.72	0	0	349843	
VC1	13.9	11.5	12.7	0	0	0	0	0	0	0	0	0	0	0	11.5	20	11.8	300	13.9	10	0	0	12.7	0	0	557269	
VC2	12.4	10.2	11.3	11	100	11.2	450	11.3	110	0.9	7.96	12.2	10	360	12.3	10	0	0	0	0	12.2	11.2	11.23	0	0	730378	
VC3	18.4	15.2	16.8	16.3	930	16.4	870	16.5	340	-0.1	-0.6	16.7	30	20420	16.7	1470	16.9	570	17	1110	16.9	16.5	16.64	0	0	2988763	
VC6	8.4	7	7.7	0	0	0	0	7.6	210	-0.1	-1.3	7.6	290	290	7.7	10	8	100	0	0	7.6	7.6	7.6	0	0	311542	
VC7	5.8	4.8	5.3	4.8	20	4.9	20	5.2	80	0.2	3.77	5.5	260	260	5.4	40	5.5	220	5.6	50	5.5	5.5	5.5	0	0	1117840	
VC9	12.1	9.9	11	0	0	0	0	0	0	0	0	0	0	0	11	200	11.1	600	12.1	10	0	0	11	0	0	556625	
VCC	9.7	8.1	8.9	8.5	80	8.9	80	9	200	0.1	1.12	9	10	20	9.7	210	0	0	0	0	9	8.9	8.95	0	0	587210	
VCG	27.7	22.7	25.2	24.9	780	25	1420	25.1	300	0	0	25.2	40	17630	25.2	470	25.3	1130	25.4	620	25.2	25	25.03	0	0	21442549	
VCM	15.9	13.1	14.5	13.3	50	13.5	30	13.6	10	0	0	0	0	0	0	0	0	0	0	0	0	0	14.5	0	0	0	
VCS	74.9	61.3	68.1	68.7	250	68.8	160	69	230	1.1	1.62	69.2	500	55990	69.2	560	69.3	390	69.4	10	70	68	69.17	6020	8	7401150	
VDL	26.2	21.6	23.9	0	0	0	0	21.6	20	1.1	4.6	25	10	1030	26	10	0	0	0	0	25	21.6	24.87	0	0	706285	
VE1	8.3	6.9	7.6	0	0	0	0	0	0	0	0	0	0	0	7.6	5600	7.7	2900	0	0	0	0	7.6	0	0	114226	
VE2	7.7	6.3	7	0	0	0	0	0	0	0	0	0	0	0	0	0	0	0	0	0	0	0	7	0	0	104103	
VE3	6.4	5.4	5.9	0	0	0	0	5.4	30	0	0	0	0	0	6.1	50	6.2	60	6.4	250	0	0	5.9	0	0	56589	
VE4	6	5	5.5	0	0	5	50	5.1	600	0	0	0	0	0	5.8	80	6	60	0	0	0	0	5.5	0	0	48252	
VE8	9.9	8.1	9	0	0	0	0	0	0	0	0	0	0	0	9	500	9.9	10	0	0	0	0	9	0	0	87680	
VE9	1.4	1.2	1.3	0	0	0	0	1.2	9560	0	0	1.3	1000	21590	1.3	8830	1.4	10200	0	0	1.3	1.2	1.23	0	1690	557297	
VGP	12.4	10.2	11.3	10.3	30	10.8	300	10.9	200	0	0	0	0	0	11.8	80	11.9	10	12	20	0	0	11.3	0	0	386558	
VGS	9	7.4	8.2	8	220	8.1	360	8.2	70	0	0	8.2	100	4100	8.3	3370	8.4	5200	8.5	420	8.4	8.2	8.25	0	1400	1997545	
VHE	6.1	5.1	5.6	5.2	260	5.3	230	5.5	10	0.1	1.79	5.7	100	1930	5.8	250	5.9	200	6	290	5.8	5.5	5.52	0	0	0	
VHL	32.7	26.9	29.8	29	30	29.1	10	29.2	70	-0.6	-2.01	29.2	40	540	29.7	10	29.8	800	29.9	60	29.8	29.2	29.42	0	0	1174192	
VIE	6.7	5.5	6.1	0	0	0	0	0	0	0	0	0	0	0	0	0	0	0	0	0	0	0	6.1	0	0	100079	
VIF	17.9	14.7	16.3	15	500	15.5	300	16	30	0	0	0	0	0	16.9	180	17	50	17.9	10	0	0	16.3	0	0	0	
VIG	0.9	0.7	0.8	0	0	0.7	135870	0.8	22190	0	0	0.8	450	33570	0.9	52970	0	0	0	0	0.9	0.7	0.8	0	0	1630291	
VIT	15.9	13.1	14.5	14.1	10	14.2	10	14.5	80	0.1	0.69	14.6	40	560	14.7	120	14.8	120	14.9	100	14.6	14.5	14.53	0	0	944950	
VIX	6	5	5.5	5.8	960	5.9	440	6	2050	0.5	9.09	6	100	54320	0	0	0	0	0	0	6	5.6	5.95	0	0	5564990	
VKC	3	2.6	2.8	2.9	2860	3	550	0	60	0.2	7.14	3	30	14360	0	0	0	0	0	0	3	2.9	2.97	40	0	699493	
VLA	12.7	10.5	11.6	0	0	0	0	0	0	0	0	0	0	0	0	0	0	0	0	0	0	0	11.6	0	0	46370	
VMC	10.7	8.9	9.8	9.7	220	9.8	780	9.9	100	0.2	2.04	10	30	3330	10.1	50	10.2	110	10.3	10	10.1	9.7	9.94	100	0	920750	
VMI	0.7	0.5	0.6	0	0	0	0	0	0	0	0	0	0	0	0	0	0	0	0	0	0	0	0.6	0	0	449469	
VMS	7.7	6.3	7	0	0	0	0	6.5	10	-0.5	-7.14	6.5	20	90	7.7	300	0	0	0	0	6.5	6.5	6.5	0	0	436030	
VNC	35.7	29.3	32.5	30.3	20	30.5	30	32.5	50	1	3.08	33.5	40	70	34.4	20	35	80	35.7	20	33.5	33.5	33.5	70	0	375739	
VNF	34.4	28.2	31.3	0	0	0	0	0	0	0	0	0	0	0	28.2	500	0	0	0	0	0	0	31.3	0	0	377695	
VNR	21.7	17.9	19.8	18.2	30	18.5	100	18.8	100	0	0	0	0	0	19.8	20	19.9	690	20	1640	0	0	19.8	0	0	2721187	
VNT	59.9	49.1	54.5	50.5	20	52	30	54.5	500	-2.4	-4.4	52.1	10	10	56	80	57	100	0	0	52.1	52.1	52.1	0	0	410950	
VSA	16.5	13.5	15	13.8	10	14.5	30	14.8	110	-0.1	-0.67	14.9	40	260	15	10	15.8	10	0	0	15	14.9	14.92	0	0	635133	
VSM	13	10.8	11.9	0	0	0	0	10.8	10	-1.1	-9.24	10.8	10	10	11.9	30	12	410	13	10	10.8	10.8	10.8	0	0	137591	
VTC	9.9	8.1	9	8.3	30	9	80	9.2	150	0.2	2.22	9.2	360	560	9.8	10	9.9	120	0	0	9.5	9.2	9.31	0	80	169192	
VTH	10.4	8.6	9.5	0	0	0	0	0	0	0	0	0	0	0	0	0	0	0	0	0	0	0	9.5	0	0	243990	
VTJ	5.8	4.8	5.3	0	0	0	0	0	0	0	0	0	0	0	5.6	100	5.7	100	5.8	20	0	0	5.3	0	0	558430	
VTL	14.6	12	13.3	0	0	12	40	12.1	60	-1	-7.52	12.3	20	30	0	0	0	0	0	0	12.7	12.3	12.43	0	0	243251	
VTS	31.3	25.7	28.5	0	0	0	0	0	0	0	0	0	0	0	25.7	700	28.5	10	31.3	90	0	0	28.5	0	0	52936	
VTV	7.7	6.3	7	6.5	600	6.6	250	6.7	50	-0.2	-2.86	6.8	60	320	6.8	10	6.9	30	7	100	7.1	6.6	6.76	0	0	1522519	
VXB	7.1	5.9	6.5	0	0	0	0	0	0	0	0	6.5	60	290	6.5	70	6.7	30	6.8	100	6.5	6.5	6.5	0	0	198381	
WCS	186.4	152.6	169.5	168.5	20	169	30	169.5	20	0.5	0.29	170	10	90	175	10	178	40	180	20	170	170	170	0	70	56457	
WSS	1.9	1.7	1.8	0	0	1.7	11230	1.8	290	0.1	5.56	1.9	80	220	0	0	0	0	0	0	1.9	1.7	1.88	0	0	2346880	
X20	7.9	6.5	7.2	0	0	6.5	100	7	10	0	0	7.2	10	10	0	0	0	0	0	0	7.2	7.2	7.2	0	0	845040	
