HOSE
899.92
13.7	1.52
888.7	0.28	31063750	344.18	
900.47	1.58	550363962	7948.37	
899.92	1.52	572018924	8432.38	
AAA	14.7	12.8	13.75	13.7	8842	13.75	15704	13.8	5075	0.1	0.73	13.85	13708	324827	13.85	2820	13.9	8348	13.95	4325	13.85	14.1	13.75	13089	1093	6024280	
AAM	12.4	10.8	11.6	11.2	20	11.25	5	11.6	137	0	0	11.6	203	555	11.65	60	11.7	88	11.8	14	0	11.65	11.6	0	0	592344	
ABS	15.35	13.35	14.35	14.1	1740	14.15	30	14.2	330	0.05	0.35	14.4	190	16082	14.3	15	14.35	324	14.4	1212	14.4	14.4	14.05	0	0	1410813	
ABT	36.1	31.4	33.75	33	3	33.75	3	34	1	0.25	0.74	34	15	23	35.35	2	35.5	105	36.1	29	0	34	32.4	0	0	655034	
ACC	20.3	17.7	19	18	120	18.5	300	18.6	53	0	0	19	1	1085	19	3490	19.5	30	20	2	19	20.3	19	0	813	298745	
ACL	27.2	23.7	25.45	25.8	200	25.9	291	25.95	10	0.55	2.16	26	539	8854	26	831	26.05	40	26.1	1070	26	26.3	25.1	40	0	843861	
ADS	10.45	9.12	9.8	9.7	6	9.75	5	9.8	23	0.05	0.51	9.85	7	368	9.85	3	9.9	325	9.91	10	9.85	9.9	9.8	0	0	1248247	
AGG	29.1	25.3	27.2	27.2	1260	27.3	940	27.4	620	0.3	1.1	27.5	900	36450	27.5	1232	27.6	1052	27.7	1102	27.5	27.5	26.9	0	0	1622591	
AGM	17.1	14.9	16	15.85	540	15.9	387	15.95	428	0	0	16	160	14070	16	1268	16.05	178	16.1	1249	16	16.1	15.8	0	6381	746811	
AGR	3.78	3.3	3.54	3.76	42	3.77	3020	3.78	82978	0.24	6.78	3.78	206	54548	0	0	0	0	0	0	3.78	3.78	3.6	0	0	9960593	
AMD	3.83	3.33	3.58	3.81	2455	3.82	2180	3.83	14812	0.25	6.98	3.83	970	941865	0	0	0	0	0	0	3.83	3.83	3.75	28933	1800	7685231	
ANV	20.45	17.85	19.15	20.35	841	20.4	4030	20.45	20490	1.3	6.79	20.45	2	74619	0	0	0	0	0	0	20.45	20.45	19.4	1117	730	6088408	
APC	20.8	18.1	19.45	20	210	20.5	220	20.8	11003	1.35	6.94	20.8	16	1296	0	0	0	0	0	0	20.8	20.8	20.8	0	150	654282	
APG	9.54	8.3	8.92	9.5	1420	9.52	9	9.54	10941	0.62	6.95	9.54	1	84742	0	0	0	0	0	0	9.54	9.54	8.92	16490	30000	3138268	
ASM	6.65	5.79	6.22	6.63	410	6.64	1803	6.65	2202	0.43	6.91	6.65	3971	402266	0	0	0	0	0	0	6.65	6.65	6.23	5258	200	12299936	
ASP	6.08	5.3	5.69	5.69	335	5.7	820	5.71	888	0.2	3.51	5.89	190	18161	5.89	114	5.9	244	5.98	300	5.89	5.99	5.67	0	0	0	
AST	59	51.4	55.2	57.8	317	57.9	498	58	48	2.8	5.07	58	779	29906	58.1	111	58.2	417	58.3	697	58	58.3	55.5	1871	3103	274499	
ATG	0.62	0.54	0.58	0.59	345	0.61	100	0.62	53125	0.04	6.9	0.62	4	3546	0	0	0	0	0	0	0.62	0.62	0.62	0	0	720624	
BBC	54.2	47.2	50.7	49	105	50	20	50.5	173	1.2	2.37	51.9	150	472	51.9	86	52	125	52.5	9	51.9	51.9	50	102	40	35667	
BCE	8.47	7.37	7.92	7.88	190	7.9	9888	7.91	7	0	0	7.92	5	13839	7.92	295	7.93	299	7.95	200	7.92	8	7.9	0	0	1356998	
BCG	6.81	5.93	6.37	6.42	5	6.45	13	6.6	10	0.33	5.18	6.7	6750	139528	6.7	2464	6.75	1050	6.76	885	6.7	6.8	6.39	4857	627	1652668	
BFC	14.4	12.6	13.5	13.4	1524	13.45	953	13.5	1943	0.05	0.37	13.55	2292	69094	13.55	1388	13.6	965	13.65	1447	13.55	13.85	13.4	1814	3696	2580882	
BHN	59.9	52.1	56	55.6	82	55.7	21	55.8	2	0	0	56	10	1164	56	258	56.2	26	56.3	6	0	56	55	0	0	7293713	
BIC	23	20	21.5	20.7	615	20.75	229	20.8	623	-0.2	-0.93	21.3	735	30324	21.3	254	21.4	40	21.45	300	21.3	21.45	20.75	1263	7001	160006	
BID	45	39.2	42.1	43.75	381	43.8	1133	43.9	750	1.9	4.51	44	23499	248793	44	3108	44.05	212	44.1	1213	44	44	42.5	68896	4686	49382838	
BMC	13.6	11.9	12.75	12.3	762	12.35	240	12.4	6	-0.35	-2.75	12.4	52	2524	12.6	1151	12.65	30	12.7	684	12.4	12.7	12.2	906	659	325820	
BMI	23	20	21.5	21.3	2465	21.35	85	21.4	159	-0.1	-0.47	21.4	1500	14043	21.5	197	21.6	2502	21.65	2212	21.4	21.7	21.4	945	3891	1201382	
BMP	54.2	47.2	50.7	52.4	200	52.5	188	52.6	1046	1.9	3.75	52.6	576	24784	52.7	510	52.8	830	52.9	1308	52.6	52.9	51.2	7038	3971	1612594	
BRC	11.2	9.77	10.5	9.78	340	10	328	10.05	2	-0.5	-4.76	10	2	440	11	15	11.2	186	0	0	0	10.1	10	0	0	600909	
BSI	8.76	7.62	8.19	8.15	580	8.19	20	8.22	217	0.03	0.37	8.22	291	14963	8.34	56	8.37	185	8.39	200	8.22	8.35	8.11	115	7555	4957033	
BTP	16.05	13.95	15	14.9	371	14.95	200	15	203	0.05	0.33	15.05	12	4277	15.05	74	15.1	548	15.2	489	15.05	15.1	15	0	242	2403041	
BTT	42.8	37.2	40	37.55	350	37.6	10	37.65	100	-0.1	-0.25	39.9	10	837	39.9	10	39.95	200	42.8	99	39.9	39.9	37.55	97	0	660355	
BVH	53.2	46.3	49.75	50.4	527	50.5	938	50.6	2164	0.85	1.71	50.6	2051	140187	50.7	53	50.8	2094	50.9	415	50.6	51.5	50.1	6826	12492	15375706	
BWE	24.25	21.15	22.7	23.25	150	23.3	280	23.4	2100	0.75	3.3	23.45	1343	28846	23.45	41	23.5	2259	23.55	5	23.45	23.45	22.75	812	0	5950380	
C32	26.65	23.25	24.95	24.9	1	24.95	58	25	369	0.15	0.6	25.1	20	11136	25.1	623	25.15	929	25.2	1382	25.1	25.15	24.8	0	4168	369681	
C47	12.45	10.85	11.65	11	242	11.4	230	11.45	7	-0.15	-1.29	11.5	6	1353	11.5	449	11.65	77	11.8	350	11.5	11.65	11.45	100	0	829703	
CAV	71.6	62.4	67	67	5	68	3	69.3	1	3	4.48	70	10	53	70	723	70.5	50	71	200	70	71.6	69.3	0	5	2806032	
CCI	14.55	12.65	13.6	13.8	11	13.9	1200	14	472	0.4	2.94	14	2	2575	14.05	100	14.25	30	14.3	100	0	14	13.6	0	300	823571	
CCL	7.59	6.61	7.1	7.13	401	7.14	100	7.15	1454	0.05	0.7	7.15	1033	21668	7.16	1	7.2	40	7.22	423	7.15	7.3	7.1	453	4068	2121959	
CDC	17.2	15	16.1	0	0	15	5	15.5	199	-0.6	-3.73	15.5	1	1	0	0	0	0	0	0	15.5	15.5	15.5	0	0	764368	
CEE	16.45	14.35	15.4	0	0	14.4	4	14.45	1	0	0	15.4	1	1	15.15	240	15.2	66	15.3	20	0	15.4	15.4	0	0	2021552	
CHP	20.7	18	19.35	19	288	19.05	135	19.1	50	-0.05	-0.26	19.3	50	250	19.45	4	20	5	20.35	13	0	19.3	19	0	0	6311919	
CIG	1.71	1.49	1.6	1.6	23	1.7	197	1.71	29772	0.11	6.87	1.71	5	5789	0	0	0	0	0	0	0	1.71	1.6	0	0	1545178	
CII	20.4	17.8	19.1	19.1	39511	19.15	15914	19.2	6218	0.1	0.52	19.2	11977	396432	19.25	300	19.3	4107	19.35	1672	19.2	19.5	19.1	6791	221208	7865077	
CKG	10.65	9.3	9.99	9.76	100	9.77	194	9.78	97	-0.21	-2.1	9.78	203	18805	9.8	300	9.85	200	9.92	50	9.78	10.15	9.7	0	0	2403500	
CLC	28.85	25.15	27	26.9	400	26.95	2	27	79	0.15	0.56	27.15	1	2428	27.15	47	27.2	25	27.35	150	27.15	27.4	27	10	850	1222725	
CLG	1.49	1.31	1.4	1.46	1287	1.47	500	1.49	3545	0.09	6.43	1.49	4	20679	0	0	0	0	0	0	1.49	1.49	1.4	0	0	1029699	
CLL	29.85	25.95	27.9	27.5	50	28	20	28.4	1	0.6	2.15	28.5	9	70	28.5	58	28.6	18	29	53	0	28.5	27.9	0	0	1419098	
CLW	28.35	24.65	26.5	0	0	0	0	0	0	0	0	0	0	0	28.35	1	0	0	0	0	0	0	0	0	0	573966	
CMG	30.15	26.25	28.2	30.05	51	30.1	112	30.15	2795	1.95	6.91	30.15	150	20215	0	0	0	0	0	0	30.15	30.15	28	205	764	1165990	
CMV	15.2	13.3	14.25	0	0	0	0	13.35	99	-0.9	-6.32	13.35	1	2	14.25	70	14.75	25	15.1	88	0	13.35	13.35	0	0	590605	
CMX	19.7	17.2	18.45	19.6	841	19.65	6	19.7	21816	1.25	6.78	19.7	100	57656	0	0	0	0	0	0	19.7	19.7	19.65	800	0	1156522	
CNG	22.75	19.85	21.3	21	1813	21.05	156	21.1	26	0	0	21.3	1	8366	21.3	629	21.35	20	21.4	520	21.3	21.5	21	0	1281	757888	
COM	45.55	39.65	42.6	40.2	2	40.5	3	42	1	0	0	0	0	0	44	5	44.5	24	45	1	0	0	0	0	0	685800	
CRC	12.15	10.65	11.4	11.9	103	12.1	20	12.15	358	0.75	6.58	12.15	2	12156	0	0	0	0	0	0	0	12.15	11.45	0	0	734797	
CRE	17.7	15.4	16.55	17.3	130	17.35	12248	17.4	1160	0.9	5.44	17.45	16003	179701	17.45	8956	17.5	10587	17.6	11236	17.45	17.5	16.55	28031	0	2302036	
CSM	17.1	14.9	16	16.2	22	16.25	112	16.3	110	0.35	2.19	16.35	410	15791	16.35	68	16.4	2146	16.45	350	16.35	16.5	15.9	0	0	4862478	
CSV	25.45	22.15	23.8	23.65	92	23.7	1330	23.75	360	0	0	23.8	582	29645	23.8	171	23.9	2450	24	2650	23.8	24.15	23.7	1307	3	1806809	
CTD	78.3	68.1	73.2	71.7	371	71.8	1011	71.9	311	-1.3	-1.78	71.9	1449	63086	72	1179	72.1	100	72.2	76	71.9	72.8	71	956	412	208295	
CTF	22.75	19.85	21.3	20.8	30	21	20	21.3	30	0.1	0.47	21.4	600	17016	21.4	370	21.45	50	21.5	474	21.4	21.5	20.4	86	6	2230718	
CTG	26.15	22.75	24.45	24.75	754	24.8	2190	24.85	191	0.45	1.84	24.9	27596	705948	24.9	477	24.95	5809	25	22686	24.9	25.2	24.6	25893	41902	623529	
CTI	20.5	17.9	19.2	19.1	2130	19.15	4271	19.2	2866	0	0	19.2	2608	162500	19.3	4903	19.35	852	19.4	2730	19.2	19.45	19.2	3339	0	2357479	
CTS	8.13	7.07	7.6	7.88	500	7.9	600	7.91	50	0.38	5	7.98	700	88558	7.98	1078	7.99	510	8	5	7.98	8.05	7.75	585	5807	4066521	
CVT	19.05	16.65	17.85	18.05	1712	18.1	2216	18.15	20	0.35	1.96	18.2	400	36943	18.2	685	18.25	3212	18.3	2488	18.2	18.35	17.9	1056	2817	3271715	
D2D	66.3	57.7	62	62.2	726	62.6	130	62.7	5	1	1.61	63	626	34231	63	568	63.2	50	63.4	16	63	63	61.9	543	630	897217	
DAG	5.87	5.11	5.49	5.69	281	5.7	100	5.72	1	0.26	4.74	5.75	350	65340	5.73	31	5.74	545	5.75	251	5.75	5.75	5.49	500	0	2102057	
DAH	13.15	11.45	12.3	12.1	1855	12.15	1649	12.2	489	-0.1	-0.81	12.2	914	26012	12.25	771	12.3	1102	12.35	1572	12.2	12.35	12.15	1163	0	1627112	
DAT	7.32	6.38	6.85	6.85	201	7	1	7.32	196	0	0	0	0	0	0	0	0	0	0	0	0	0	0	0	0	2253957	
DBC	57.7	50.3	54	56.3	3	56.4	80	56.5	920	2.6	4.81	56.6	5704	425926	56.6	208	56.7	600	56.8	1810	56.6	57.5	55	3268	16332	4402976	
DBD	52.4	45.6	49	47.8	10	47.85	270	47.9	17	-1.1	-2.24	47.9	627	10845	48.7	121	48.75	500	48.8	601	47.9	49.05	47.9	2	0	5235695	
DCL	22.65	19.75	21.2	21.2	1830	21.4	10	21.6	100	0.5	2.36	21.7	316	8883	21.7	39	21.8	15	21.85	131	21.7	21.9	20.9	185	0	1679761	
DCM	9.02	7.84	8.43	8.43	6138	8.44	1174	8.45	667	0.02	0.24	8.45	2815	192321	8.46	320	8.47	600	8.48	1940	8.45	8.6	8.42	1416	0	24939187	
DGW	33.05	28.75	30.9	31.3	759	31.4	355	31.45	1	0.6	1.94	31.5	3513	68495	31.5	1131	31.6	228	31.65	50	31.5	31.8	30.65	4682	1793	1033095	
DHA	33.55	29.25	31.4	31.2	100	31.3	153	31.7	28	0.6	1.91	32	113	4799	32	502	32.4	32	32.5	448	0	32	31	0	0	600533	
DHC	37.95	33.05	35.5	36.05	3	36.1	733	36.15	985	0.7	1.97	36.2	1910	28773	36.2	736	36.25	275	36.3	9	36.2	36.6	35.5	9149	0	656044	
DHG	99.1	86.3	92.7	92.7	322	92.8	42	92.9	77	0.3	0.32	93	180	1771	93	306	93.3	29	93.5	460	93	93.5	92.7	579	680	5956052	
DHM	8.76	7.62	8.19	8.19	311	8.3	508	8.4	50	0.31	3.79	8.5	150	14325	8.5	2285	8.55	50	8.6	10	8.5	8.5	8.19	0	0	1531248	
DIC	2	1.74	1.87	1.91	515	1.92	49	1.93	120	0.07	3.74	1.94	1960	101701	1.94	2554	1.95	880	1.96	90	1.94	1.94	1.84	4778	7100	1270854	
DIG	13.55	11.85	12.7	12.7	2923	12.75	2246	12.8	525	0.15	1.18	12.85	10541	197656	12.85	1491	12.9	4105	12.95	5986	12.85	13	12.6	80	272	4601622	
DLG	1.65	1.45	1.55	1.62	6006	1.63	8737	1.64	25431	0.1	6.45	1.65	49582	1351458	1.65	32019	0	0	0	0	1.65	1.65	1.57	10895	2505	13840059	
DMC	58.8	51.2	55	55.5	969	55.6	591	55.7	50	0.9	1.64	55.9	3	10721	55.9	7	56	605	56.1	212	55.9	56.4	55	226	0	1448148	
DPG	26.05	22.65	24.35	25.9	1741	25.95	929	26	964	1.7	6.98	26.05	15723	136265	26.05	3204	0	0	0	0	26.05	26.05	24.35	3422	0	2183315	
DPM	15.85	13.85	14.85	14.6	10440	14.65	13692	14.7	24895	-0.1	-0.67	14.75	38832	560485	14.75	4911	14.8	6205	14.85	4760	14.75	15.15	14.7	12827	87255	14465606	
DPR	40.9	35.6	38.25	38.2	558	38.25	87	38.3	15	0.2	0.52	38.45	100	2471	38.45	119	38.5	390	38.7	5	38.45	38.45	38	57	1239	1501813	
DQC	20.7	18	19.35	19	85	19.1	20	19.15	310	-0.2	-1.03	19.15	35	5750	19.9	41	19.95	691	20	2000	19.15	20.35	19	1	35	1591931	
DRC	21.1	18.4	19.75	19.85	5631	19.9	3643	19.95	611	0.2	1.01	19.95	1411	99775	20	2321	20.05	1225	20.1	1100	19.95	20.35	19.75	1865	10707	3382191	
DRH	8.45	7.35	7.9	7.8	1515	7.85	740	7.86	554	-0.04	-0.51	7.86	12600	318375	7.88	200	7.89	2820	7.9	7504	7.86	8.1	7.6	3225	4694	2838261	
DRL	54.5	47.45	51	50.6	27	50.7	31	50.8	28	-0.2	-0.39	50.8	4	6	51	30	51.7	20	51.8	6	0	50.8	50.8	0	0	459240	
DSN	50.7	44.15	47.45	47.45	588	47.5	215	47.6	67	0.15	0.32	47.6	1	2053	47.7	8	47.8	617	47.9	102	47.6	47.8	47.4	0	0	372506	
DTA	4.88	4.26	4.57	4.4	1	4.57	165	4.6	112	0.08	1.75	4.65	1	2672	4.65	126	4.69	63	4.7	1	4.65	4.69	4.5	0	0	881866	
DTL	9.53	8.29	8.91	0	0	8.29	56	8.3	200	-0.51	-5.72	8.4	269	319	8.4	631	8.91	14	9.5	1	0	8.4	8.29	0	269	3008671	
DTT	15.5	13.5	14.5	0	0	0	0	14.5	2	0	0	14.5	1	9	14.8	12	15.5	1	0	0	0	14.8	14.5	0	0	397869	
DVP	37	32.2	34.6	34.7	15	34.8	29	34.85	5	0.4	1.16	35	2	3841	35.1	10	35.25	98	35.3	13	35	35.25	34.5	60	2817	1407675	
DXG	12.8	11.2	12	12.3	20143	12.35	14432	12.4	4231	0.4	3.33	12.4	22073	509832	12.45	13354	12.5	25196	12.55	15654	12.4	12.5	12.2	159112	8832	4544910	
DXV	2.42	2.12	2.27	2.28	5	2.4	110	2.42	2681	0.15	6.61	2.42	10	6973	0	0	0	0	0	0	0	2.42	2.42	0	0	479568	
E1VFVN30	14.71	12.79	13.75	13.9	37330	13.93	10	13.94	99	0.25	1.82	14	1010	121489	14	2609	14.05	25	14.06	60	14	14.09	13.84	49222	106004	1241586	
EIB	18.9	16.5	17.7	17.65	2120	17.7	7517	17.75	1959	0.05	0.28	17.75	1000	45380	17.9	79	18	543	18.1	300	17.75	18.2	17.7	10	0	19015	
ELC	5.6	4.88	5.24	5.5	801	5.58	877	5.6	440	0.36	6.87	5.6	1290	28281	0	0	0	0	0	0	5.6	5.6	5.26	1999	10017	1459446	
EMC	14.1	12.3	13.2	0	0	0	0	12.5	300	0.85	6.44	14.05	1	1	14.1	1	0	0	0	0	0	14.05	14.05	0	0	749034	
EVE	11.4	9.96	10.7	10.5	203	10.6	3000	10.65	201	0	0	10.7	100	28514	10.7	912	10.75	3	10.8	500	10.7	11	10.5	9690	4468	1461069	
EVG	3.9	3.4	3.65	3.88	261900	3.89	10145	3.9	8661	0.25	6.85	3.9	756	157107	0	0	0	0	0	0	3.9	3.9	3.8	1	440	2864502	
FCM	6.92	6.02	6.47	6.52	5010	6.53	280	6.54	489	0.07	1.08	6.54	560	10909	6.59	20	6.6	556	6.66	501	6.54	6.79	6.48	0	2391	1907093	
FCN	10.5	9.17	9.85	9.91	1260	9.92	533	9.95	2956	0.1	1.02	9.95	9810	172267	9.96	100	10	2068	10.05	880	9.95	10.2	9.91	1607	4000	2909924	
FDC	13.9	12.1	13	12.15	2	12.4	63	12.5	1	0	0	13	130	136	13	353	13.1	59	13.3	4	13	13	12.15	0	0	1891253	
FIR	33.1	28.8	30.95	31.1	1200	31.15	745	31.2	827	0.35	1.13	31.3	375	10526	31.3	30	31.35	224	31.4	211	31.3	31.35	31	237	0	1003139	
FIT	6.8	5.92	6.36	6.65	170	6.66	450	6.67	910	0.34	5.35	6.7	1780	240429	6.7	391	6.71	1	6.72	1	6.7	6.8	6.37	5167	1000	12136571	
FLC	3.33	2.91	3.12	3.31	8130	3.32	11375	3.33	17295	0.21	6.73	3.33	13167	2227149	0	0	0	0	0	0	3.33	3.33	3.18	60179	2951	32814359	
FMC	30.65	26.65	28.65	29.7	430	29.75	171	29.8	216	1.3	4.54	29.95	400	28646	30	2993	30.05	884	30.1	2987	29.95	30.4	29.4	644	1139	1971331	
FPT	52.1	45.3	48.7	49.2	1252	49.25	550	49.3	1482	0.65	1.33	49.35	10191	411325	49.35	3490	49.4	518	49.45	2010	49.35	50	49	2239	2189	0	
FRT	29.35	25.55	27.45	27.85	342	27.9	203	27.95	142	0.55	2	28	2348	139729	28	423	28.1	509	28.15	138	28	28.95	27.6	14381	9230	1045427	
FTM	1.63	1.43	1.53	1.6	3060	1.61	1336	1.62	16681	0.1	6.54	1.63	23091	120470	1.63	3285	0	0	0	0	1.63	1.63	1.53	1000	0	2429244	
FTS	14.55	12.65	13.6	13.1	13	13.45	900	13.5	100	-0.05	-0.37	13.55	702	30024	13.55	1054	13.6	2083	13.65	200	13.55	13.65	13.1	0	29	9456716	
FUCTVGF1	12.7	11.1	11.9	0	0	0	0	0	0	0	0	0	0	0	0	0	0	0	0	0	0	0	0	0	0	734571	
FUCTVGF2	10.95	9.54	10.25	0	0	0	0	0	0	0	0	0	0	0	10.25	1	0	0	0	0	0	0	0	0	0	808607	
FUCVREIT	8.32	7.24	7.78	0	0	0	0	0	0	-0.54	-6.94	7.24	4	13	7.24	17	7.5	8	7.93	5	0	7.24	7.24	0	13	239084	
FUESSV50	12.94	11.26	12.1	11.9	1016	12	1000	12.1	351	0.2	1.65	12.3	1	6051	12.3	1299	12.4	1020	12.5	2000	12.3	12.3	12.1	3	1350	440965	
FUESSVFL	10.38	9.04	9.71	9.8	4301	9.81	3935	9.82	3696	0.18	1.85	9.89	1	289	9.89	10534	9.9	10348	9.91	12034	9.89	9.99	9.81	0	0	903358	
FUEVFVND	13.2	11.48	12.34	12.65	1791	12.68	20	12.71	600	0.43	3.48	12.77	151	31082	12.77	836	12.8	220	13	55	12.77	12.77	12.47	1557680	2547	12629	
GAB	166.9	145.1	156	156.2	4361	156.3	2292	156.4	1231	0.5	0.32	156.5	83	1794	156.5	108	156.7	318	157	692	156.5	160	156.3	0	50	662260	
GAS	82.3	71.7	77	78.6	2317	78.8	82	78.9	2	2	2.6	79	3808	65945	79	3065	79.1	1596	79.2	2061	79	79.5	78.3	10950	287	87401708	
GDT	30.3	26.4	28.35	28.2	524	28.25	161	28.35	27	0	0	28.35	20	2369	28.4	109	28.5	50	28.7	200	0	28.35	28.2	30	0	487952	
GEG	22.35	19.45	20.9	20.8	3023	20.85	1944	20.9	1578	0.05	0.24	20.95	3030	48714	20.95	404	21	3773	21.1	1651	20.95	21	20.6	2181	0	2454733	
GEX	18.65	16.25	17.45	17.8	9900	17.85	2957	17.9	907	0.5	2.87	17.95	11923	338575	17.95	4642	18	5806	18.05	4019	17.95	18.3	17.5	9564	3435	16562067	
GIL	20.95	18.25	19.6	19.45	30	19.5	2058	19.6	180	0	0	19.6	3027	35341	19.7	21	19.8	100	19.85	808	19.6	20.5	19.6	2461	510	1052494	
GMC	20.5	17.9	19.2	20.4	81	20.45	230	20.5	1939	1.3	6.77	20.5	200	22639	0	0	0	0	0	0	20.5	20.5	19.4	0	0	1035702	
GMD	22.3	19.4	20.85	20.95	3549	21	3432	21.05	700	0.25	1.2	21.1	1799	99529	21.1	1029	21.15	1737	21.2	5356	21.1	21.25	20.5	277	277	0	
GSP	11.05	9.63	10.35	10.05	222	10.1	10	10.15	17	-0.2	-1.93	10.15	20	3672	10.4	500	10.45	600	10.5	210	10.15	10.35	10	0	0	1313733	
GTA	11.4	9.96	10.7	10.45	115	10.5	100	10.55	2	0.05	0.47	10.75	9	39	10.7	98	10.75	14	10.9	4	10.75	10.75	10.3	0	0	506425	
GTN	19.7	17.2	18.45	18.75	169	18.8	7259	18.85	451	0.45	2.44	18.9	7528	312938	18.9	2985	18.95	1429	19	6323	18.9	19.5	18.7	2743	4706	24906250	
GVR	13.8	12	12.9	12.85	9199	12.9	16757	12.95	6732	0.1	0.78	13	4583	337656	13	21419	13.05	1401	13.1	7835	13	13.25	12.85	8749	0	49524867	
HAG	5.79	5.05	5.42	5.72	1194	5.73	2433	5.74	2285	0.33	6.09	5.75	48564	1177451	5.75	8088	5.76	5357	5.77	32780	5.75	5.76	5.48	7186	1437	38115972	
HAH	12.6	11	11.8	11.85	118	11.9	981	12	220	0.3	2.54	12.1	5	26800	12.1	216	12.15	1008	12.2	1371	12.1	12.35	11.9	400	0	1368202	
HAI	3.63	3.17	3.4	3.57	2799	3.58	337	3.59	3124	0.2	5.88	3.6	15159	502183	3.6	2364	3.61	440	3.62	9791	3.6	3.63	3.43	8107	9797	8574793	
HAP	3.41	2.97	3.19	3.23	500	3.25	410	3.3	20	0.13	4.08	3.32	10	16462	3.32	509	3.33	1309	3.34	1311	3.32	3.32	3.2	0	20	2333244	
HAR	3.63	3.17	3.4	3.41	1000	3.43	987	3.45	3076	0.05	1.47	3.45	2500	92165	3.48	100	3.5	6118	3.52	5491	3.45	3.54	3.35	11500	907	4939629	
HAS	7.49	6.51	7	6.63	110	6.64	100	6.65	100	-0.35	-5	6.65	200	800	7	138	7.1	113	7.25	55	0	7	6.65	0	0	235559	
HAX	12.65	11.05	11.85	12.5	2061	12.55	8519	12.6	387	0.8	6.75	12.65	1662	61455	12.65	2968	0	0	0	0	12.65	12.65	11.9	670	0	1535461	
HBC	10.3	8.96	9.63	10.1	30387	10.15	15049	10.2	2228	0.57	5.92	10.2	21297	1425610	10.25	14845	10.3	35107	0	0	10.2	10.3	9.86	59553	2894	6749487	
HCD	3.49	3.05	3.27	3.31	430	3.4	106	3.44	100	0.18	5.5	3.45	1050	346698	3.45	1621	3.46	850	3.47	554	3.45	3.49	3.3	400	0	1319761	
HCM	21.4	18.6	20	20.6	1019	20.65	2116	20.7	1796	0.75	3.75	20.75	6719	313542	20.75	267	20.8	3430	20.85	3617	20.75	20.9	20.3	5953	48301	14290687	
HDB	29.4	25.6	27.5	27.3	7050	27.35	2214	27.4	5052	-0.1	-0.36	27.4	7126	149038	27.45	8635	27.5	546	27.55	71	27.4	27.9	27.25	818	17311	8671876	
HDC	17.5	15.3	16.4	16.7	2292	16.75	1335	16.8	3155	0.4	2.44	16.8	2583	128473	16.85	400	16.9	1895	16.95	2215	16.8	17.2	16.65	4401	0	2539619	
HDG	30.6	26.6	28.6	28.75	725	28.8	434	28.85	3410	0.25	0.87	28.85	884	45560	28.9	1802	28.95	1235	29	2321	28.85	29	28.7	2358	4	3956548	
HHS	4.92	4.28	4.6	4.9	3050	4.91	6172	4.92	37803	0.32	6.96	4.92	121	495571	0	0	0	0	0	0	4.92	4.92	4.76	11335	18143	12595163	
HID	2.8	2.44	2.62	2.78	2500	2.79	2068	2.8	14492	0.18	6.87	2.8	817	115459	0	0	0	0	0	0	2.8	2.8	2.62	0	0	2825238	
HII	15.05	13.15	14.1	13.8	1347	13.85	310	13.9	67	-0.2	-1.42	13.9	550	14526	14	369	14.05	100	14.1	409	13.9	14.2	13.8	0	0	1351156	
HMC	15.15	13.25	14.2	13.7	110	13.8	700	13.85	499	-0.35	-2.46	13.85	1	2087	14.3	78	14.4	201	14.6	500	13.85	14.3	13.7	0	0	1003076	
HNG	16.55	14.45	15.5	15.5	939	15.6	1	15.65	1	0.25	1.61	15.75	10795	116295	15.75	2093	15.8	2512	15.85	1655	15.75	15.9	15.45	0	633	53993057	
HOT	43.3	37.7	40.5	37.7	1	38	27	38.1	10	2.7	6.67	43.2	45	248	43.2	1	43.3	10	0	0	43.2	43.2	43	0	0	391818	
HPG	28.9	25.2	27.05	27.55	4694	27.6	8062	27.65	6468	0.65	2.4	27.7	88589	1714492	27.7	14930	27.75	57	27.85	2001	27.7	28.1	27.3	256257	25725	34826709	
HPX	28.85	25.15	27	26.75	6	26.8	24	26.85	154	0.1	0.37	27.1	1	46056	27.1	433	27.15	100	27.2	232	27.1	27.2	26.85	0	0	8084865	
HQC	1.63	1.43	1.53	1.61	21473	1.62	32278	1.63	1817846	0.1	6.54	1.63	200	2479566	0	0	0	0	0	0	1.63	1.63	1.6	0	439127	21612526	
HRC	40.65	35.35	38	0	0	38	191	38.05	24	2	5.26	40	100	559	40	19	40.5	20	0	0	40	40	38	0	26	1456922	
HSG	11.3	9.86	10.6	11.2	5524	11.25	6105	11.3	211488	0.7	6.6	11.3	1835	1506189	0	0	0	0	0	0	11.3	11.3	10.85	34424	150869	15491333	
HSL	5.61	4.89	5.25	5.59	31	5.6	2291	5.61	2279	0.36	6.86	5.61	1	39117	0	0	0	0	0	0	5.61	5.61	5.25	270	5008	1362097	
HT1	15.65	13.65	14.65	14.65	3827	14.7	3469	14.75	460	0.15	1.02	14.8	1140	47957	14.8	360	14.85	1783	14.9	1624	14.8	15	14.65	8509	771	16235787	
HTI	13.55	11.85	12.7	12.2	20	12.5	76	12.65	42	-0.05	-0.39	12.65	160	1984	12.7	3572	13.4	400	13.5	20	12.65	13.5	12.5	221	0	791258	
HTL	13.45	11.75	12.6	12.35	6	12.6	271	12.75	40	0.15	1.19	12.75	10	220	12.85	10	13	21	13.4	20	0	13	12.6	0	198	31550	
HTN	20.5	17.9	19.2	18.9	521	19	121	19.05	232	-0.15	-0.78	19.05	319	5095	19.2	300	19.25	67	19.3	78	19.05	19.25	18.9	0	0	1428497	
HTT	0.73	0.65	0.69	0	0	0	0	0	0	0	0	0	0	0	0	0	0	0	0	0	0	0	0	0	0	956200	
HTV	13.65	11.95	12.8	12.25	5	12.7	1	12.8	3	0.4	3.12	13.2	1	405	13.2	416	13.3	120	13.35	300	0	13.3	12.8	2	0	455764	
HU1	6.09	5.31	5.7	5.5	50	5.6	48	5.7	3	0.29	5.09	5.99	1	214	5.99	27	0	0	0	0	0	5.99	5.7	0	0	453177	
HU3	7.91	6.89	7.4	7.07	10	7.3	500	7.35	500	0.01	0.14	7.41	100	100	7.6	123	7.91	1	0	0	0	7.41	7.41	0	0	433933	
HUB	18.6	16.2	17.4	16.85	30	16.9	1	17.2	93	-0.2	-1.15	17.2	295	551	17.3	2	17.4	80	17.5	3	0	17.4	16.9	0	0	747054	
HVG	5.77	5.03	5.4	0	0	0	0	0	0	0	0	0	0	0	0	0	0	0	0	0	0	0	0	0	0	9040458	
HVH	9.84	8.56	9.2	9.8	228	9.82	356	9.84	19599	0.64	6.96	9.84	71	43725	0	0	0	0	0	0	9.84	9.84	9.4	570	0	961494	
HVN	30.2	26.3	28.25	28.65	5609	28.7	6777	28.75	1195	0.5	1.77	28.75	4547	220019	28.8	3111	28.85	1989	28.9	9199	28.75	28.9	28.5	6603	1873	29306993	
HVX	3.95	3.45	3.7	0	0	3.45	246	3.5	1	-0.2	-5.41	3.5	1	178	3.59	44	3.6	141	3.7	40	0	3.6	3.45	0	0	1924059	
IBC	23.9	20.8	22.35	22.25	130	22.3	120	22.35	112	0.05	0.22	22.4	224	20398	22.4	412	22.45	183	22.5	199	22.4	22.4	22.15	110	0	2104459	
ICT	17.85	15.55	16.7	17.5	580	17.6	50	17.85	92	1.15	6.89	17.85	1	20926	0	0	0	0	0	0	17.85	17.85	16.6	1369	0	3213702	
IDI	4.95	4.31	4.63	4.93	5198	4.94	7582	4.95	8697	0.32	6.91	4.95	4404	465829	0	0	0	0	0	0	4.95	4.95	4.71	7928	2000	10959805	
IJC	14	12.2	13.1	12.85	161	12.9	1320	12.95	1445	-0.1	-0.76	13	1302	76528	13	48	13.05	450	13.1	1710	13	13.35	12.95	449	673	6518890	
ILB	17.75	15.45	16.6	16.3	50	16.5	600	16.6	353	0.1	0.6	16.7	4	421	16.7	71	16.8	80	16.9	200	0	16.7	16.6	0	0	0	
IMP	64	55.8	59.9	58.6	502	58.7	450	58.8	119	-1.1	-1.84	58.8	453	9191	59	21	59.2	225	59.4	122	58.8	59.9	58.5	1	0	0	
ITA	4.96	4.32	4.64	4.94	24457	4.95	20238	4.96	1048614	0.32	6.9	4.96	677	1545751	0	0	0	0	0	0	4.96	4.96	4.8	90	23746	39468489	
ITC	13.35	11.65	12.5	12.3	100	12.35	100	12.4	100	0.4	3.2	12.9	100	701	12.8	23	12.9	318	12.95	350	0	12.9	11.7	0	0	3518730	
ITD	9.41	8.19	8.8	8.94	45	8.95	1	8.96	20	0.2	2.27	9	1	6936	9	1580	9.2	1490	9.4	307	0	9.2	8.8	0	5507	684748	
JVC	3.37	2.93	3.15	3.12	1300	3.13	931	3.14	254	-0.01	-0.32	3.14	14986	300433	3.15	2464	3.17	11683	3.18	13134	3.14	3.25	3.14	0	16431	867647	
KBC	15.4	13.4	14.4	14.4	10510	14.45	2553	14.5	2572	0.1	0.69	14.5	8805	363385	14.55	602	14.6	4108	14.65	1608	14.5	14.95	14.45	7772	3086	12811338	
KDC	35.75	31.15	33.45	33.4	643	33.45	1100	33.5	473	0.15	0.45	33.6	6612	80497	33.6	502	33.65	4674	33.7	2446	33.6	33.8	32	51130	3947	20779484	
KDH	24.95	21.75	23.35	23.8	700	23.85	480	23.9	575	0.55	2.36	23.9	1230	70237	24	1170	24.1	3690	24.2	2803	23.9	24.2	23.35	4029	551	2797728	
KHP	8.66	7.54	8.1	8.12	50	8.2	3	8.25	31	0.15	1.85	8.25	3	1249	8.28	70	8.29	500	8.3	31	8.25	8.29	8.1	201	0	1173205	
KMR	2.41	2.11	2.26	2.35	200	2.36	500	2.37	86	0.14	6.19	2.4	1000	56178	2.38	61	2.39	201	2.4	1110	2.4	2.41	2.26	0	731	2119687	
KOS	32.95	28.65	30.8	31.4	3867	31.5	1929	31.6	3198	0.9	2.92	31.7	5223	58345	31.7	1297	31.8	143	31.9	504	31.7	32	31.2	2234	0	5036898	
KPF	18.15	15.85	17	0	0	0	0	0	0	-1.15	-6.76	15.85	140	858	15.85	500	17	73	17.5	33	15.85	17	15.85	0	0	882579	
KSB	29.3	25.5	27.4	27.3	248	27.4	3140	27.5	1200	0.25	0.91	27.65	2582	166880	27.65	933	27.7	2221	27.75	1100	27.65	28	26.9	4386	2522	2035872	
L10	14.45	12.65	13.55	13.5	15	14	1000	14.05	20	0	0	0	0	0	14.45	20	0	0	0	0	0	0	0	0	0	475275	
LAF	8.94	7.78	8.36	7.79	25	7.8	3	7.81	5	0.14	1.67	8.5	50	384	8.45	200	8.5	232	8.69	30	0	8.5	8.39	0	20	687617	
LBM	29.85	25.95	27.9	26.7	4	27.4	100	27.5	309	0.6	2.15	28.5	2	141	28.4	46	28.45	50	28.5	95	28.5	28.5	27.5	5	0	433770	
LCG	8.47	7.37	7.92	8.02	50	8.03	345	8.04	108	0.16	2.02	8.08	996	80700	8.08	232	8.1	4224	8.11	250	8.08	8.19	7.99	1	361	1898295	
LCM	0.69	0.61	0.65	0.64	1550	0.65	1022	0.66	1103	0.01	1.54	0.66	10	4829	0.69	3456	0	0	0	0	0.66	0.69	0.62	0	0	995529	
LDG	6.58	5.72	6.15	6.43	7602	6.44	2346	6.45	3663	0.3	4.88	6.45	17417	467795	6.46	1884	6.47	300	6.48	1828	6.45	6.53	6.3	19605	251	11429531	
LEC	17.95	15.65	16.8	0	0	0	0	15.7	73	-1.1	-6.55	15.7	1	78	16.7	3	16.8	20	16.85	18	15.7	16.9	15.7	0	0	1278863	
LGC	45.9	39.9	42.9	0	0	0	0	39.9	1	-2.4	-5.59	40.5	100	105	40.5	315	40.9	326	42.9	135	0	40.5	40.5	0	105	768586	
LGL	5.13	4.47	4.8	5.11	50	5.12	1326	5.13	29104	0.33	6.88	5.13	20	95395	0	0	0	0	0	0	5.13	5.13	4.82	1600	63196	2334954	
LHG	19.75	17.25	18.5	18.4	990	18.45	821	18.5	1800	0.1	0.54	18.6	770	50626	18.6	4862	18.65	1205	18.7	4342	18.6	18.8	18.45	8326	0	2079116	
LIX	58.5	50.9	54.7	53.7	254	53.8	1	54	500	0.1	0.18	54.8	2	11568	54.8	8	54.9	29	55	745	54.8	55	53.2	1858	112	1238382	
LM8	17.4	15.2	16.3	15.35	1	15.4	71	15.45	6	-0.4	-2.45	15.9	1	403	15.9	94	16	716	16.3	93	0	17	15.4	0	0	443472	
LMH	0.72	0.64	0.68	0.7	2328	0.71	3326	0.72	624	0.04	5.88	0.72	651	142484	0	0	0	0	0	0	0.72	0.72	0.68	0	0	2545923	
LSS	5.23	4.55	4.89	5.2	1375	5.22	866	5.23	2444	0.34	6.95	5.23	130	24270	0	0	0	0	0	0	5.23	5.23	4.9	0	0	3317151	
MBB	19.15	16.65	17.9	18	50962	18.05	14678	18.1	28428	0.2	1.12	18.1	14420	811418	18.15	14536	18.2	13641	18.25	21703	18.1	18.3	18.05	32000	33198	0	
MCG	1.77	1.55	1.66	1.59	105	1.6	1047	1.66	50	0.02	1.2	1.68	68	4558	1.68	3	1.75	31	1.76	72	1.68	1.7	1.56	0	0	2546184	
MCP	13.45	11.75	12.6	11.8	5	12	50	12.5	50	0	0	0	0	0	13.45	2	0	0	0	0	0	0	0	0	0	735596	
MDG	12.5	10.9	11.7	10.9	18	11	451	11.1	100	-0.7	-5.98	11	149	494	11.7	5	12	55	12.45	5	0	12	10.9	0	0	533562	
MHC	3.31	2.89	3.1	3.21	100	3.3	1260	3.31	3936	0.21	6.77	3.31	100	53762	0	0	0	0	0	0	3.31	3.31	3.14	0	0	1947194	
MSH	39.05	33.95	36.5	37.35	210	37.4	40	37.45	450	1	2.74	37.5	1116	44500	37.5	1145	37.6	373	37.65	510	37.5	38	37.2	612	9999	2249663	
MSN	67.4	58.6	63	63.2	1387	63.3	869	63.4	163	0.4	0.63	63.4	5911	175886	63.5	10202	63.6	242	63.7	84	63.4	64.4	62.8	5515	41893	11367077	
MWG	92.1	80.1	86.1	89.8	1804	89.9	661	90	455	4	4.65	90.1	9624	369112	90.1	1114	90.2	2976	90.3	2119	90.1	91.3	86.8	0	0	0	
NAF	25.65	22.35	24	25.5	2350	25.6	2438	25.65	26868	1.65	6.87	25.65	2	25554	0	0	0	0	0	0	25.65	25.65	24.1	0	0	4117225	
NAV	18.9	16.5	18.2	0	0	16.6	20	18.2	5	0	0	18.2	3	6	18.9	1	0	0	0	0	0	18.2	18.2	0	0	381738	
NBB	20.1	17.5	18.8	19.05	800	19.1	50	19.15	261	0.35	1.86	19.15	319	5803	19.2	163	19.25	27	19.3	23	19.15	19.15	18.95	1148	0	3101158	
NCT	65.6	57.2	61.4	61.6	190	61.7	2	61.8	50	0.5	0.81	61.9	501	2684	61.9	208	62	499	62.5	36	61.9	62	61.4	0	0	1001357	
NHH	51.3	44.65	48	46.5	5	47	31	47.5	5	0.15	0.31	48.15	3	21660	48.05	21	48.1	168	48.2	41	48.15	48.7	47.5	120	1	1675343	
NKG	8.59	7.47	8.03	8.29	3020	8.3	6757	8.31	1657	0.28	3.49	8.31	20411	426142	8.32	5245	8.33	5029	8.35	660	8.31	8.37	8.19	24067	1531	14434260	
NLG	25.9	22.6	24.25	24.05	107	24.2	10	24.25	1562	0	0	24.25	7314	137987	24.3	2921	24.35	2379	24.4	4239	24.25	24.5	23.9	3976	5157	386791	
NNC	49.75	43.25	46.5	46.5	48	46.6	10	46.7	79	0.5	1.08	47	200	784	47	131	47.5	22	47.55	49	47	47.55	46.5	80	170	685569	
NSC	67.6	58.8	63.2	62	116	62.2	65	62.3	96	-0.3	-0.47	62.9	6	1081	62.9	2	63	336	63.1	100	62.9	63.2	62.1	33	641	681160	
NT2	22.8	19.9	21.35	21.45	2332	21.5	5160	21.55	5644	0.2	0.94	21.55	270	50672	21.6	413	21.65	943	21.7	2192	21.55	21.8	21.5	2426	2466	8952153	
NTL	19.2	16.7	17.95	18.15	3275	18.2	2440	18.25	2227	0.35	1.95	18.3	797	118775	18.3	1947	18.35	1050	18.4	4506	18.3	18.45	18.05	2842	57	2835174	
NVL	58.4	50.8	54.6	54.4	220	54.5	669	54.6	329	0.1	0.18	54.7	2996	66551	54.7	6102	54.8	1508	54.9	3397	54.7	54.9	54.3	2316	494	31413091	
NVT	5.35	4.65	5	5.2	200	5.25	440	5.26	100	0.3	6	5.3	3	3979	5.3	197	5.35	608	0	0	5.3	5.35	5.13	0	0	7325534	
OGC	4.01	3.49	3.75	3.79	2422	3.8	27801	3.81	7360	0.07	1.87	3.82	12220	460006	3.82	2250	3.83	1767	3.84	837	3.82	3.92	3.8	8802	0	14606819	
OPC	61.6	53.6	57.6	56	12	57	20	57.8	76	0.2	0.35	57.8	24	286	58.5	200	59.8	11	59.9	122	0	60	57.8	0	0	1166837	
PAC	25	21.8	23.4	23.1	73	23.2	420	23.4	37	0	0	23.4	1045	4452	23.65	889	23.7	300	23.75	404	23.4	24	23.4	600	226	1310050	
PAN	23.2	20.2	21.7	21.7	1698	21.75	190	21.8	440	0.2	0.92	21.9	500	7408	21.9	1651	22	110	22.2	365	21.9	22	21.7	0	1000	1040577	
PC1	19.35	16.85	18.1	17.9	3226	17.95	1493	18	1264	-0.1	-0.55	18	6234	103969	18.05	198	18.1	1752	18.15	6406	18	18.2	17.9	786	4740	4783765	
PDN	72.4	63	67.7	63	101	63.1	2	67.7	100	0.1	0.15	67.8	15	42	67.8	1	67.9	18	68	20	67.8	67.9	67.7	15	15	902287	
PDR	28.1	24.5	26.3	26.15	910	26.2	1010	26.35	264	0.05	0.19	26.35	1570	85100	26.4	194	26.45	284	26.5	570	26.35	26.4	26	2371	2110	15073493	
PET	9.14	7.96	8.55	8.53	200	8.55	360	8.56	502	0.02	0.23	8.57	770	30701	8.57	173	8.58	944	8.59	914	8.57	8.7	8.5	600	4217	2811056	
PGC	19	16.6	17.8	17.2	1269	17.3	925	17.35	785	-0.4	-2.25	17.4	601	63286	17.4	149	17.5	1000	17.55	1054	17.4	17.8	17.3	2337	861	2564074	
PGD	31.55	27.45	29.5	29.6	21	29.7	170	29.8	40	0.1	0.34	29.6	29	225	30.7	5	30.8	5	30.9	10	0	29.7	29.5	0	0	183039	
PGI	17.1	14.9	16	16	155	16.1	520	16.2	199	0.9	5.62	16.9	1	827	16.9	143	17.1	60	0	0	16.9	16.9	16	0	0	2516253	
PHC	10.9	9.49	10.2	10.15	560	10.2	547	10.25	311	0.1	0.98	10.3	1090	13369	10.3	570	10.35	269	10.4	475	10.3	10.55	10.2	0	0	1258456	
PHR	58.4	50.8	54.6	54.5	115	54.6	235	54.7	135	0.1	0.18	54.7	6725	170156	54.8	200	54.9	15	55	1753	54.7	55.6	54.1	21345	1175	5255281	
PIT	4.17	3.63	3.9	3.65	10	3.67	25	3.9	2273	0	0	3.9	342	999	3.91	1	4	42	0	0	3.9	3.9	3.9	0	0	733742	
PJT	11.75	10.25	11	10.3	320	10.45	5	10.5	30	0.35	3.18	11.35	5	8	11.4	100	11.45	100	11.5	150	0	11.65	11.35	0	0	712575	
PLP	9.16	7.98	8.57	8.51	201	8.7	1298	8.8	110	0.33	3.85	8.9	1	11318	8.9	390	9	231	9.1	377	8.9	9.1	8.5	0	0	977831	
PLX	50.2	43.75	47	47.8	797	47.85	1607	47.9	154	1	2.13	48	10536	154196	48	7581	48.05	2038	48.1	8869	48	48.1	47.3	38349	1289	8646546	
PME	65.9	57.3	61.6	62.2	500	62.3	500	62.5	29	1	1.62	62.6	52	5118	62.6	166	62.8	19	62.9	203	62.6	62.6	61.6	0	0	2843860	
PMG	13	11.3	12.15	12.1	148	12.15	31	12.2	308	0.05	0.41	12.2	7	311	12.25	691	12.3	472	12.35	500	12.2	12.25	12.15	0	0	2018910	
PNC	10.8	9.4	10.1	0	0	0	0	9.4	2	0	0	0	0	0	10.1	1	10.3	5	10.6	305	0	0	0	0	0	532156	
PNJ	68.1	59.3	63.7	65.8	637	65.9	36	66	752	2.4	3.77	66.1	13708	220853	66.1	1680	66.2	6130	66.3	2975	66.1	66.2	64.1	38267	38267	0	
POM	6.63	5.77	6.2	6.6	86	6.62	130	6.63	5727	0.43	6.94	6.63	100	11201	0	0	0	0	0	0	0	6.63	6.5	0	1	11501847	
POW	11.25	9.82	10.55	10.6	39089	10.65	25910	10.7	49899	0.15	1.42	10.7	50505	922959	10.75	110	10.8	36025	10.85	24381	10.7	10.95	10.55	80809	24962	87403147	
PPC	27.65	24.05	25.85	25.65	142	25.7	708	25.75	948	-0.1	-0.39	25.75	4355	40814	25.8	148	25.85	828	25.9	1966	25.75	26.35	25.75	2330	1847	10646998	
PTB	51.6	44.95	48.3	50.4	780	50.5	100	50.6	288	2.4	4.97	50.7	1261	61338	50.7	344	50.8	878	50.9	628	50.7	51	48.8	598	5746	1475003	
PTC	9.3	8.1	8.7	8.1	100	8.5	400	8.75	1030	0.5	5.75	9.2	378	378	9.2	902	9.3	1205	0	0	0	9.2	9.1	0	0	876766	
PTL	3.34	2.92	3.13	3.14	1566	3.15	190	3.2	1084	0.12	3.83	3.25	1	2789	3.25	199	3.27	450	3.28	450	3.25	3.3	3.1	0	849	4876906	
PVD	12.1	10.6	11.35	11.85	27015	11.9	20563	11.95	12152	0.65	5.73	12	41116	1261913	12	187	12.05	32111	12.1	136121	12	12.1	11.6	29101	2385	15498548	
PVT	12.35	10.75	11.55	11.65	8068	11.7	12004	11.75	3205	0.2	1.73	11.75	3657	245119	11.8	6346	11.85	5209	11.9	11809	11.75	11.9	11.65	702	12360	6656146	
PXI	2.74	2.4	2.57	2.49	60	2.5	80	2.58	108	0.01	0.39	2.58	20	320	2.6	1622	2.68	10	2.69	10	2.58	2.6	2.57	0	0	1457811	
PXS	4.69	4.09	4.39	4.55	50	4.57	11	4.58	304	0.2	4.56	4.59	760	16276	4.59	403	4.6	1387	4.61	618	4.59	4.68	4.49	0	0	2291017	
PXT	1.59	1.39	1.49	1.5	500	1.54	11	1.59	49060	0.1	6.71	1.59	5	23383	0	0	0	0	0	0	0	1.59	1.59	0	3724	960326	
QBS	3.37	2.93	3.15	3.19	5	3.23	5	3.37	49007	0.22	6.98	3.37	3	9549	0	0	0	0	0	0	0	3.37	3.37	0	0	0	
QCG	9.14	7.96	8.55	8.81	41	8.85	1088	8.9	3	0.35	4.09	8.9	1187	107807	8.95	2000	9	1067	9.08	766	8.9	9.14	8.54	1864	1100	13316510	
RAL	84.5	73.5	79	78.9	1	79	24	79.5	5	1	1.27	80	62	2086	80	614	81	232	81.3	80	80	80	78.4	0	160	544169	
RDP	10.25	8.93	9.6	0	0	8.93	391	8.94	173	-0.66	-6.88	8.94	209	1172	9	843	9.25	955	9.7	115	8.94	9.27	8.93	0	0	1812091	
REE	34.2	29.8	32	32	6655	32.05	2082	32.1	657	0.15	0.47	32.15	2049	138664	32.15	607	32.2	619	32.3	720	32.15	32.6	32	0	0	0	
RIC	4.21	3.67	3.94	3.97	6	4	194	4.01	10	0.26	6.6	4.2	2	48	4.2	7	4.21	17	0	0	0	4.2	3.94	0	0	473285	
ROS	3.69	3.21	3.45	3.67	19411	3.68	24729	3.69	1155609	0.24	6.96	3.69	27385	4437402	0	0	0	0	0	0	3.69	3.69	3.62	47871	28254	26403945	
S4A	29.05	25.25	27.15	26.1	100	26.5	100	27.15	1400	0.05	0.18	27.2	77	177	27.2	23	27.5	77	27.95	30	0	27.2	27.15	0	0	2066289	
SAB	191.5	166.5	179	181	10	181.9	53	182	63	3	1.68	182	302	9891	182.1	657	182.7	750	182.8	16	182	183.5	179	6054	5873	23494912	
SAM	9.9	8.62	9.26	9.1	1438	9.15	700	9.2	1368	0	0	9.26	2403	13189	9.26	1353	9.27	500	9.28	918	9.26	9.3	9.2	0	841	12182943	
SAV	10.05	8.77	9.43	9.3	213	9.32	500	9.33	50	0.02	0.21	9.45	1000	1746	9.45	1000	9.47	20	9.48	20	0	9.45	9.3	0	0	0	
SBA	15.35	13.35	14.35	14	123	14.15	15	14.2	326	0.1	0.7	14.45	29	30	14.35	200	14.4	200	14.45	180	0	14.45	14.45	0	0	2961980	
SBT	16.1	14	15.05	16	3419	16.05	2256	16.1	6393	1.05	6.98	16.1	4610	388887	0	0	0	0	0	0	16.1	16.1	15.2	27667	4257	55155368	
SBV	10.75	9.35	10.05	10.05	546	10.1	30	10.2	30	0.3	2.99	10.35	340	3548	10.35	200	10.4	240	10.5	200	10.35	10.35	10.1	0	0	850673	
SC5	21.3	18.6	19.95	0	0	0	0	18.8	10	0.05	0.25	20	6	7	19.9	220	20	110	21	40	0	20.95	20	0	0	667542	
SCD	23.5	20.5	22	21.4	40	21.5	202	22	508	0	0	22	10	849	22.45	51	22.85	200	22.9	50	22	22.5	22	5	0	350166	
SCR	5.67	4.93	5.3	5.65	1741	5.66	2050	5.67	85881	0.37	6.98	5.67	8	315784	0	0	0	0	0	0	5.67	5.67	5.41	29	11162	17416389	
SCS	139.1	120.9	130	130	164	130.5	65	130.9	7	1	0.77	131	23	5996	131	32	131.1	3	131.4	100	131	135	130	137	379	1383511	
SFC	22.85	19.95	21.4	20.8	10	20.9	30	21	25	-0.4	-1.87	21	100	200	22.3	7	22.8	152	0	0	0	21	21	0	0	544500	
SFG	6.24	5.44	5.84	5.84	200	5.85	949	6	191	0.16	2.74	6	2063	7742	6.1	1602	6.15	529	6.2	1090	6	6.15	5.5	0	0	2256084	
SFI	20.65	17.95	19.3	18.95	5	19	100	19.05	1	-0.1	-0.52	19.2	24	55	19.3	65	19.45	10	19.5	45	19.2	19.3	18.9	28	0	585413	
SGN	75.9	66.1	71	70.6	23	70.8	27	71	491	0	0	71	2	1640	71.5	6	71.8	47	72	113	71	71.5	70.5	100	36	927901	
SGR	16.65	14.55	15.6	15.1	4	15.4	1	15.8	2	0.2	1.28	15.8	99	111	16.65	50	0	0	0	0	15.8	15.8	15.4	0	0	2231257	
SGT	5.18	4.52	4.85	5.05	100	5.1	7	5.18	1120	0.33	6.8	5.18	20	1498	0	0	0	0	0	0	0	5.18	5.18	0	1004	2599912	
SHA	4.33	3.77	4.05	4.09	200	4.1	344	4.18	670	0.15	3.7	4.2	1384	19155	4.2	62	4.26	70	4.31	200	4.2	4.33	4.05	300	0	1456250	
SHI	9.51	8.27	8.89	8.82	13	8.85	1	8.89	20	0.1	1.12	8.99	1500	50958	8.99	490	9	2082	9.1	932	8.99	8.99	8.85	202	0	4195647	
SHP	26.35	22.95	24.65	23	1810	24	16	24.5	714	0.05	0.2	24.7	1	94	24.7	999	24.8	2	25	44	24.7	25.45	24.5	0	0	4123802	
SII	18.15	15.85	17	15.95	2	16	65	16.1	2	0	0	17	150	190	16.9	62	17	765	17.8	56	0	17	16	0	70	2752	
SJD	18.5	16.1	17.3	17.15	8	17.2	137	17.25	60	0.1	0.58	17.4	1	11234	17.4	199	17.45	300	17.5	3754	17.4	17.5	17.2	1	0	1569325	
SJF	2.51	2.19	2.35	2.45	80	2.5	20357	2.51	328227	0.16	6.81	2.51	1	53669	0	0	0	0	0	0	2.51	2.51	2.51	0	0	3865613	
SJS	26.2	22.8	24.5	24.65	119	24.8	517	24.9	12	0.4	1.63	24.9	508	27821	25	169	25.2	630	25.25	40	24.9	25.5	24.6	1069	499	5377205	
SKG	11.55	10.05	10.8	10.6	2750	10.65	4365	10.7	1572	0	0	10.8	158	35278	10.8	2217	10.85	2500	10.9	3439	10.8	10.8	10.4	0	0	240044	
SMA	13.35	11.65	12.5	12.6	500	12.7	249	12.75	83	0.2	1.6	12.7	800	3618	13	283	13.3	17	13.35	451	0	13	12.7	0	0	928955	
SMB	33.8	29.4	31.6	31.2	55	31.3	48	31.4	616	-0.2	-0.63	31.4	685	12822	32	625	32.2	168	32.4	1	31.4	32	31.3	3850	8595	1070172	
SMC	11.75	10.25	11	10.5	395	10.6	301	10.65	292	-0.35	-3.18	10.65	400	684	10.85	87	10.9	79	11	948	10.65	11.45	10.65	0	0	969907	
SPM	11.3	9.86	10.6	0	0	9.9	100	10	1	0	0	10.6	120	217	10.5	100	10.6	187	10.85	2	0	10.6	9.9	0	0	643025	
SRC	17.5	15.3	16.4	16.6	4	16.65	1	16.7	10	0.5	3.05	16.9	5	3578	16.9	48	16.95	20	17	2036	16.9	17	16.1	0	0	1372379	
SRF	14.4	12.6	13.5	12.9	65	13	502	13.05	30	0.05	0.37	13.55	14	87	13.55	643	13.6	535	13.65	100	0	13.6	13.4	0	21	70821	
SSC	56.1	48.85	52.5	0	0	49.5	5	52.5	2	0	0	52.5	1	22	55	5	56	30	56.1	2	52.5	56	52.5	1	0	718872	
SSI	16.75	14.65	15.7	15.9	14381	15.95	26072	16	9235	0.35	2.23	16.05	11223	599313	16.05	5331	16.1	7674	16.15	12354	16.05	16.2	15.9	6482	41786	29920388	
ST8	13.05	11.35	12.2	0	0	0	0	11.35	912	0	0	12.2	200	200	12.2	310	12.3	20	13.05	90	0	12.2	12.2	0	0	0	
STB	11.25	9.82	10.55	10.55	80771	10.6	113594	10.65	129975	0.15	1.42	10.7	39327	1709492	10.7	30919	10.75	32700	10.8	88492	10.7	10.85	10.65	49820	2768	27407938	
STG	16.45	14.35	15.4	14.5	160	14.7	20	14.75	4	0	0	15.4	600	1000	15.4	46	15.5	89	15.6	50	0	15.4	15.4	0	0	4806153	
STK	19.15	16.65	17.9	17.8	944	17.85	5	17.9	2265	0	0	17.9	1167	47627	17.95	150	18	340	18.05	331	17.9	18.4	17.9	1143	12501	3059079	
SVC	72.7	63.3	68	0	0	63.3	8	68	300	2	2.94	70	1	141	69.9	1	70	8	71	477	0	70	63.3	0	140	1147244	
SVI	75.1	65.3	70.2	70.2	196	70.3	160	74.8	4	4.6	6.55	74.8	4	147	75	1	75.1	7	0	0	0	74.9	70.2	8	0	623484	
SVT	17.45	15.25	16.35	0	0	16.35	106	17.45	1263	1.1	6.73	17.45	300	730	0	0	0	0	0	0	0	17.45	17.45	0	0	515365	
SZC	23.15	20.15	21.65	21.5	7762	21.55	6661	21.6	5662	0	0	21.65	3126	173433	21.65	1113	21.7	393	21.75	1350	21.65	22.05	21.35	5509	181	4863935	
SZL	43.85	38.15	41	40.95	403	41	743	41.05	45	0.05	0.12	41.05	96	12753	41.1	67	41.2	34	41.25	140	41.05	41.9	41	876	785	812277	
TAC	38.3	33.3	35.8	34.65	2	34.7	123	34.75	11	-1	-2.79	34.8	39	3574	34.8	31	35	251	35.1	214	34.8	35.8	34.5	50	29	1617378	
TBC	25.65	22.35	24	23.5	34	23.6	200	23.8	30	-0.4	-1.67	23.6	1	1	24.4	9	24.5	20	25.5	10	0	23.6	23.6	0	0	3079105	
TCB	22.95	19.95	21.45	21.6	9830	21.65	6037	21.7	23813	0.25	1.17	21.7	16968	348486	21.75	956	21.8	12872	21.85	8639	21.7	21.9	21.55	100000	100000	0	
TCD	9.7	8.44	9.07	9	432	9.01	5	9.02	500	0.18	1.98	9.25	228	602	9.25	189	9.3	17	9.5	350	0	9.25	9	0	0	1444541	
TCH	23.9	20.8	22.35	22.9	2538	22.95	1450	23	174	0.75	3.36	23.1	7763	308795	23.1	3276	23.15	336	23.2	200	23.1	23.35	22.5	9709	1160	16145032	
TCL	27.6	24	25.8	25.6	1056	25.65	2137	25.7	525	0	0	25.8	551	8159	25.8	448	25.9	800	25.95	685	25.8	25.95	25.6	710	1150	1059539	
TCM	21.2	18.5	19.85	20	2520	20.1	3379	20.2	200	0.45	2.27	20.3	4967	113545	20.3	279	20.35	700	20.4	1266	20.3	20.7	19.85	0	5418	0	
TCO	10.15	8.84	9.5	8.9	10	9	12	9.5	1	0	0	0	0	0	10.1	8	10.15	12	0	0	0	0	0	0	0	873491	
TCR	3.21	2.79	3	0	0	2.8	20	2.85	102	-0.15	-5	2.85	429	1787	3	1000	3.13	103	3.15	67	2.85	3.2	2.85	0	0	0	
TCT	34.75	30.25	32.5	32.3	500	32.4	50	32.5	310	0.45	1.38	32.95	1	1499	32.95	10	33.2	9	33.3	3	32.95	33.3	32.1	0	0	374578	
TDC	8.88	7.72	8.3	8.34	400	8.35	84	8.36	22	0.07	0.84	8.37	400	40270	8.37	408	8.38	688	8.39	609	8.37	8.39	8.3	0	7407	4678495	
TDG	1.86	1.62	1.74	1.76	2124	1.77	3189	1.78	103	0.06	3.45	1.8	3745	66019	1.8	8362	1.81	3196	1.82	2600	1.8	1.81	1.75	0	0	781711	
TDH	10.35	9.02	9.69	9.7	705	9.71	1160	9.73	126	0.04	0.41	9.73	1657	133099	9.74	1299	9.75	920	9.76	730	9.73	9.92	9.66	35	6198	1729131	
TDM	24.5	21.3	22.9	23.5	300	23.55	50	23.6	421	0.7	3.06	23.6	506	42909	23.65	320	23.7	10	23.75	218	23.6	23.85	23.1	40	0	3676650	
TDW	28.65	24.95	26.8	0	0	0	0	26	16	-0.8	-2.99	26	54	54	26.8	100	27	201	27.5	110	0	26.5	26	0	0	394367	
TEG	6.33	5.51	5.92	5.53	30	5.55	88	5.6	1052	-0.32	-5.41	5.6	2960	19808	6	1000	6.08	100	6.09	190	5.6	6.14	5.51	0	0	1574437	
TGG	1.07	0.93	1	1.04	214	1.05	612	1.06	2540	0.07	7	1.07	9170	126855	1.07	2807	0	0	0	0	1.07	1.07	0.93	10	50	1281254	
THG	57.7	50.3	54	54.1	2	54.2	4	54.5	23	0.7	1.3	54.7	77	1495	54.7	511	54.8	509	54.9	100	54.7	54.7	53.5	20	0	640174	
THI	28.85	25.15	27	26.2	100	26.3	150	26.45	39	-0.55	-2.04	26.45	1	1	28.3	1	0	0	0	0	26.45	26.45	26.45	0	0	2388065	
TIP	23.4	20.4	21.9	22.1	905	22.15	12	22.2	1164	0.3	1.37	22.2	530	29531	22.25	61	22.3	330	22.35	84	22.2	22.8	22	1950	300	1006492	
TIX	33.55	29.25	31.4	0	0	0	0	0	0	0	0	0	0	0	33.5	2	33.55	5	0	0	0	0	0	0	0	1467467	
TLD	6.97	6.07	6.52	6.4	139	6.45	190	6.5	50	-0.01	-0.15	6.51	8	7051	6.51	31	6.52	773	6.55	90	6.51	6.55	6.4	0	0	891197	
TLG	35.6	31	33.3	33.5	195	33.55	585	33.6	868	0.3	0.9	33.6	330	23880	33.7	881	33.8	471	33.85	100	33.6	33.85	33.1	5303	0	5932017	
TLH	4.07	3.55	3.81	3.91	520	3.95	2424	4	103	0.19	4.99	4	555	36569	4.01	300	4.02	971	4.04	850	4	4.06	3.81	0	1986	4905166	
TMP	37.75	32.85	35.3	35	120	35.1	100	35.2	29	-0.1	-0.28	35.2	100	107	35.65	20	35.9	16	36	9	0	35.35	35.2	11	0	3406287	
TMS	28.55	24.85	26.7	26.05	11	26.4	60	26.7	31	0	0	26.7	2	428	26.75	1	26.8	20	27	451	26.7	27.45	26.5	110	0	0	
TMT	6.42	5.58	6	5.59	109	5.6	200	5.61	80	0	0	6	177	183	6	198	6.1	139	6.2	64	0	6.1	5.59	0	1	1734905	
TN1	70.6	61.4	66	65.5	143	65.6	101	65.8	9	0	0	66	20	120	66	10	66.3	30	66.5	50	66	66	65.8	0	0	649230	
TNA	19.9	17.3	18.6	18.9	2677	18.95	200	19.1	483	0.45	2.42	19.05	2022	43790	19.15	1619	19.2	1970	19.25	700	19.05	19.15	18.4	1494	1430	1486786	
TNC	20.8	18.1	19.45	18.6	300	19.45	1292	20.8	4716	1.35	6.94	20.8	230	6733	0	0	0	0	0	0	0	20.8	19.45	0	0	898642	
TNI	9.12	7.94	8.53	0	0	0	0	0	0	-0.59	-6.92	7.94	2533	1006018	7.94	38171	7.95	2960	7.96	1852	7.94	7.94	7.94	0	0	2519012	
TNT	1.79	1.57	1.68	1.72	1605	1.73	1678	1.74	1419	0.06	3.57	1.74	1081	38389	1.75	101	1.76	462	1.77	623	1.74	1.79	1.68	0	0	1241941	
TPB	23.45	20.45	21.95	21.7	907	21.75	172	21.8	2891	-0.15	-0.68	21.8	1010	13299	21.9	219	21.95	879	22	2025	21.8	22	21.7	0	0	0	
TPC	8.77	7.63	8.2	8.06	1	8.08	30	8.1	10	0.17	2.07	8.37	1	2	8.37	50	8.39	1	8.4	1	0	8.37	8.11	0	0	1156357	
TRA	61.8	53.8	57.8	57.5	36	57.8	22	58	8	0.7	1.21	58.5	80	185	58.5	25	58.8	170	58.9	206	58.5	58.9	58.5	5	50	208046	
TRC	31.55	27.45	29.5	29.5	506	30	197	30.1	76	0.5	1.69	30	24	2792	30.55	150	30.6	100	30.75	100	30	30.95	29.3	1	24	1220843	
TS4	3.47	3.03	3.25	3.29	208	3.3	551	3.31	5	0.17	5.23	3.42	240	7465	3.43	221	3.44	239	3.45	246	0	3.44	3.23	500	10	761754	
TSC	2.73	2.39	2.56	2.68	3293	2.69	3512	2.7	519	0.16	6.25	2.72	3445	223485	2.72	1958	2.73	15333	0	0	2.72	2.73	2.57	0	130	7176719	
TTB	5.41	4.71	5.06	5.39	565	5.4	1115	5.41	26105	0.35	6.92	5.41	37	268042	0	0	0	0	0	0	5.41	5.41	4.76	8456	50	2278000	
TTE	14.85	12.95	13.9	0	0	0	0	0	0	-0.05	-0.36	13.85	1	1	13.85	1	13.9	5	0	0	0	13.85	13.85	0	0	1452958	
TTF	3.32	2.9	3.11	3.29	34	3.3	1175	3.31	4405	0.21	6.75	3.32	15847	461550	3.32	54410	0	0	0	0	3.32	3.32	3.08	17614	0	15162385	
TV2	85.8	74.6	80.2	79.4	50	79.5	170	79.6	172	0	0	80.2	300	3379	80.2	116	80.3	100	80.4	5	80.2	80.3	79.6	61	5	16616	
TVB	10.75	9.35	10.05	9.96	5484	9.97	540	9.98	210	-0.06	-0.6	9.99	1965	114687	9.99	556	10	15927	10.05	879	9.99	10.15	9.96	0	50	2347687	
TVS	11.55	10.05	10.8	10.75	150	10.8	294	10.85	791	0.1	0.93	10.9	850	3357	10.9	69	10.95	604	11	853	10.9	10.9	10.75	0	0	2174753	
TVT	21.85	19.05	20.45	20	352	20.05	5	20.1	134	0.05	0.24	20.5	150	542	20.5	56	20.75	56	20.8	41	20.5	20.5	20	0	0	1026441	
TYA	14.1	12.3	13.2	13.15	125	13.2	334	13.25	424	0.05	0.38	13.25	409	5707	13.5	49	13.55	10	13.6	196	13.25	13.6	13.2	0	0	402105	
UDC	3.79	3.31	3.55	0	0	3.56	20	3.79	13265	0.24	6.76	3.79	50	1326	0	0	0	0	0	0	3.79	3.79	3.79	0	0	1713749	
UIC	39.45	34.35	36.9	36.9	242	37	1090	37.05	97	0.15	0.41	37.05	3	1799	37.1	37	37.2	38	37.25	10	37.05	37.5	36.9	1153	0	223859	
VAF	7.76	6.76	7.26	6.79	10	6.8	2	7.1	1100	0	0	0	0	0	0	0	0	0	0	0	0	0	0	0	0	1845588	
VCB	95.2	82.8	89	89.2	179	89.3	1634	89.4	1618	0.4	0.45	89.4	2113	80224	89.5	100	89.6	513	89.8	63	89.4	90.2	88.4	79022	45312	23004231	
VCF	225.8	196.4	211.1	212	3	214	100	214.1	1	6.9	3.27	218	1	4	218	9	220	22	220.9	2	0	218	215	0	2	1287773	
VCI	26.95	23.45	25.2	25.5	8242	25.55	2027	25.6	517	0.4	1.59	25.6	1282	89510	25.65	5146	25.7	868	25.75	3	25.6	26.1	25.2	2226	15662	11730157	
VDP	38.5	33.5	36	34.3	2	34.35	1	34.4	1	0.7	1.94	36.7	1	1	36.7	20	36.8	10	36.9	98	0	36.7	36.7	0	0	622113	
VDS	6.42	5.58	6	6.03	900	6.08	20	6.1	100	0.2	3.33	6.2	60	1694	6.2	1750	6.25	189	6.29	200	0	6.29	6.02	0	1230	4865369	
VFG	41.55	36.15	38.85	37.8	1	38.2	249	38.3	5	-0.65	-1.67	38.2	1	12	38.85	5	38.9	5	38.95	8	0	38.2	38.2	0	0	1484458	
VGC	20.3	17.7	19	18.95	1040	19	2580	19.05	416	0.05	0.26	19.05	1013	20366	19.1	7473	19.15	1386	19.2	4755	19.05	19.15	19	1299	0	17553085	
VHC	39.8	34.6	37.2	39.65	10	39.7	100	39.75	978	2.55	6.85	39.75	7140	145864	39.8	25862	0	0	0	0	39.75	39.8	37.8	30120	13911	12327193	
VHM	82.7	71.9	77.3	77.6	2829	77.7	2925	77.8	1451	0.5	0.65	77.8	12395	266338	77.9	3010	78	1479	78.1	105	77.8	78.7	77.5	62634	40433	117633149	
VIC	101.6	88.4	95	95.8	108	95.9	52	96	1534	1	1.05	96	4463	48218	96.5	410	96.7	9567	96.8	12	96	97.6	95.2	8151	11644	76816491	
VID	7.66	6.66	7.16	7.6	60	7.65	1000	7.66	17758	0.5	6.98	7.66	1	521	0	0	0	0	0	0	0	7.66	7.66	0	0	1354422	
VIP	5.53	4.81	5.17	5.17	101	5.18	1	5.19	400	0.03	0.58	5.2	174	16931	5.2	179	5.25	306	5.29	555	5.2	5.34	5.17	0	3015	2943438	
VIS	21.4	18.6	20	0	0	0	0	18.6	209	0	0	20	24	124	20	125	21	35	21.4	46	0	20	18.6	0	0	1910919	
VJC	122.3	106.3	114.3	114.7	1203	114.8	1191	114.9	131	0.7	0.61	115	5215	68802	115	80	115.1	124	115.2	445	115	115.6	114.3	4083	17152	6268261	
VMD	22.25	19.35	20.8	20.55	2	20.75	5	20.8	19	0	0	20.8	4	198	22	7	22.2	12	0	0	20.8	22	20.8	51	0	729151	
VND	14.7	12.8	13.75	13.85	2254	13.9	1535	13.95	1170	0.25	1.82	14	2524	114033	14	3161	14.05	2108	14.1	4046	14	14.2	13.85	3279	8327	2874408	
VNE	4.7	4.1	4.4	4.62	59	4.63	170	4.69	62	0.3	6.82	4.7	2411	33697	4.7	89	0	0	0	0	4.7	4.7	4.55	759	1	3926677	
VNG	14.65	12.75	13.7	13.6	338	13.65	271	13.7	182	0.05	0.36	13.75	673	18486	13.75	883	13.8	805	13.85	1063	13.75	13.75	13.55	0	0	4757517	
VNL	14.65	12.75	13.7	13	300	13.7	89	13.8	91	0.1	0.73	13.8	29	29	14.65	20	0	0	0	0	0	13.8	13.8	0	0	357640	
VNM	127.5	110.9	119.2	122.6	374	122.7	166	122.8	3387	3.6	3.02	122.8	6223	141975	122.9	580	123	3030	123.1	3054	122.8	123.4	119.1	81351	28060	71578786	
VNS	11.55	10.05	10.8	10.9	112	10.95	165	11	121	0.55	5.09	11.35	3	190	11.3	110	11.35	187	11.4	948	0	11.35	10.8	0	0	1947013	
VOS	1.67	1.47	1.57	1.59	200	1.6	3709	1.61	20	0.04	2.55	1.61	600	83184	1.62	748	1.63	3402	1.64	2541	1.61	1.66	1.58	0	0	6596982	
VPB	26.2	22.8	24.5	24.35	1120	24.4	6987	24.45	15438	-0.05	-0.2	24.45	34726	805981	24.5	502	24.55	450	24.6	6024	24.45	25	24.4	404	30120	0	
VPD	15.8	13.8	14.8	0	0	14	80	14.6	1	-0.2	-1.35	14.6	100	300	14.8	115	15	129	15.1	368	0	14.8	14.6	20	0	5218527	
VPG	20.05	17.45	18.75	18.8	15	18.9	45	19	10	0.35	1.87	19.1	2643	6681	19.1	10	19.2	115	20.05	26	19.1	19.1	17.45	0	180	1294813	
VPH	5.01	4.37	4.69	4.81	200	4.85	40	4.87	100	0.18	3.84	4.87	600	27148	4.88	436	4.89	600	4.9	2715	4.87	4.9	4.8	0	5834	3417188	
VPI	44.15	38.45	41.3	41.05	159	41.1	132	41.15	121	0	0	41.3	2000	31613	41.3	122	41.35	523	41.4	540	41.3	41.45	40.85	0	1420	7227536	
VPS	10.25	8.93	9.6	9.61	10	9.62	50	10	10	0.6	6.25	10.2	10	189	10.2	59	0	0	0	0	10.2	10.2	10.2	0	0	1181843	
VRC	9.2	8	8.6	8.29	650	8.3	1023	8.31	804	-0.3	-3.49	8.3	2302	60609	8.32	96	8.4	1670	8.42	25	8.3	8.73	8.1	1250	0	2388697	
VRE	30.4	26.5	28.45	28.45	4124	28.5	6115	28.55	2728	0.15	0.53	28.6	14467	282653	28.6	432	28.65	103	28.7	548	28.6	28.9	28.25	69347	15854	42323136	
VSC	30.45	26.55	28.5	28.55	315	28.6	3338	28.8	137	0.5	1.75	29	951	39022	29	964	29.05	500	29.1	675	29	29.2	28.4	650	5924	856982	
VSH	18.8	16.4	17.6	17.35	140	17.5	106	17.6	2515	0	0	17.6	726	2360	18	231	18.1	50	18.15	4	17.6	18	17.05	1240	727	7537292	
VSI	25.65	22.35	24	0	0	0	0	22.35	2	-1.65	-6.87	22.35	12	149	23.35	312	23.4	33	23.45	320	22.35	23.5	22.35	0	0	639846	
VTB	10.95	9.54	10.25	10.2	235	10.25	320	10.3	228	0.05	0.49	10.3	2	506	10.65	285	10.7	82	10.75	80	10.3	10.65	10.25	0	0	496999	
VTO	8.23	7.17	7.7	7.62	70	7.63	400	7.64	427	-0.01	-0.13	7.69	150	10528	7.75	700	7.8	622	7.9	91	7.69	7.8	7.6	0	2108	3725358	
YBM	5.49	4.79	5.14	4.87	5	4.89	2	4.9	8	-0.12	-2.33	5.02	3	2364	5.02	132	5.03	3	5.04	30	5.02	5.11	4.8	0	0	690156	
YEG	61.8	53.8	57.8	58	10	58.1	20	58.2	105	0.5	0.87	58.3	27	4467	58.3	82	58.4	124	58.5	196	58.3	59	57.9	441	1281	2166927	
