HNX
116.49
2.85	2.5
62268390	670.16	
AAV	5.9	4.9	5.4	5.2	2410	5.3	1480	5.4	1010	0.1	1.85	5.5	200	32700	5.5	3500	5.6	2790	5.7	2370	5.5	5.3	5.39	0	0	0	
ACB	27.2	22.4	24.8	25.2	6230	25.3	7090	25.4	930	0.7	2.82	25.5	1620	375630	25.5	25040	25.6	19830	25.7	7420	25.5	24.8	25.28	0	0	0	
ACM	0.7	0.5	0.6	0	0	0	0	0.5	120720	-0.1	-16.67	0.5	200	10460	0.6	143780	0.7	42160	0	0	0.6	0.5	0.5	0	0	2471768	
ADC	15.5	12.7	14.1	13.6	50	13.7	10	13.8	50	0	0	14.1	10	150	14.2	30	15.5	10	0	0	14.1	13.8	13.94	0	0	104819	
ALT	14.1	11.7	12.9	0	0	0	0	0	0	0	0	0	0	0	12	10	13	200	13.9	300	0	0	12.9	0	0	282665	
AMC	21.1	17.3	19.2	0	0	17.8	150	18	90	0	0	0	0	0	19.2	300	19.3	380	20	10	0	0	19.2	0	0	128530	
AME	7.5	6.3	6.9	0	0	6.4	230	6.9	100	0.3	4.35	7.2	10	210	7.4	10	0	0	0	0	7.2	6.4	6.75	0	10	1092630	
AMV	18.4	15.2	16.8	16.9	5830	17	4440	17.1	610	0.5	2.98	17.3	30	49230	17.3	5340	17.4	8150	17.5	5820	17.3	16.8	17.08	1	310	1771027	
API	9.9	8.1	9	8.7	10	8.9	10	9	10	0	0	9	190	220	9.8	10	9.9	10	0	0	9	8.6	8.98	10	0	177087	
APP	4.8	4	4.4	0	0	4	180	4.1	50	0	0	0	0	0	4.4	100	4.5	50	4.6	50	0	0	4.4	0	0	226431	
APS	2.5	2.1	2.3	0	0	2.1	1010	2.2	920	0	0	2.3	40	3220	2.3	260	2.4	350	2.5	5250	2.3	2.2	2.25	0	0	2750605	
ARM	32.5	26.7	29.6	0	0	0	0	29	100	0	0	0	0	0	0	0	0	0	0	0	0	0	29.6	0	0	126933	
ART	2.9	2.5	2.7	2.5	86390	2.6	100260	2.7	47230	0	0	2.7	170	105730	2.8	104460	2.9	141880	0	0	2.8	2.6	2.69	160	32930	4206838	
ATS	29.3	24.1	26.7	0	0	0	0	0	0	0	0	0	0	0	0	0	0	0	0	0	0	0	26.7	0	0	171480	
BAX	47	38.6	42.8	39	100	40.6	100	42.8	610	0	0	42.8	20	100	44.1	30	44.2	30	44.3	20	44.1	42.8	42.93	90	0	386560	
BBS	12.6	10.4	11.5	0	0	0	0	0	0	0	0	0	0	0	0	0	0	0	0	0	0	0	11.5	0	0	291494	
BCC	8.4	7	7.7	7.6	2450	7.7	2080	7.8	190	0.2	2.6	7.9	60	10520	7.9	3250	8	3470	8.1	1830	7.9	7.7	7.75	0	0	4905886	
BCF	58.3	47.7	53	0	0	0	0	0	0	0	0	0	0	0	52.8	70	53	400	55	90	0	0	53	0	0	0	
BDB	11.8	9.8	10.8	0	0	0	0	0	0	0	0	0	0	0	11	100	0	0	0	0	0	0	10.8	0	0	55197	
BED	36.3	29.7	33	0	0	0	0	0	0	0	0	0	0	0	33	10	0	0	0	0	0	0	33	0	0	147000	
BII	0.9	0.7	0.8	0	0	0	0	0.7	6240	0	0	0.8	540	2890	0.8	48660	0.9	12530	0	0	0.8	0.7	0.76	0	0	2470175	
BKC	6.1	5.1	5.6	5.4	30	5.5	50	5.6	10	0	0	0	0	0	0	0	0	0	0	0	0	0	5.6	0	0	573668	
BLF	3.3	2.7	3	0	0	0	0	0	0	0	0	0	0	0	0	0	0	0	0	0	0	0	3	0	0	536148	
BPC	12.5	10.3	11.4	0	0	10.3	20	10.5	70	0.4	3.51	11.8	10	10	11.4	40	11.9	100	12	20	11.8	11.8	11.8	0	0	178873	
BSC	16.7	13.7	15.2	0	0	0	0	0	0	0	0	0	0	0	0	0	0	0	0	0	0	0	15.2	0	0	139186	
BST	17	14	15.5	14	60	14.1	10	14.5	40	-1	-6.45	14.5	30	150	16	320	16.5	100	17	190	16.1	14.1	14.71	0	0	53740	
BTS	4.7	3.9	4.3	0	0	3.9	10	4	50	0	0	0	0	0	4.5	240	4.6	50	4.7	520	0	0	4.3	0	0	5863673	
BTW	35.6	29.2	32.4	0	0	0	0	30	20	0	0	32.4	10	10	32.4	100	0	0	0	0	32.4	32.4	32.4	0	0	265111	
BVS	10.4	8.6	9.5	9.2	920	9.3	1180	9.4	1590	0	0	9.5	10	5490	9.5	2680	9.6	2180	9.7	1170	9.5	9.3	9.41	1200	1600	1673127	
BXH	15.9	13.1	14.5	0	0	0	0	0	0	0	0	0	0	0	0	0	0	0	0	0	0	0	14.5	0	0	147589	
C69	6.2	5.2	5.7	5.3	980	5.4	2000	5.5	2960	-0.2	-3.51	5.5	30	12760	5.6	70	5.7	4400	5.8	1880	5.7	5.4	5.57	0	0	734960	
C92	5.6	4.6	5.1	0	0	0	0	0	0	-0.5	-9.8	4.6	20	20	0	10	4.6	230	5.6	100	4.6	4.6	4.6	0	0	258285	
CAG	94.4	77.4	85.9	0	0	0	0	0	0	0	0	0	0	0	77.4	60	85.9	30	94.4	30	0	0	85.9	0	0	676200	
CAN	24.2	19.8	22	20.1	20	20.2	10	20.3	20	0	0	0	0	0	24.2	40	0	0	0	0	0	0	22	0	0	123068	
CAP	31.7	26.1	28.9	28.6	30	28.7	60	28.8	200	0	0	28.9	10	760	28.9	160	29	150	29.3	10	28.9	28.7	28.78	70	0	248198	
CDN	21.1	17.3	19.2	18.5	200	18.6	100	19.2	10	0	0	19.2	10	110	19.6	60	19.7	10	19.8	240	20	19.2	19.47	70	0	2739275	
CEO	8.4	7	7.7	7.4	25940	7.5	14060	7.6	1930	-0.1	-1.3	7.6	2000	32890	7.7	36950	7.8	50000	7.9	22110	7.7	7.6	7.61	1020	0	8577212	
CET	2	1.8	1.9	0	0	1.8	4620	1.9	7240	0.1	5.26	2	60	14500	2	240	0	0	0	0	2	1.9	1.97	0	0	296060	
CIA	12.7	10.5	11.6	11.1	40	11.4	290	11.5	380	0.3	2.59	11.9	10	60	12	420	12.2	10	12.3	30	11.9	11.4	11.48	0	0	565434	
CJC	18.8	15.4	17.1	0	0	0	0	0	0	0	0	0	0	0	18	300	18.3	260	0	0	0	0	17.1	0	0	194710	
CKV	14.3	11.7	13	0	0	0	0	11.7	100	0	0	0	0	0	13.5	30	14	180	14.3	30	0	0	13	0	0	145197	
CLH	19	15.6	17.3	16.1	400	16.3	300	16.9	20	0	0	17.3	10	80	17.3	90	17.4	10	17.5	30	17.4	17	17.14	0	0	488530	
CLM	17.6	14.4	16	0	0	14.6	50	14.7	10	0	0	0	0	0	17.2	50	0	0	0	0	0	0	16	0	0	0	
CMC	5.8	4.8	5.3	0	0	0	0	4.8	130	0	0	0	0	0	5.3	110	5.7	20	5.8	60	0	0	5.3	0	0	217430	
CMS	2.8	2.4	2.6	0	0	0	0	2.4	2320	0	0	0	0	0	2.5	500	2.6	1200	2.7	2810	0	0	2.6	0	0	816866	
CPC	16.9	13.9	15.4	14.2	20	15	100	15.4	10	0	0	0	0	0	15.6	10	15.9	20	16	110	0	0	15.4	1	0	127896	
CSC	24.7	20.3	22.5	22	60	22.1	10	22.3	70	-0.2	-0.89	22.3	30	150	23	10	23.1	20	23.5	70	23	22.1	22.43	0	0	942189	
CTB	37.4	30.6	34	0	0	0	0	0	0	-3.4	-10	30.6	10	30	0	10	30.6	30	32.9	100	30.7	30.6	30.63	0	0	586195	
CTC	3.6	3	3.3	0	0	0	0	0	0	0	0	0	0	0	0	0	0	0	0	0	0	0	3.3	0	0	430569	
CTP	3.6	3	3.3	3.2	50	3.3	1000	3.4	500	0.2	6.06	3.5	90	5710	3.5	610	3.6	1890	0	0	3.6	3.4	3.41	0	0	583701	
CTT	10.5	8.7	9.6	0	0	0	0	0	0	-0.5	-5.21	9.1	500	1010	0	0	0	0	0	0	9.1	9.1	9.1	0	0	228970	
CTX	10.1	8.3	9.2	8.9	200	9	220	9.1	20	0	0	9.2	40	200	9.2	60	9.5	10	9.6	20	9.2	9	9.05	0	0	3865356	
CVN	11.5	9.5	10.5	10.1	100	10.2	80	10.5	1350	0.3	2.86	10.8	10	450	10.8	100	10.9	10	11	1300	10.8	10.6	10.67	0	0	404110	
CX8	9.4	7.8	8.6	0	0	0	0	0	0	0	0	0	0	0	0	0	0	0	0	0	0	0	8.6	0	0	102786	
D11	33.9	27.9	30.9	29	80	30	10	30.1	20	-0.5	-1.62	30.4	50	3700	30.5	50	30.9	20	31	590	32.4	28.9	30.41	0	0	320422	
DAD	17.1	14.1	15.6	0	0	14.2	20	14.4	20	0	0	0	0	0	15.4	20	15.8	190	16	10	0	0	15.6	0	0	93960	
DAE	15.7	12.9	14.3	13.2	20	13.4	20	13.5	30	0.2	1.4	14.5	10	10	14.5	90	14.6	20	14.8	10	14.5	14.5	14.5	0	10	61502	
DBT	11.8	9.8	10.8	10	200	10.4	300	10.5	20	0	0	0	0	0	11	510	11.2	500	0	0	0	0	10.8	0	0	0	
DC2	7.1	5.9	6.5	0	0	0	0	6.1	1800	0	0	0	0	0	6.7	500	0	0	0	0	0	0	6.5	0	0	123460	
DC4	16.2	13.4	14.8	0	0	0	0	0	0	-0.6	-4.05	14.2	10	10	14	160	14.1	30	14.2	90	14.2	14.2	14.2	0	0	1468583	
DDG	30.5	25.1	27.8	27.5	840	27.6	210	27.7	80	-0.1	-0.36	27.7	50	11030	27.8	150	27.9	190	28	360	28	27.3	27.62	0	0	1199990	
DGC	42.7	35.1	38.9	38	2600	38.1	80	38.2	220	-0.7	-1.8	38.2	10	16240	38.5	610	38.6	400	38.7	470	39	37.5	38.3	0	0	6232315	
DHP	11.7	9.7	10.7	0	0	0	0	0	0	-0.7	-6.54	10	20	20	10.6	10	11.5	800	11.7	380	10	10	10	0	0	414397	
DHT	49.2	40.4	44.8	44	260	44.1	330	44.2	110	0	0	44.8	10	1670	44.8	80	44.9	140	45	400	44.9	44.2	44.59	50	0	969405	
DIH	14.8	12.2	13.5	0	0	12.2	540	12.5	20	-0.1	-0.74	13.4	30	30	14.6	30	14.8	90	0	0	13.4	13.4	13.4	0	0	293414	
DL1	16.3	13.5	14.9	0	0	0	0	0	0	0	0	0	0	0	16.3	90	0	0	0	0	0	0	14.9	0	0	4853751	
DNC	61.3	50.3	55.8	0	0	0	0	0	0	0	0	0	0	0	60	30	60.9	20	61.1	10	0	0	55.8	0	0	200562	
DNM	37	30.4	33.7	34	20	34.1	80	34.2	10	1.3	3.86	35	50	2110	35	150	35.5	40	35.8	20	35	33.4	34.54	0	0	196636	
DNP	18.7	15.3	17	16.2	70	16.4	100	16.5	250	-0.4	-2.35	16.6	30	610	16.6	50	16.7	100	16.8	50	16.6	16.5	16.6	0	0	3021428	
DNY	1.9	1.7	1.8	0	0	0	0	1.7	300	0	0	0	0	0	1.9	40	0	0	0	0	0	0	1.8	0	0	1297582	
DP3	83.6	68.4	76	72.7	30	74	40	74.1	50	-2	-2.63	74	100	600	74.5	20	74.8	30	75	220	78	71.7	74.97	20	0	417474	
DPC	11.3	9.3	10.3	9.5	20	9.6	10	10	10	0	0	10.3	50	50	10.4	20	10.5	20	11	20	10.3	10.3	10.3	0	0	106768	
DPS	0.3	0.1	0.2	0	0	0	0	0	0	0	0	0	0	0	0	0	0	0	0	0	0	0	0.2	0	0	1511121	
DS3	3.8	3.2	3.5	3.2	760	3.3	4680	3.5	4390	0.1	2.86	3.6	20	10230	3.6	1330	3.7	4510	3.8	8730	3.7	3.5	3.52	0	110	521176	
DST	4.8	4	4.4	4.7	31300	4.8	59010	0	15800	0.4	9.09	4.8	60	39550	0	0	0	0	0	0	4.8	4.1	4.6	0	50	105	
DTD	13.2	10.8	12	11.8	2000	11.9	1740	12	150	0	0	12	50	6360	12.1	550	12.2	860	12.3	530	12.1	11.8	11.94	0	200	1202779	
DXP	11.1	9.1	10.1	9.9	280	10	300	10.3	10	0.2	1.98	10.3	10	840	10.4	820	10.5	300	10.6	100	10.4	10	10.13	24	300	280793	
DZM	3.5	2.9	3.2	2.9	5480	3	800	3.1	200	-0.1	-3.12	3.1	30	13970	3.2	500	3.3	190	3.4	110	3.3	2.9	3.06	800	0	210089	
EBA	9.9	8.1	9	0	0	9	20	9.9	60	0	0	0	0	0	0	0	0	0	0	0	0	0	9	0	0	1550000	
EBS	7.7	6.3	7	6.5	100	6.7	100	6.9	50	0	0	7	10	10	7	70	7.1	50	7.6	80	7	7	7	0	0	415210	
ECI	17.6	14.4	16	0	0	0	0	0	0	0	0	0	0	0	0	0	0	0	0	0	0	0	16	0	0	81210	
EID	11.9	9.9	10.9	10.6	330	10.7	20	10.8	890	-0.1	-0.92	10.8	100	910	10.9	2190	11	1100	11.1	1060	10.9	10.8	10.82	0	170	384585	
EVS	9.5	7.9	8.7	0	0	0	0	0	0	-0.1	-1.15	8.6	10	60	8.4	1000	8.5	2340	8.6	290	8.6	8.6	8.6	0	0	6000040	
FDT	42.6	35	38.8	0	0	0	0	0	0	0	0	0	0	0	0	0	0	0	0	0	0	0	38.8	0	0	149670	
FID	1.2	1	1.1	0	0	0	0	0	0	-0.1	-9.09	1	1200	1960	1	5200	1.1	5520	1.2	680	1	1	1	0	0	1151466	
GDW	31.6	26	28.8	0	0	0	0	0	0	0.1	0.35	28.9	10	20	29	720	31.6	10	0	0	28.9	26	27.45	0	0	415360	
GKM	19.5	16.1	17.8	17.2	410	17.3	140	17.4	20	0.2	1.12	18	50	14470	18	380	18.1	570	18.2	850	18	17.5	17.74	0	0	729301	
GLT	25.8	21.2	23.5	0	0	21.2	10	21.3	10	0	0	0	0	0	23.3	140	23.4	20	23.5	110	0	0	23.5	0	0	247752	
GMX	23.7	19.5	21.6	20	110	21	310	21.1	20	0	0	0	0	0	0	0	0	0	0	0	0	0	21.6	0	0	250104	
HAD	15.8	13	14.4	13.5	130	13.6	470	13.7	100	-0.2	-1.39	14.2	20	380	14.3	150	14.4	10	14.6	100	14.2	13.5	13.92	0	200	156539	
HAT	21.7	17.9	19.8	18.3	50	18.5	50	19	150	-0.6	-3.03	19.2	50	230	19.6	40	19.7	160	19.8	70	19.5	19.2	19.41	0	0	129692	
HBE	7.7	6.3	7	0	0	0	0	0	0	0	0	0	0	0	7	20	0	0	0	0	0	0	7	0	0	62866	
HBS	2.2	1.8	2	0	0	1.8	5070	1.9	50	0	0	2	10	170	2	540	2.1	20	2.2	520	2	1.8	1.93	0	0	1594525	
HCC	12.5	10.3	11.4	11.2	300	11.3	300	11.4	160	0.1	0.88	11.5	100	1040	11.6	10	11.7	100	11.8	490	11.5	11.2	11.35	0	0	221080	
HCT	9.9	8.1	9	0	0	0	0	8.1	140	0.8	8.89	9.8	10	160	9.8	10	9.9	1120	0	0	9.9	8.1	8.32	20	0	44092	
HDA	9.5	7.9	8.7	8.6	1690	8.7	780	8.8	950	0.1	1.15	8.8	40	24060	8.9	1590	9	1800	9.1	610	8.9	8.7	8.77	0	0	497497	
HEV	15.5	12.7	14.1	0	0	0	0	0	0	0	0	0	0	0	14.7	350	14.8	120	15	20	0	0	14.1	0	0	10644	
HGM	36.1	29.7	32.9	0	0	0	0	0	0	3.2	9.73	36.1	10	860	35	210	0	0	0	0	36.1	29.7	29.85	0	0	615040	
HHC	111.1	90.9	101	0	0	0	0	0	0	0	0	0	0	0	101	10	105	30	0	0	0	0	101	0	0	799044	
HHG	1.3	1.1	1.2	0	0	0	0	1.1	30190	-0.1	-8.33	1.1	60	6160	1.2	80	1.3	14700	0	0	1.3	1.1	1.2	0	0	1652928	
HHP	12.9	10.7	11.8	11.4	1840	11.5	2000	11.6	1070	-0.1	-0.85	11.7	110	21980	11.7	730	11.8	200	11.9	590	11.8	11.6	11.7	0	0	852293	
HJS	25.3	20.7	23	0	0	20.7	90	23.5	100	0	0	0	0	0	24	10	24.5	10	24.9	100	0	0	23	0	0	1027132	
HKB	0.8	0.6	0.7	0	0	0	0	0.6	105520	0	0	0.7	630	36500	0.7	870	0.8	48190	0	0	0.8	0.6	0.7	0	0	2462058	
HKT	4.5	3.7	4.1	3.9	200	4.1	210	4.2	90	0.1	2.44	4.2	10	790	0	0	0	0	0	0	4.5	4.1	4.39	0	0	298207	
HLC	8.4	7	7.7	0	0	0	0	0	0	0	0	0	0	0	7.2	600	8.2	1030	8.4	320	0	0	7.7	0	0	1102303	
HLD	21.7	17.9	19.8	19.5	150	19.6	210	19.7	150	-0.1	-0.51	19.7	20	920	19.8	170	20	160	20.2	310	19.8	19.6	19.7	560	0	808594	
HLY	49	40.2	44.6	0	0	0	0	0	0	0	0	0	0	0	40.3	20	0	0	0	0	0	0	44.6	0	0	43044	
HMH	10.2	8.4	9.3	0	0	8.4	1000	8.5	200	0	0	9.3	300	300	8.9	60	9	700	9.3	160	9.3	9.3	9.3	0	0	391822	
HNM	4.9	4.1	4.5	0	0	0	0	0	0	0	0	0	0	0	0	0	0	0	0	0	0	0	4.5	0	0	963835	
HOM	3.6	3	3.3	0	0	3	12000	3.1	2800	-0.1	-3.03	3.2	50	3170	3.2	340	3.3	5950	3.4	1330	3.3	3.1	3.12	0	0	3454940	
HPM	14.1	11.7	12.9	0	0	0	0	0	0	0	0	0	0	0	0	0	0	0	0	0	0	0	12.9	0	0	179520	
HTC	27.8	22.8	25.3	23.1	200	23.6	100	23.7	50	-1.4	-5.53	23.9	80	100	25	60	25.9	10	26	100	23.9	23.9	23.9	0	0	524030	
HTP	8.8	7.2	8	7.3	90	8	180	8.8	190	0.8	10	8.8	10	10	0	0	0	0	0	0	8.8	8.8	8.8	0	0	88044	
HUT	2.4	2	2.2	2	276280	2.1	159330	2.2	109500	0.1	4.55	2.3	20	558530	2.3	112600	2.4	231420	0	0	2.3	2.1	2.2	100	1720	12142248	
HVT	42.9	35.1	39	0	0	0	0	0	0	0	0	39	10	10	39	110	40	50	0	0	39	39	39	0	0	518626	
ICG	5.6	4.6	5.1	4.6	100	4.7	190	4.8	250	0	0	5.1	40	200	5.1	360	5.2	250	5.3	900	5.5	5.1	5.3	0	0	844664	
IDC	21.4	17.6	19.5	19	60	19.5	500	19.6	390	0.1	0.51	19.6	30	6340	19.7	240	19.9	490	20	1950	21.4	18.9	19.31	0	0	14608107	
IDJ	14.7	12.1	13.4	13.5	130	13.7	30	13.8	230	0.4	2.99	13.8	10	15620	13.9	540	14	760	14.1	10	13.8	13.4	13.55	0	0	1449935	
IDV	41.2	33.8	37.5	36.8	110	37	70	37.5	140	0	0	37.5	50	1830	38.4	20	38.5	230	39	210	37.5	37	37.4	670	1260	632647	
INC	9.1	7.5	8.3	0	0	7.5	10	7.6	110	0.8	9.64	9.1	100	160	0	0	0	0	0	0	9.1	9.1	9.1	0	0	98000	
INN	27.2	22.4	24.8	24.5	310	24.6	50	24.8	320	0.1	0.4	24.9	500	740	25	20	25.4	10	25.5	200	27	24.8	24.94	20	0	706561	
ITQ	2.7	2.3	2.5	0	0	2.3	24640	2.4	400	0	0	2.5	10	2710	2.5	12740	2.6	5550	2.7	4820	2.5	2.4	2.4	0	0	1165771	
IVS	7.8	6.4	7.1	6.8	100	7	450	7.1	250	0	0	7.1	100	410	7.3	80	7.4	200	7.5	230	7.4	7.1	7.12	150	380	1642083	
KDM	2	1.8	1.9	0	0	0	0	1.8	1530	0	0	1.9	10	50	1.9	90	2	880	0	0	1.9	1.8	1.84	0	0	345583	
KHS	12.7	10.5	11.6	10.5	200	10.6	400	12	90	0	0	0	0	0	0	0	0	0	0	0	0	0	11.6	0	0	584756	
KKC	5.5	4.5	5	4.5	200	4.8	400	4.9	180	0	0	5	80	250	5	20	5.1	530	0	0	5	4.9	4.99	0	230	203548	
KLF	2	1.8	1.9	0	0	1.8	307640	1.9	31830	0	0	1.9	300	133280	2	373300	0	0	0	0	2	1.9	1.9	100	0	7978755	
KMT	8.2	6.8	7.5	0	0	0	0	0	0	0	0	0	0	0	8.2	600	0	0	0	0	0	0	7.5	0	0	482411	
KSD	7.4	6.2	6.8	0	0	0	0	0	0	0.2	2.94	7	10	10	6.8	450	6.9	320	7	10	7	7	7	0	0	579770	
KSQ	1.7	1.5	1.6	1.6	1700	1.7	8240	0	14090	0.1	6.25	1.7	200	11240	0	0	0	0	0	0	1.7	1.7	1.7	0	0	1457160	
KST	21.4	17.6	19.5	0	0	0	0	0	0	0	0	0	0	0	19.4	20	19.5	100	0	0	0	0	19.5	0	0	144754	
KTS	9.6	8	8.8	0	0	0	0	8	50	0	0	0	0	0	9	220	9.5	10	0	0	0	0	8.8	0	0	192493	
KTT	4.5	3.7	4.1	0	0	0	0	0	0	0	0	0	0	0	4.5	10	0	0	0	0	0	0	4.1	0	0	143424	
KVC	1	0.8	0.9	0	0	0.8	122130	0.9	750	0	0	0.9	310	56230	1	58860	0	0	0	0	1	0.8	0.9	0	0	2271220	
L14	72.9	59.7	66.3	64.8	30	64.9	10	65	50	-1.3	-1.96	65	950	7070	65.4	300	65.5	140	65.7	280	66.5	64.5	65.14	0	0	904963	
L18	9.9	8.1	9	0	0	0	0	8.1	30	0	0	0	0	0	8.9	150	9.1	150	9.7	1150	0	0	9	0	0	1124694	
L35	7.3	6.1	6.7	0	0	6.1	50	6.2	50	0	0	0	0	0	7.2	40	7.3	30	0	0	0	0	6.7	0	0	159972	
L43	2.9	2.5	2.7	0	0	0	0	0	0	0	0	0	0	0	2.7	50	2.8	90	2.9	150	0	0	2.7	0	0	171450	
L61	14.1	11.7	12.9	0	0	0	0	0	0	0	0	0	0	0	11.7	60	12.9	70	13	20	0	0	12.9	0	0	0	
L62	7.7	6.3	7	0	0	0	0	0	0	0	0	0	0	0	0	0	0	0	0	0	0	0	7	0	0	0	
LAS	6.9	5.7	6.3	6.1	960	6.2	6090	6.3	330	0	0	6.3	170	7370	6.4	3540	6.5	4000	6.6	660	6.4	6.3	6.31	0	0	5323506	
LBE	41.4	34	37.7	0	0	0	0	0	0	0	0	0	0	0	0	0	0	0	0	0	0	0	37.7	0	0	53330	
LCD	7.4	6.2	6.8	0	0	0	0	6.2	10	0	0	0	0	0	0	0	0	0	0	0	0	0	6.8	0	0	73500	
LCS	2.2	1.8	2	0	0	0	0	1.8	1500	-0.1	-5	1.9	40	50	2.1	770	2.2	1370	0	0	1.9	1.9	1.9	0	0	372100	
LDP	20.2	16.6	18.4	17.6	10	17.7	10	17.8	20	1.7	9.24	20.1	10	10	19.9	10	20	70	20.1	20	20.1	20.1	20.1	0	0	0	
LHC	76.2	62.4	69.3	67.5	50	67.6	90	68	20	-1.3	-1.88	68	30	1470	69	40	69.3	100	69.5	200	69	67.5	67.67	100	0	94366	
LIG	3.4	2.8	3.1	2.8	1330	2.9	2030	3	9700	-0.1	-3.23	3	110	15010	3.1	210	3.2	5450	3.3	2460	3.2	3	3.1	0	0	2136093	
LM7	3.6	3	3.3	0	0	3	210	3.1	10	-0.2	-6.06	3.1	40	90	3.5	70	3.6	400	0	0	3.3	3.1	3.21	0	0	244670	
LO5	1.3	1.1	1.2	0	0	1.1	100	1.2	70	0	0	0	0	0	1.3	130	0	0	0	0	0	0	1.2	0	0	250399	
LUT	1.9	1.7	1.8	0	0	0	0	1.7	20	0	0	0	0	0	1.8	70	1.9	190	0	0	0	0	1.8	0	0	732722	
MAC	5.3	4.5	4.9	0	0	4.5	70	4.6	70	-0.3	-6.12	4.6	10	10	5	1510	0	0	0	0	4.6	4.6	4.6	0	0	716754	
MAS	39.6	32.4	36	34.9	10	35	90	36	10	0	0	36	10	20	36.8	10	37.4	30	39	20	36	35	35.5	0	0	164502	
MBG	7.2	6	6.6	6.4	14670	6.5	5270	6.6	12390	0.1	1.52	6.7	550	241980	6.7	2420	6.8	3440	6.9	2760	7.1	6.3	6.67	70	0	2111157	
MBS	11.5	9.5	10.5	10.3	1470	10.4	3220	10.5	120	0	0	10.5	370	17130	10.6	1120	10.7	330	10.8	7310	10.6	10.4	10.5	0	0	8045259	
MCC	12.7	10.5	11.6	0	0	0	0	11.6	200	0.2	1.72	11.8	120	480	0	0	0	0	0	0	11.8	11.8	11.8	0	0	240366	
MCF	9	7.4	8.2	8	150	8.1	10	8.2	10	0.7	8.54	8.9	10	160	9	80	0	0	0	0	8.9	8.2	8.24	10	70	426307	
MCO	3	2.6	2.8	0	0	0	0	0	0	-0.2	-7.14	2.6	10	110	2.8	220	2.9	110	3	1050	2.8	2.6	2.64	0	0	192771	
MDC	7.2	6	6.6	0	0	6.5	100	6.6	60	0	0	6.6	10	10	7.2	20	0	0	0	0	6.6	6.6	6.6	0	0	676439	
MED	47.3	38.7	43	41	100	41.2	30	41.3	20	-1	-2.33	42	200	200	42.4	30	42.5	10	44.4	10	42	42	42	0	0	307664	
MEL	9.6	8	8.8	0	0	0	0	0	0	0	0	0	0	0	9	10	0	0	0	0	0	0	8.8	0	0	734870	
MHL	5	4.2	4.6	0	0	0	0	0	0	0	0	0	0	0	4.2	1970	0	0	0	0	0	0	4.6	0	0	260423	
MIM	13.5	11.1	12.3	0	0	0	0	0	0	0	0	0	0	0	0	0	0	0	0	0	0	0	12.3	0	0	165835	
MKV	11	9	10	0	0	0	0	0	0	0	0	0	0	0	10	540	11	20	0	0	0	0	10	0	0	221284	
MPT	1.3	1.1	1.2	0	0	1.1	9500	1.2	16240	0.1	8.33	1.3	160	4100	1.3	26410	0	0	0	0	1.3	1.2	1.3	0	0	823184	
MSC	19.3	15.9	17.6	0	0	0	0	0	0	0	0	0	0	0	0	0	0	0	0	0	0	0	17.6	0	0	1102500	
MST	3.4	2.8	3.1	2.8	45210	2.9	39500	3	1790	-0.1	-3.23	3	130	124250	3.1	12000	3.2	23770	3.3	48020	3.1	3	3.01	870	2790	1721359	
NAG	5.9	4.9	5.4	5	100	5.1	900	5.2	220	0	0	5.4	110	3100	5.4	490	5.5	600	5.6	800	5.6	5.2	5.34	0	0	709837	
NAP	14.3	11.7	13	0	0	0	0	13	30	0	0	0	0	0	0	0	0	0	0	0	0	0	13	0	0	1054342	
NBC	6.9	5.7	6.3	6	270	6.1	1780	6.2	390	-0.1	-1.59	6.2	50	2750	6.3	1070	6.4	490	6.5	2640	6.2	6.2	6.2	0	0	1525350	
NBP	11.8	9.8	10.8	10.5	100	10.8	100	11	20	0	0	0	0	0	11.8	90	0	0	0	0	0	0	10.8	0	0	530279	
NBW	24.4	20	22.2	20.2	10	20.8	300	20.9	90	-1.3	-5.86	20.9	60	480	21.8	30	21.9	110	22	100	22	20.9	21.36	0	0	225960	
NDN	20.6	17	18.8	19.7	590	19.8	1420	19.9	2680	1.1	5.85	19.9	500	82380	20	4360	20.1	1460	20.2	1510	20.6	18.7	19.46	0	0	2319157	
NDX	14.5	11.9	13.2	13	200	13.1	200	13.2	300	0.1	0.76	13.3	200	800	13.3	500	13.5	400	14	300	13.3	13.2	13.26	0	0	281411	
NET	52	42.6	47.3	44	10	44.5	50	45	200	0	0	0	0	0	49	30	50	360	50.5	200	0	0	47.3	0	0	1080086	
NFC	6.2	5.2	5.7	0	0	0	0	0	0	0	0	0	0	0	0	0	0	0	0	0	0	0	5.7	0	0	770591	
NGC	2.7	2.3	2.5	0	0	0	0	2.3	10	0.2	8	2.7	10	120	2.6	40	2.7	190	0	0	2.7	2.3	2.42	0	0	81496	
NHA	13.2	10.8	12	11.3	110	11.4	500	11.5	60	-0.4	-3.33	11.6	10	2460	11.6	360	11.7	40	11.9	210	12	11.5	11.67	0	0	720104	
NHC	38.1	31.3	34.7	0	0	0	0	31.3	10	0	0	0	0	0	34	150	34.5	50	34.7	30	0	0	34.7	0	0	97297	
NHP	0.5	0.3	0.4	0	0	0	0	0.3	212690	0	0	0.4	30	1240	0.4	31210	0.5	38010	0	0	0.4	0.3	0.4	0	0	1335938	
NRC	9.3	7.7	8.5	8.3	910	8.4	300	8.5	270	0	0	8.5	220	3500	8.7	240	8.8	460	8.9	220	8.6	8.5	8.58	0	0	671185	
NSH	1.4	1.2	1.3	0	0	1.2	3630	1.3	710	0.1	7.69	1.4	20	420	1.4	2840	0	0	0	0	1.4	1.3	1.3	0	0	1010718	
NST	18.4	15.2	16.8	0	0	0	0	0	0	0	0	0	0	0	16.8	100	17.5	740	18	50	0	0	16.8	0	0	448674	
NTH	30.8	25.2	28	26	50	26.5	500	26.6	500	0	0	0	0	0	28.5	150	29	200	29.5	600	0	0	28	0	0	529300	
NTP	39.8	32.6	36.2	36	40	36.1	100	36.2	30	0	0	36.2	10	590	36.5	940	36.6	1000	36.7	1180	36.2	35.3	35.98	0	0	2968639	
NVB	9.3	7.7	8.5	8.3	12680	8.4	13910	8.5	3970	0.1	1.18	8.6	20	281630	8.6	6240	8.7	3320	8.8	1930	8.6	8.3	8.43	0	0	10469333	
OCH	8.5	7.1	7.8	0	0	0	0	7.1	100	0	0	0	0	0	7.7	180	0	0	0	0	0	0	7.8	0	0	9799570	
ONE	3.8	3.2	3.5	3.2	310	3.3	700	3.4	50	0	0	3.5	110	540	3.5	70	3.6	570	3.7	750	3.5	3.4	3.49	0	0	321636	
PBP	7	5.8	6.4	6.6	20	7	300	0	160	0.6	9.37	7	40	300	0	0	0	0	0	0	7	7	7	0	0	230901	
PCE	9	7.4	8.2	7.7	240	7.8	20	9	1000	0.8	9.76	9	10	20	0	0	0	0	0	0	9	7.7	8.35	0	0	450880	
PCG	5.6	4.6	5.1	0	0	0	0	4.7	100	0	0	0	0	0	5.1	980	0	0	0	0	0	0	5.1	0	0	29448	
PCT	5.7	4.7	5.2	0	0	0	0	4.7	90	0	0	0	0	0	5.4	100	5.6	20	5.7	10	0	0	5.2	0	0	1099770	
PDB	8.8	7.2	8	7.7	100	7.8	20	7.9	10	0	0	8	10	80	8	200	8.1	50	8.2	50	8	7.9	7.92	0	0	355877	
PDC	7.8	6.4	7.1	0	0	0	0	0	0	0	0	0	0	0	6.4	960	6.8	90	7.1	490	0	0	7.1	0	0	734590	
PEN	5.5	4.5	5	0	0	4.5	50	5	30	0	0	0	0	0	0	0	0	0	0	0	0	0	5	0	0	245000	
PGN	12.1	9.9	11	0	0	0	0	10.9	450	-0.1	-0.91	10.9	50	50	11	150	11.2	200	0	0	10.9	10.9	10.9	50	0	160720	
PGS	17.2	14.2	15.7	15.4	610	15.5	1500	15.6	550	0	0	15.7	20	3880	15.7	440	15.9	100	16	2510	15.8	15.6	15.7	0	3240	1991217	
PGT	4.2	3.6	3.9	0	0	0	0	3.6	100	0.1	2.56	4	10	30	4	10	4.1	10	4.2	3280	4	3.6	3.73	10	0	11422	
PHN	30.2	24.8	27.5	0	0	25.5	200	25.6	50	0	0	0	0	0	27	170	27.5	180	28	100	0	0	27.5	0	0	8	
PHP	10.5	8.7	9.6	9.4	60	9.5	50	9.6	10	0	0	9.6	30	40	10.1	50	10.2	30	10.3	100	9.6	9.6	9.6	0	0	16010507	
PIA	28.7	23.5	26.1	24	260	25.1	100	25.2	20	0	0	0	0	0	27.7	10	27.8	10	27.9	200	0	0	26.1	0	0	158423	
PIC	9.2	7.6	8.4	7.8	10	8.2	40	8.3	50	0	0	0	0	0	0	0	0	0	0	0	0	0	8.4	0	0	1633642	
PJC	27.2	22.4	24.8	0	0	0	0	0	0	0	0	0	0	0	25	20	27.2	130	0	0	0	0	24.8	0	0	351308	
PLC	18	14.8	16.4	16	5720	16.1	3720	16.2	3710	-0.2	-1.22	16.2	120	47810	16.3	560	16.4	1830	16.5	1890	16.4	15.8	16.12	0	180	3895617	
PMB	9.3	7.7	8.5	0	0	0	0	0	0	0	0	0	0	0	9	200	9.2	300	0	0	0	0	8.5	0	0	461560	
PMC	55.1	45.1	50.1	48	30	48.1	20	48.5	10	0	0	50.1	20	40	50.1	30	50.3	100	52	70	50.1	49.9	50.05	0	0	254177	
PMP	8.8	7.2	8	7.7	30	8	100	8.1	10	0	0	8	10	80	8.8	20	0	0	0	0	8.1	8	8.01	0	0	203380	
PMS	17.1	14.1	15.6	14.5	210	14.7	100	15.6	50	0.4	2.56	16	30	30	15.8	30	15.9	70	16	280	16	16	16	0	0	315545	
POT	15.8	13	14.4	0	0	0	0	0	0	0	0	0	0	0	13.7	10	13.9	10	14	300	0	0	14.4	0	0	950202	
PPE	6.6	5.4	6	0	0	0	0	0	0	0	0	6	110	110	6	70	6.6	10	0	0	6	6	6	0	0	97470	
PPP	17.3	14.3	15.8	0	0	0	0	0	0	1	6.33	16.8	20	90	0	20	16.3	60	16.4	100	17	14.9	15.56	0	0	423057	
PPS	7.8	6.4	7.1	6.5	810	6.6	310	6.7	250	-0.5	-7.04	6.6	10	10	7.3	10	7.4	50	7.5	380	6.6	6.6	6.6	0	10	193148	
PPY	29	23.8	26.4	0	0	0	0	0	0	0	0	0	0	0	0	0	0	0	0	0	0	0	26.4	0	0	403666	
PRC	10.4	8.6	9.5	0	0	0	0	0	0	0	0	0	0	0	0	0	0	0	0	0	0	0	9.5	0	0	58680	
PSC	17.4	14.4	15.9	0	0	0	0	0	0	0	0	0	0	0	16.9	100	0	0	0	0	0	0	15.9	0	0	350363	
PSD	10.6	8.8	9.7	9.3	50	9.4	200	9.5	20	0	0	0	0	0	9.8	20	10	260	10.4	200	0	0	9.7	0	0	1444977	
PSE	7.9	6.5	7.2	0	0	6.5	100	6.6	10	0	0	0	0	0	7.3	50	7.4	10	7.5	10	0	0	7.2	0	0	556000	
PSI	2.6	2.2	2.4	0	0	0	0	2.2	20	0.1	4.17	2.5	30	30	2.5	470	2.6	20	0	0	2.5	2.5	2.5	0	30	2039450	
PSW	7.3	6.1	6.7	0	0	0	0	6.1	100	0.6	8.96	7.3	10	10	7.3	30	0	0	0	0	7.3	7.3	7.3	10	0	817950	
PTD	17.8	14.6	16.2	0	0	0	0	14.6	10	0	0	0	0	0	17	60	0	0	0	0	0	0	16.2	0	0	85872	
PTI	19.9	16.3	18.1	16.7	10	18.1	80	18.2	20	0.1	0.55	18.2	10	30	18.5	20	18.9	30	19	80	18.2	18.1	18.13	20	0	913215	
PTS	5.7	4.7	5.2	0	0	0	0	4.8	200	0	0	0	0	0	5.2	360	5.3	90	5.4	140	0	0	5.2	0	0	260283	
PV2	2.8	2.4	2.6	0	0	2.4	250	2.5	50	0	0	2.6	250	300	2.7	990	2.8	150	0	0	2.6	2.6	2.6	0	0	1828500	
PVB	15.9	13.1	14.5	14.4	650	14.5	1370	14.6	2300	0.2	1.38	14.7	80	11990	14.7	500	14.8	2920	14.9	5240	14.7	14.4	14.65	0	0	1057591	
PVC	5.9	4.9	5.4	5.2	760	5.3	8410	5.4	5220	0.1	1.85	5.5	140	47570	5.5	23950	5.6	11920	5.7	4140	5.6	5.4	5.52	100	0	1887102	
PVG	7.7	6.3	7	6.8	2250	6.9	1330	7	250	0.1	1.43	7.1	10	1340	7.1	600	7.2	300	7.3	30	7.1	7	7	0	0	1762139	
PVI	33.6	27.6	30.6	30.3	470	30.4	250	30.5	1790	-0.1	-0.33	30.5	90	2360	30.7	50	30.8	560	30.9	50	30.7	30.5	30.67	710	0	10692197	
PVL	1.3	1.1	1.2	0	0	1.1	6100	1.2	5030	0.1	8.33	1.3	100	1310	1.3	8120	0	0	0	0	1.3	1.2	1.21	0	1000	2396599	
PVS	14.4	11.8	13.1	13.2	29280	13.3	41910	13.4	40280	0.3	2.29	13.4	50	653750	13.5	104950	13.6	127190	13.7	66550	13.6	13.2	13.41	1470	250	17344978	
PVX	1	0.8	0.9	0	0	0	0	0.8	321500	-0.1	-11.11	0.8	780	277670	0.9	124750	1	484510	0	0	0.9	0.8	0.89	0	20220	19366245	
QHD	22	18	20	19.5	290	19.6	200	22	190	1.8	9	21.8	10	10	0	0	0	0	0	0	21.8	21.8	21.8	0	0	267430	
QNC	3.8	3.2	3.5	0	0	0	0	3.2	280	-0.3	-8.57	3.2	140	200	3.6	110	3.7	50	3.8	500	3.3	3.2	3.23	0	0	968113	
QST	12.7	10.5	11.6	0	0	0	0	0	0	0	0	0	0	0	0	0	0	0	0	0	0	0	11.6	0	0	79380	
QTC	19.2	15.8	17.5	16.8	10	17	10	17.1	10	0	0	0	0	0	18.4	10	18.5	40	19.2	20	0	0	17.5	0	0	48926	
RCL	16	13.2	14.6	0	0	0	0	0	0	1.3	8.9	15.9	20	30	15.9	200	16	70	0	0	15.9	14.6	15.47	0	0	479971	
S55	24.7	20.3	22.5	0	0	20.5	100	22.5	130	0	0	0	0	0	23.5	500	24.5	390	24.6	160	0	0	22.5	0	0	485782	
S74	4.7	3.9	4.3	0	0	0	0	4.3	190	0	0	0	0	0	4.7	100	0	0	0	0	0	0	4.3	0	0	308588	
S99	7.8	6.4	7.1	7.6	620	7.7	450	7.8	8850	0.7	9.86	7.8	10	12130	0	0	0	0	0	0	7.8	7.4	7.8	0	0	2535939	
SAF	48.8	40	44.4	42.3	100	43.9	40	44	10	-0.5	-1.13	43.9	10	40	45.4	10	45.6	10	46	10	44	43.9	43.95	0	0	359604	
SCI	14.8	12.2	13.5	14.7	1820	14.8	3900	0	640	1.3	9.63	14.8	50	23470	0	0	0	0	0	0	14.8	13.5	14.69	0	0	592894	
SD2	6.8	5.6	6.2	0	0	5.6	80	6	100	0.1	1.61	6.3	90	100	6.3	100	6.4	1780	6.5	30	6.3	6.3	6.3	0	0	619005	
SD4	3.8	3.2	3.5	0	0	0	0	3.2	10	0	0	0	0	0	3.5	100	3.6	20	0	0	0	0	3.5	0	0	465546	
SD5	5.1	4.3	4.7	4.4	130	4.5	350	4.6	110	0	0	4.7	1500	3120	4.7	1250	4.9	40	5	170	4.9	4.7	4.7	10	1310	1018019	
SD6	2.5	2.1	2.3	2.1	4200	2.2	2260	2.3	1380	0.1	4.35	2.4	10	130	2.4	5190	2.5	730	0	0	2.4	2.3	2.39	20	0	1226624	
SD9	5.1	4.3	4.7	4.5	750	4.6	450	4.7	1900	0.1	2.13	4.8	30	170	4.8	1920	5	1130	5.1	1060	5.1	4.8	4.83	0	0	1437671	
SDA	3.1	2.7	2.9	0	0	2.7	400	2.8	40	0	0	2.9	10	60	2.9	220	3	220	3.1	330	2.9	2.7	2.77	0	0	0	
SDC	17.8	14.6	16.2	0	0	0	0	0	0	0	0	0	0	0	16.8	20	17	10	0	0	0	0	16.2	0	0	107978	
SDG	35.6	29.2	32.4	0	0	0	0	0	0	0	0	0	0	0	0	0	0	0	0	0	0	0	32.4	0	0	330987	
SDN	32.2	26.4	29.3	0	0	0	0	0	0	0	0	0	0	0	0	0	0	0	0	0	0	0	29.3	0	0	36143	
SDT	3.3	2.7	3	2.7	150	2.8	160	2.9	1700	0	0	3	50	1420	3	350	3.2	40	3.3	180	3	2.9	2.98	0	0	1717326	
SDU	7.4	6.2	6.8	0	0	0	0	6.2	20	0	0	0	0	0	0	0	0	0	0	0	0	0	6.8	0	0	977790	
SEB	32.4	26.6	29.5	28.6	20	29	80	30	170	0.5	1.69	30	50	460	30.5	200	31	500	31.5	300	30	29.9	29.99	0	0	1564244	
SED	15.2	12.6	13.9	13.4	20	13.5	10	13.9	60	0	0	0	0	0	14.1	100	14.3	10	14.7	10	0	0	13.9	0	0	337049	
SFN	28	23	25.5	0	0	0	0	23	10	0	0	0	0	0	28	10	0	0	0	0	0	0	25.5	0	0	144576	
SGC	63.8	52.2	58	53.3	10	56	330	56.1	10	0	0	0	0	0	63.5	10	63.6	10	63.7	10	0	0	58	0	0	343746	
SGD	11.4	9.4	10.4	0	0	0	0	9.6	100	0	0	0	0	0	11	10	11.3	10	11.4	20	0	0	10.4	0	0	196843	
SGH	41.5	34.1	37.8	0	0	0	0	34.3	50	0	0	0	0	0	41.5	60	0	0	0	0	0	0	37.8	0	0	600180	
SHB	15.4	12.6	14	14.9	15200	15	15430	15.1	140	1.2	8.57	15.2	90	1219700	15.2	16130	15.3	43760	15.4	181790	15.2	13.8	14.56	550	107560	34810593	
SHE	19.8	16.2	18	17.3	70	17.5	100	18	50	0	0	0	0	0	19	290	19.5	200	19.8	720	0	0	18	0	0	229040	
SHN	7.2	6	6.6	6.1	60	6.2	100	6.3	90	-0.2	-3.03	6.4	10	40	6.7	10	6.8	150	7	110	6.4	6.3	6.38	0	0	6343684	
SHS	9.9	8.1	9	9.4	13650	9.5	9110	9.6	10470	0.7	7.78	9.7	120	388750	9.7	630	9.8	15370	9.9	37960	9.8	9	9.32	2750	18600	8503518	
SIC	8.8	7.2	8	7.2	30	7.3	30	7.9	10	0	0	0	0	0	8.4	30	8.5	10	8.6	240	0	0	8	0	0	1168848	
SJ1	27.3	22.5	24.9	0	0	0	0	0	0	0	0	0	0	0	22.5	1670	25.5	400	0	0	0	0	24.9	0	0	1029806	
SJC	0.9	0.7	0.8	0	0	0	0	0	0	0	0	0	0	0	0	0	0	0	0	0	0	0	0.8	0	0	350709	
SJE	20.2	16.6	18.4	0	0	17.3	200	18	100	0	0	18.4	300	900	18.6	100	18.8	100	18.9	290	18.6	18.4	18.47	0	0	889096	
SLS	58.8	48.2	53.5	52.6	130	52.7	20	53	10	0	0	53.5	10	160	53.7	80	53.8	20	53.9	20	53.5	53.5	53.5	0	0	443620	
SMN	9.5	7.9	8.7	0	0	0	0	7.9	70	0	0	0	0	0	8.7	180	8.9	120	9.4	100	0	0	8.7	0	0	211355	
SMT	13.3	10.9	12.1	0	0	0	0	0	0	0	0	0	0	0	12.8	20	12.9	100	0	0	0	0	12.1	0	0	104746	
SPI	1.2	1	1.1	0	0	0	0	1	240	-0.1	-9.09	1	190	10730	1.1	42470	1.2	24500	0	0	1.1	1	1.01	0	0	802505	
SRA	13.3	10.9	12.1	13.2	120	13.3	4190	0	9020	1.2	9.92	13.3	480	48050	0	0	0	0	0	0	13.3	12	13.05	0	0	837546	
SSM	7.9	6.5	7.2	0	0	0	0	0	0	0	0	0	0	0	6.5	40	7.6	100	7.8	150	0	0	7.2	0	0	248263	
STC	16.9	13.9	15.4	14	20	14.5	50	14.6	90	0	0	0	0	0	15.4	60	16	10	16.9	100	0	0	15.4	0	0	245841	
STP	6.2	5.2	5.7	5.3	50	5.5	10	5.7	50	0	0	5.7	160	190	6.2	10	0	0	0	0	5.7	5.7	5.7	0	0	388193	
SVN	1.8	1.6	1.7	0	0	0	0	1.6	3020	0	0	1.7	10	220	1.7	1340	1.8	10	0	0	1.7	1.6	1.6	0	0	860130	
SZB	32.8	27	29.9	27	20	28.5	60	29	10	-0.1	-0.33	29.8	10	10	29.7	190	29.8	420	29.9	3160	29.8	29.8	29.8	0	0	1470000	
TA9	9.3	7.7	8.5	8.1	250	8.2	70	8.5	20	0.7	8.24	9.2	10	10	9.2	250	9.3	1310	0	0	9.2	9.2	9.2	0	0	579042	
TAR	27.5	22.5	25	25	410	25.1	180	25.4	320	0.9	3.6	25.9	40	55490	25.9	160	26	720	26.1	230	26.5	24.5	25.73	347	0	1713832	
TBX	24.5	20.1	22.3	0	0	0	0	0	0	0	0	0	0	0	0	0	0	0	0	0	0	0	22.3	0	0	73981	
TC6	4.6	3.8	4.2	3.9	300	4	550	4.1	1150	0	0	4.2	230	1340	4.2	850	4.4	440	4.5	50	4.2	4.1	4.2	0	0	1494201	
TCS	9.2	7.6	8.4	7.8	110	8.1	140	8.2	1520	-0.1	-1.19	8.3	60	820	8.3	30	8.5	630	8.6	500	8.5	8.3	8.33	0	0	1178283	
TDN	6.6	5.4	6	5.7	1160	5.8	1690	5.9	50	0	0	6	10	2650	6	2810	6.1	2280	6.2	1300	6	5.9	5.9	300	0	1438717	
TDT	10.8	9	9.9	9.7	250	9.8	210	9.9	260	0.2	2.02	10.1	70	4280	10.1	340	10.2	1370	10.3	840	10.1	9.9	9.98	500	0	568411	
TET	33.2	27.2	30.2	0	0	0	0	0	0	0	0	0	0	0	0	0	0	0	0	0	0	0	30.2	0	0	279394	
TFC	4.8	4	4.4	4	770	4.2	120	4.3	290	0	0	0	0	0	4.4	110	4.5	110	4.8	280	0	0	4.4	0	0	284959	
THB	8.8	7.2	8	0	0	7.5	10	8	200	0	0	8	200	350	8.7	220	8.8	250	0	0	8.1	8	8.04	200	0	512983	
THS	7.9	6.5	7.2	0	0	0	0	0	0	0	0	0	0	0	0	0	0	0	0	0	0	0	7.2	0	0	146790	
THT	8.6	7.2	7.9	0	0	7.5	1510	7.7	420	0	0	7.9	80	380	7.9	720	8	1250	8.1	500	8	7.9	7.96	0	0	726956	
TIG	7.2	6	6.6	6.4	14370	6.5	18160	6.6	11220	0.1	1.52	6.7	120	80390	6.7	35290	6.8	32810	6.9	14760	6.7	6.5	6.6	500	3500	2880626	
TJC	7.1	5.9	6.5	0	0	0	0	6.2	50	0	0	0	0	0	0	0	0	0	0	0	0	0	6.5	0	0	419386	
TKC	4.1	3.5	3.8	3.5	460	3.6	620	3.8	10	0.2	5.26	4	10	2110	4	180	4.1	3850	0	0	4.1	3.6	3.85	0	0	556489	
TKU	14.1	11.7	12.9	0	0	0	0	0	0	0	0	0	0	0	13	70	13.6	100	0	0	0	0	12.9	0	0	54256	
TMB	13	10.8	11.9	0	0	0	0	11.3	60	0	0	0	0	0	13	80	0	0	0	0	0	0	11.9	0	0	734800	
TMC	12.9	10.7	11.8	0	0	0	0	10.7	10	0	0	11.8	40	40	12.9	50	0	0	0	0	11.8	11.8	11.8	0	0	596900	
TMX	15.4	12.6	14	0	0	12.6	10	12.7	50	1.4	10	15.4	10	10	15.4	10	0	0	0	0	15.4	15.4	15.4	10	0	244841	
TNG	15.1	12.5	13.8	13.6	9710	13.7	12270	13.8	170	0	0	13.8	200	71130	13.9	2040	14	11640	14.1	7760	14	13.8	13.88	0	0	2771573	
TPH	9.3	7.7	8.5	0	0	0	0	0	0	0	0	0	0	0	0	0	0	0	0	0	0	0	8.5	0	0	98452	
TPP	14.6	12	13.3	0	0	0	0	0	0	0	0	0	0	0	0	0	0	0	0	0	0	0	13.3	0	0	971887	
TSB	7.7	6.3	7	0	0	0	0	0	0	0	0	0	0	0	0	0	0	0	0	0	0	0	7	0	0	330508	
TST	9.2	7.6	8.4	0	0	0	0	0	0	0	0	0	0	0	8.4	90	8.6	20	8.9	200	0	0	8.4	0	0	220670	
TTC	11.9	9.9	10.9	0	0	10	200	10.1	20	0	0	0	0	0	11.8	20	0	0	0	0	0	0	10.9	0	0	259298	
TTH	2.5	2.1	2.3	0	0	0	0	0	0	-0.2	-8.7	2.1	170	32560	2.1	30	2.2	8640	2.3	9030	2.2	2.1	2.1	0	0	1796410	
TTL	7.9	6.5	7.2	0	0	0	0	6.5	100	0	0	0	0	0	6.9	50	7	240	7.2	250	0	0	7.2	0	0	2053472	
TTT	44	36	40	0	0	36	20	36.1	10	-3.9	-9.75	36.1	40	310	38.5	50	39	70	42	30	36.1	36.1	36.1	0	0	197500	
TTZ	1.9	1.7	1.8	0	0	1.7	7030	1.8	2610	0	0	1.8	10	9830	1.9	500	0	0	0	0	1.9	1.8	1.89	0	0	169412	
TV3	35.7	29.3	32.5	0	0	0	0	29.5	10	-0.1	-0.31	32.4	10	10	32.4	10	32.5	360	32.9	10	32.4	32.4	32.4	0	0	405465	
TV4	12.5	10.3	11.4	11.1	300	11.3	360	11.4	250	-0.1	-0.88	11.3	10	640	11.5	300	11.6	370	11.7	100	12.3	11.3	11.44	0	0	774742	
TVC	33	27	30	28.2	2770	28.3	2020	28.4	1760	-1.6	-5.33	28.4	300	53600	28.5	640	28.7	480	29	840	31.2	27	28.5	0	0	1960658	
TVD	7.2	6	6.6	0	0	6.4	100	6.5	3900	0	0	6.6	20	4890	6.7	1360	6.8	1370	6.9	1120	6.7	6.6	6.62	0	0	2190380	
TXM	3.3	2.7	3	0	0	0	0	2.7	20	-0.1	-3.33	2.9	20	1660	2.9	50	3	360	3.1	600	3	2.7	2.71	80	0	222697	
UNI	4.5	3.7	4.1	3.7	5650	3.8	320	4	50	0	0	0	0	0	4.4	580	4.5	50	0	0	0	0	4.1	0	0	739633	
V12	12.5	10.3	11.4	0	0	0	0	0	0	0	0	0	0	0	11.7	30	12.5	270	0	0	0	0	11.4	0	0	285032	
V21	6.4	5.4	5.9	0	0	0	0	0	0	-0.5	-8.47	5.4	10	30	6	50	6.1	60	6.3	90	6.3	5.4	6	0	0	587649	
VAT	1.6	1.4	1.5	0	0	0	0	0	0	0	0	0	0	0	0	0	0	0	0	0	0	0	1.5	0	0	199108	
VBC	19	15.6	17.3	0	0	15.6	30	16.5	100	0	0	0	0	0	18.6	130	19	50	0	0	0	0	17.3	0	0	349843	
VC1	13.9	11.5	12.7	0	0	0	0	0	0	0	0	0	0	0	11.5	10	12.7	150	13.9	10	0	0	12.7	0	0	557269	
VC2	12.8	10.6	11.7	0	0	0	0	10.7	30	0	0	0	0	0	12.7	10	12.8	50	0	0	0	0	11.7	0	0	730378	
VC3	18	14.8	16.4	16.3	540	16.4	770	16.5	690	0.2	1.22	16.6	90	18250	16.6	420	16.7	790	16.8	770	16.8	16.3	16.51	0	0	2988763	
VC6	8.4	7	7.7	0	0	7	10	7.1	100	0	0	0	0	0	0	0	0	0	0	0	0	0	7.7	0	0	311542	
VC7	6.1	5.1	5.6	0	0	5.4	20	5.5	20	0	0	5.6	20	350	5.6	80	5.7	50	5.8	140	5.8	5.5	5.64	0	0	1117840	
VC9	12.1	9.9	11	0	0	0	0	0	0	0	0	0	0	0	12	410	0	0	0	0	0	0	11	0	0	556625	
VCC	10.3	8.5	9.4	0	0	8.5	200	9	50	0	0	0	0	0	9.3	10	10.1	100	10.3	60	0	0	9.4	0	0	587210	
VCG	27.6	22.6	25.1	24.8	2180	24.9	2080	25	300	0.1	0.4	25.2	20	8810	25.2	480	25.4	1220	25.5	2050	25.2	24.8	24.97	0	0	21442549	
VCM	17.7	14.5	16.1	0	0	14.7	10	15	50	-1.2	-7.45	14.9	10	50	0	0	0	0	0	0	17.7	14.9	17.14	0	0	0	
VCS	73.4	60.2	66.8	66.5	1010	66.6	1740	66.7	170	-0.1	-0.15	66.7	30	18590	66.8	350	66.9	100	67	600	67.5	66.5	66.79	1330	0	7409670	
VDL	26.2	21.6	23.9	0	0	0	0	0	0	0	0	0	0	0	23.9	180	25	10	26	10	0	0	23.9	0	0	706285	
VE1	8.3	6.9	7.6	0	0	0	0	0	0	0	0	0	0	0	7.7	4800	7.8	5500	0	0	0	0	7.6	0	0	114226	
VE2	7.7	6.3	7	0	0	0	0	0	0	0	0	0	0	0	7.7	30	0	0	0	0	0	0	7	0	0	104103	
VE3	5.9	4.9	5.4	5.1	10	5.3	100	5.4	500	0	0	0	0	0	5.9	10	0	0	0	0	0	0	5.4	0	0	56589	
VE4	6.1	5.1	5.6	5.1	720	5.5	200	5.6	120	0	0	5.6	180	180	6.1	1600	0	0	0	0	5.6	5.6	5.6	0	180	47582	
VE8	9.9	8.1	9	0	0	0	0	0	0	0	0	0	0	0	9.2	10	0	0	0	0	0	0	9	0	0	87680	
VE9	1.4	1.2	1.3	1.2	7760	1.3	2080	1.4	660	0.1	7.69	1.4	40	32040	0	0	0	0	0	0	1.4	1.3	1.4	0	9110	540467	
VGP	12.5	10.3	11.4	10.9	600	11	100	11.3	20	-0.1	-0.88	11.3	80	140	11.7	50	12.5	50	0	0	11.3	11	11.26	0	0	386558	
VGS	8.9	7.3	8.1	7.8	50	7.9	120	8	250	0	0	8.1	10	1230	8.1	70	8.2	1720	8.3	10	8.1	8	8	0	0	1997545	
VHE	5.8	4.8	5.3	4.8	550	4.9	140	5	180	0.1	1.89	5.4	20	290	5.5	60	5.6	10	5.7	20	5.4	5	5.03	0	0	0	
VHL	30.6	25.2	27.9	27	10	27.5	80	27.6	60	-0.3	-1.08	27.6	20	220	27.7	90	27.9	300	28	250	27.8	27.6	27.68	0	0	1174192	
VIE	6.7	5.5	6.1	0	0	0	0	0	0	0	0	0	0	0	0	0	0	0	0	0	0	0	6.1	0	0	100079	
VIF	19.1	15.7	17.4	0	0	15.8	300	16	200	-1.1	-6.32	16.3	40	300	17.3	40	17.4	10	17.6	10	16.5	16.3	16.37	0	0	0	
VIG	0.9	0.7	0.8	0	0	0.7	107900	0.8	3380	0.1	12.5	0.9	500	12390	0.9	40940	0	0	0	0	0.9	0.7	0.83	500	0	1631811	
VIT	15.7	12.9	14.3	14	620	14.1	320	14.2	100	-0.1	-0.7	14.2	1300	1300	14.3	10	14.5	620	14.6	120	14.2	14.2	14.2	0	0	944950	
VIX	5.6	4.6	5.1	4.9	1520	5	2310	5.1	200	0.1	1.96	5.2	30	1570	5.2	2240	5.3	2620	5.4	980	5.2	5.1	5.1	0	0	5565390	
VKC	2.9	2.5	2.7	2.5	2720	2.6	3260	2.7	760	0.1	3.7	2.8	80	7530	2.8	2640	2.9	8240	0	0	2.8	2.7	2.71	0	2010	695533	
VLA	12.7	10.5	11.6	0	0	11.6	50	12	50	0	0	0	0	0	0	0	0	0	0	0	0	0	11.6	0	0	46370	
VMC	10.7	8.9	9.8	9.5	400	9.6	350	9.7	200	0	0	9.8	130	780	9.8	170	9.9	270	10	180	9.8	9.8	9.8	0	0	920900	
VMI	0.7	0.5	0.6	0	0	0	0	0	0	0	0	0	0	0	0	0	0	0	0	0	0	0	0.6	0	0	449469	
VMS	7.7	6.3	7	0	0	0	0	0	0	0	0	0	0	0	7	40	7.7	500	0	0	0	0	7	0	0	436030	
VNC	36.3	29.7	33	30.4	30	30.5	60	32.3	50	0	0	0	0	0	34	50	35.1	10	35.2	10	0	0	33	0	0	375809	
VNF	34.4	28.2	31.3	0	0	0	0	0	0	0	0	0	0	0	29	600	30	600	0	0	0	0	31.3	0	0	377695	
VNR	21.1	17.3	19.2	19	120	19.2	100	19.3	50	0.2	1.04	19.4	40	350	19.5	120	19.6	10	19.9	690	19.4	19.2	19.34	0	0	2721187	
VNT	60.9	49.9	55.4	0	0	50.8	10	55.4	500	-4.4	-7.94	51	10	10	57.3	200	60.9	660	0	0	51	51	51	0	0	410950	
VSA	16.5	13.5	15	14.5	10	14.7	50	14.8	30	0	0	0	0	0	15.8	10	0	0	0	0	0	0	15	0	0	635133	
VSM	13	10.8	11.9	0	0	0	0	10.8	10	0	0	0	0	0	11.9	20	12	100	12.2	10	0	0	11.9	0	0	137591	
VTC	11	9	10	0	0	0	0	9	230	-1	-10	9	10	10	10	50	10.5	300	11	80	9	9	9	0	0	169192	
VTH	10.4	8.6	9.5	0	0	0	0	8.6	10	0	0	0	0	0	10.4	10	0	0	0	0	0	0	9.5	0	0	243990	
VTJ	5.8	4.8	5.3	0	0	0	0	0	0	0	0	0	0	0	5.7	30	5.8	650	0	0	0	0	5.3	0	0	558430	
VTL	14.6	12	13.3	0	0	12.1	20	12.5	20	0	0	13.3	10	20	0	0	0	0	0	0	13.3	13.3	13.3	10	0	243251	
VTS	31.3	25.7	28.5	0	0	0	0	0	0	0	0	0	0	0	25.7	890	0	0	0	0	0	0	28.5	0	0	52936	
VTV	7.4	6.2	6.8	6.3	100	6.4	10	6.8	10	0	0	0	0	0	7.3	100	7.4	550	0	0	0	0	6.8	0	0	1522519	
VXB	7.1	5.9	6.5	0	0	0	0	0	0	0	0	0	0	0	6.2	20	6.5	10	6.6	10	0	0	6.5	0	0	198381	
WCS	185.3	151.7	168.5	165.6	10	166	20	166.3	10	0	0	168.5	10	20	169.5	10	170	90	182	20	168.5	168.5	168.5	10	0	56457	
WSS	1.9	1.7	1.8	0	0	0	0	1.7	900	-0.1	-5.56	1.7	10	400	1.8	10	1.9	300	0	0	1.8	1.7	1.8	0	0	2346880	
X20	8.6	7.2	7.9	0	0	0	0	0	0	0	0	0	0	0	0	0	0	0	0	0	0	0	7.9	0	0	845040	
