HOSE
881.17
6.37	0.72
876.73	0.22	7110420	67.39	
880.65	0.66	333675571	4989.99	
881.17	0.72	351958204	5395.52	
AAA	13.4	11.7	12.55	12.5	13736	12.55	27794	12.6	2061	0.05	0.4	12.6	5470	141830	12.65	11340	12.7	9540	12.75	3210	12.6	12.65	12.5	45756	0	6124394	
AAM	12.6	11	11.8	11.1	30	11.2	30	11.25	99	-0.3	-2.54	11.5	70	538	11.8	351	12	324	12.45	200	0	11.5	11.5	0	0	592374	
ABS	15.05	13.15	14.1	14	399	14.05	10	14.1	42	0.1	0.71	14.2	300	13695	14.2	2155	14.25	1629	14.3	2093	14.2	14.2	14	0	0	1410814	
ABT	35.75	31.15	33.45	31.15	148	31.2	3	31.7	11	-1.9	-5.68	31.55	2	2	33	101	33.1	100	33.5	5	0	31.55	31.55	0	0	655034	
ACC	20.3	17.7	19	17.7	20	18.3	50	18.5	305	0	0	19	149	320	19	300	19.3	101	19.5	10	0	19	19	0	149	298596	
ACL	26.65	23.25	24.95	24.4	1010	24.45	16	24.5	385	-0.25	-1	24.7	20	3463	24.7	75	24.8	60	24.9	138	24.7	25	24.35	100	0	843017	
ADS	10.55	9.21	9.9	9.6	12	9.65	25	9.67	15	-0.03	-0.3	9.87	35	158	9.89	185	9.94	139	9.95	10	0	9.9	9.87	0	0	1248247	
AGG	28.95	25.25	27.1	26.8	681	26.9	527	27	354	0	0	27.1	401	25079	27.1	984	27.15	551	27.2	426	27.1	27.15	26.8	0	0	1622591	
AGM	14.85	12.95	13.9	13.95	9	14	109	14.1	244	0.4	2.88	14.3	1	3531	14.3	24	14.4	52	14.5	111	14.3	14.6	13.9	0	1261	745797	
AGR	3.7	3.22	3.46	3.43	154	3.45	130	3.46	247	0.02	0.58	3.48	55	25294	3.48	2663	3.49	3101	3.5	5651	3.48	3.49	3.32	1793	0	9960597	
AMD	3.33	2.91	3.12	3.12	20244	3.13	688	3.14	1516	0.03	0.96	3.15	3775	252439	3.15	8461	3.16	5035	3.17	4514	3.15	3.17	3.07	16586	200	7718014	
ANV	19.4	16.9	18.15	17.9	337	17.95	50	18	2720	-0.15	-0.83	18	5035	22697	18.2	877	18.25	414	18.3	59	18	18.35	18	423	614	6094373	
APC	18.6	16.2	17.4	17.35	326	17.4	137	17.5	51	0.4	2.3	17.8	78	1623	17.8	532	17.85	1	17.9	76	0	17.8	17.3	0	0	654282	
APG	9.52	8.28	8.9	8.8	141	8.81	458	8.85	26	-0.02	-0.22	8.88	31	74941	8.88	379	8.9	73	8.95	420	8.88	8.9	8.81	1667	74	3158449	
ASM	6.23	5.43	5.83	5.82	5280	5.83	6885	5.84	1883	0.02	0.34	5.85	8957	255719	5.85	288	5.86	8324	5.87	1875	5.85	5.95	5.76	0	2327	12316436	
ASP	5.92	5.16	5.54	5.47	310	5.48	12	5.5	246	0	0	5.54	1	2044	5.54	485	5.55	20	5.6	779	5.54	5.54	5.46	2	0	0	
AST	58.6	51	54.8	53.6	366	53.7	545	53.8	1	-1	-1.82	53.8	10	13253	54	150	54.1	170	54.2	118	0	54.8	53.6	15	10347	262396	
ATG	0.57	0.51	0.54	0.52	5382	0.53	6798	0.54	80	0	0	0.54	21	871	0.55	1970	0.56	1711	0.57	3905	0.54	0.55	0.53	25	0	720580	
BBC	48.75	42.45	45.6	47.1	2	47.2	7	48.75	173	3.15	6.91	48.75	1	74	0	0	0	0	0	0	0	48.75	46	0	0	35769	
BCE	8.34	7.26	7.8	7.78	115	7.79	21	7.8	2	0.05	0.64	7.85	1	4465	7.85	439	7.87	40	7.88	100	7.85	7.89	7.72	0	0	1356998	
BCG	6.74	5.86	6.3	6.2	658	6.22	2074	6.23	1087	0	0	6.3	210	31435	6.3	591	6.31	702	6.32	159	6.3	6.47	6.2	365	1021	1657991	
BFC	14	12.2	13.1	13.25	1320	13.3	1620	13.35	244	0.3	2.29	13.4	324	35739	13.4	78	13.45	1060	13.5	1790	13.4	13.4	13.1	2247	0	2583038	
BHN	58.3	50.7	54.5	54.6	100	54.7	20	54.8	466	0.3	0.55	54.8	1	286	54.9	62	55	162	55.3	3	54.8	54.8	54.5	0	0	7292842	
BIC	23.5	20.5	22	21.45	23	21.5	500	21.6	46	-0.1	-0.45	21.9	610	10116	21.9	108	21.95	50	22	770	21.9	21.9	20.5	3050	0	161498	
BID	43.35	37.75	40.55	40.85	4531	40.9	2396	40.95	10	0.45	1.11	41	5746	89613	41	4179	41.05	1008	41.1	814	41	41.2	40.5	5554	3974	49473170	
BMC	13.25	11.55	12.4	12	111	12.05	90	12.1	99	-0.1	-0.81	12.3	150	255	12.3	470	12.4	125	12.45	753	12.3	12.3	12	21	53	326696	
BMI	23.2	20.2	21.7	21.35	1100	21.4	1372	21.45	1890	-0.25	-1.15	21.45	1318	8894	21.6	450	21.65	310	21.7	369	21.45	21.8	21.4	0	750	1196650	
BMP	50.8	44.2	47.5	47.6	570	47.65	320	47.7	971	0.2	0.42	47.7	1710	12650	48	360	48.1	300	48.15	34	47.7	48.2	47	5894	1752	1625795	
BRC	11.15	9.72	10.45	9.75	110	10	201	10.05	1	0	0	0	0	0	10.3	22	10.7	300	11.1	100	0	0	0	0	0	600909	
BSI	8.75	7.61	8.18	7.91	438	7.92	5	7.95	95	-0.23	-2.81	7.95	125	899	8.15	30	8.16	41	8.18	1	7.95	8.16	7.87	24	600	4952888	
BTP	15.9	13.9	14.9	14.7	1036	14.75	240	14.8	20	-0.1	-0.67	14.8	5	2296	14.85	129	14.9	304	14.95	1	14.8	14.85	14.75	0	346	2401911	
BTT	42.65	37.15	39.9	0	0	37.15	105	37.5	10	-0.4	-1	39.5	5	63	39.5	20	39.9	60	40	354	0	39.5	37.15	0	0	660452	
BVH	53.3	46.45	49.9	49.55	201	49.7	222	49.8	2	0	0	49.9	6552	105976	49.9	1287	49.95	10	50	2148	49.9	50.3	49.4	2976	44550	15315154	
BWE	23.2	20.2	21.7	21.8	1861	21.85	702	21.9	1332	0.25	1.15	21.95	670	12527	21.95	406	22	217	22.05	749	21.95	22.35	21.8	0	200	5951648	
C32	26	22.6	24.3	24.6	510	24.65	389	24.7	315	0.4	1.65	24.7	15	7677	24.8	2087	24.9	54	25	1244	24.7	24.8	24	0	3521	364907	
C47	12.7	11.1	11.9	11.1	3212	11.2	3008	11.3	3997	-0.6	-5.04	11.3	6	359	11.9	630	12	2216	12.1	470	11.3	11.9	11.2	0	0	829803	
CAV	71.2	62	66.6	62	10	65	179	66.5	10	0	0	66.6	2	7	66.6	5	68	693	68.5	13	0	68	66.6	0	5	2806027	
CCI	14.95	13.05	14	13.1	12	13.5	2	13.6	10	0	0	14	10	10	14	2221	14.3	100	0	0	0	14	14	0	0	823571	
CCL	7.6	6.62	7.11	7.06	111	7.1	50	7.11	590	0	0	7.11	500	32186	7.14	183	7.15	800	7.2	737	7.11	7.44	7	500	8253	2111518	
CDC	17.2	15	16.1	0	0	0	0	0	0	0	0	0	0	0	16.1	1	16.9	1	17	120	0	0	0	0	0	764368	
CEE	16.45	14.35	15.4	0	0	14.35	10	14.5	3	0	0	0	0	0	15.3	256	15.35	3	15.4	101	0	0	0	0	0	2021552	
CHP	20.4	17.8	19.1	18.5	10	18.9	40	19	24	0.25	1.31	19.35	1	5246	19.35	76	19.4	50	19.45	63	19.35	19.35	19	0	0	6311919	
CIG	1.65	1.45	1.55	1.48	415	1.49	222	1.5	1352	-0.05	-3.23	1.5	29	1540	1.6	295	1.65	500	0	0	0	1.6	1.49	0	0	1545178	
CII	20.45	17.85	19.15	19.2	100	19.3	600	19.5	250	0.4	2.09	19.55	43705	393305	19.55	1355	19.6	380	19.65	2500	19.55	19.55	18.6	16179	280830	7496533	
CKG	10.3	8.98	9.65	9.97	1	9.98	1	9.99	1	0.35	3.63	10	492	19609	10	1926	10.05	1499	10.1	1789	10	10.3	9.63	0	0	2403500	
CLC	29.1	25.3	27.2	27.1	4	27.15	374	27.2	250	0.05	0.18	27.25	200	1581	27.25	5	27.45	336	27.5	590	27.25	27.3	27.25	0	200	1222235	
CLG	1.48	1.3	1.39	1.33	42	1.35	171	1.36	1687	-0.03	-2.16	1.36	1279	6107	1.37	1002	1.38	1536	1.39	550	1.36	1.48	1.31	0	0	1029699	
CLL	29.95	26.05	28	27	59	27.05	10	27.2	30	0	0	0	0	0	28	93	29	1	0	0	0	0	0	0	0	1419098	
CLW	27.8	24.2	26	0	0	0	0	24.2	389	0	0	26	500	2003	27.5	201	27.8	20	0	0	0	26	24.2	0	0	573966	
CMG	29.65	25.85	27.75	27.75	110	27.8	45	27.85	3	0.15	0.54	27.9	3	1249	27.9	88	27.95	23	28	502	0	27.9	27.6	12	0	1166570	
CMV	14.9	13	13.95	0	0	0	0	0	0	0.4	2.87	14.35	1	74	14.35	29	14.4	46	14.5	5	0	14.7	13.95	0	0	590605	
CMX	17.45	15.25	16.35	16.2	2723	16.25	1028	16.3	1851	0	0	16.35	1924	23517	16.35	1914	16.4	1192	16.45	507	16.35	16.5	16.2	0	500	1159046	
CNG	22.6	19.7	21.15	21.05	30	21.1	611	21.2	50	0.4	1.89	21.55	1	6013	21.55	2727	21.7	1	21.8	1223	21.55	21.55	21	0	0	757255	
COM	45.4	39.5	42.45	40.55	1	42	1	42.5	1	0	0	42.45	1	3	45.2	2	45.3	2	45.4	1	0	42.45	42.45	0	0	685800	
CRC	12.25	10.65	11.45	11	56	11.1	21	11.2	15	0	0	11.45	15	4592	11.45	376	11.5	230	11.55	81	11.45	11.55	11.2	0	0	734797	
CRE	18	15.7	16.85	16.8	5000	16.85	500	16.9	3943	0.05	0.3	16.9	11040	93677	16.95	3540	17	17690	17.05	1365	16.9	17	16.55	700	196	2330371	
CSM	17.05	14.85	15.95	15.85	2300	15.9	982	15.95	310	0.05	0.31	16	201	3723	16	653	16.1	72	16.15	153	16	16	15.95	0	0	4862278	
CSV	24.8	21.6	23.2	23.3	617	23.4	135	23.45	100	0.3	1.29	23.5	373	17950	23.5	523	23.55	206	23.6	855	23.5	23.7	23	2324	10	1814287	
CTD	76.9	66.9	71.9	67.1	1277	67.2	1696	67.3	2481	-4.6	-6.4	67.3	4104	153773	67.7	1540	67.8	100	67.9	416	67.3	69.9	66.9	4485	23385	187502	
CTF	22.75	19.85	21.3	20.5	104	20.55	10	20.6	58	-0.05	-0.23	21.25	160	14093	21.25	35	21.3	38	21.35	161	21.25	21.35	20.65	0	13	2231353	
CTG	25.05	21.85	23.45	23.9	16481	23.95	120	24	2398	0.55	2.35	24	72138	690190	24.05	23320	24.1	22679	24.15	12074	24	24.05	23.55	214024	65607	819068	
CTI	20.3	17.7	19	19.25	889	19.3	1464	19.4	4813	0.4	2.11	19.4	2157	165581	19.45	2093	19.5	2562	19.55	1593	19.4	19.6	19	3797	0	2178220	
CTS	7.32	6.38	6.85	6.72	100	6.73	20	6.74	200	0	0	6.85	602	8941	6.85	5156	6.89	55	6.9	754	6.85	6.85	6.62	500	2500	4067221	
CVT	19.05	16.65	17.85	17.75	1766	17.8	50	17.85	48	0	0	17.85	72	14024	17.9	1191	17.95	1307	18	2754	17.85	17.9	17.75	0	461	3271612	
D2D	65.8	57.2	61.5	62.6	89	62.7	67	62.8	35	1.4	2.28	62.9	316	17034	62.9	5	63	992	63.1	374	62.9	63.5	61.5	0	274	889745	
DAG	5.73	4.99	5.36	5.35	202	5.36	1	5.37	35	0.02	0.37	5.38	320	18013	5.38	250	5.39	425	5.4	479	5.38	5.4	5.35	0	160	2102395	
DAH	12.85	11.25	12.05	11.7	2076	11.75	1769	11.8	757	-0.25	-2.07	11.8	100	20208	11.85	687	11.9	782	11.95	1013	11.8	12.1	11.75	72	0	1633067	
DAT	7.32	6.38	6.85	6.95	5	7	1	7.32	1	0	0	0	0	0	0	0	0	0	0	0	0	0	0	0	0	2253957	
DBC	48	41.8	44.9	47.7	1809	47.8	280	47.9	191	3.1	6.9	48	25075	345055	48	3082	0	0	0	0	48	48	44.8	12339	51333	4328018	
DBD	53.5	46.5	50	49.2	205	49.3	35	49.5	1	0	0	50	1214	2271	50	20	50.4	134	50.5	218	50	50.6	48.95	0	28	5235606	
DCL	22.8	19.9	21.35	20.85	298	21	2032	21.05	51	-0.05	-0.23	21.3	13	2174	21.3	131	21.35	238	21.4	183	21.3	21.4	20.6	118	279	1679838	
DCM	8.82	7.68	8.25	8.24	7954	8.25	3488	8.26	171	0.04	0.48	8.29	11152	105266	8.29	5312	8.3	1355	8.32	50	8.29	8.3	8.15	6099	9542	24914799	
DGW	27.95	24.35	26.15	27.85	200	27.9	238	27.95	7889	1.8	6.88	27.95	203	78212	0	0	0	0	0	0	27.95	27.95	26.2	15700	425	1030596	
DHA	33.7	29.3	31.5	31.1	80	31.2	14	31.4	46	-0.1	-0.32	31.4	10	852	31.5	253	31.6	238	31.65	24	31.4	31.5	31.05	0	0	600570	
DHC	39.3	34.2	36.75	36.4	100	36.5	352	36.6	3	-0.15	-0.41	36.6	347	16023	36.7	7	36.75	130	36.8	631	36.6	36.9	36.3	4450	390	670336	
DHG	100.5	87.5	94	92.6	121	92.7	48	93	10	-1	-1.06	93	117	763	93.8	84	93.9	73	94	476	93	94	92.5	224	568	5956750	
DHM	7.71	6.71	7.21	7.25	648	7.3	560	7.35	120	0.29	4.02	7.5	300	19563	7.5	880	7.52	685	7.55	1510	7.5	7.5	6.8	0	0	1531248	
DIC	1.99	1.73	1.86	1.87	2004	1.88	1186	1.89	10	0.06	3.23	1.92	1091	30574	1.92	530	1.93	3249	1.94	332	1.92	1.93	1.8	1564	0	1276798	
DIG	13.25	11.55	12.4	12.5	8760	12.55	7546	12.6	2495	0.2	1.61	12.6	11316	89237	12.65	4251	12.7	7905	12.75	6821	12.6	12.75	12.4	0	917	4599676	
DLG	1.59	1.39	1.49	1.48	27338	1.49	12842	1.5	9772	0.01	0.67	1.5	47262	436248	1.51	53581	1.52	12898	1.53	10370	1.5	1.52	1.46	14429	3477	13849955	
DMC	58.7	51.1	54.9	54.2	320	54.4	499	54.5	269	-0.1	-0.18	54.8	224	9275	54.8	51	54.9	100	55	590	54.8	56	54	147	355	1449612	
DPG	26	22.6	24.3	24.1	588	24.15	602	24.2	919	-0.1	-0.41	24.2	715	14726	24.3	5	24.35	110	24.4	491	24.2	24.7	24.2	80	1473	2186124	
DPM	15.4	13.4	14.4	14.5	13154	14.55	6397	14.6	933	0.25	1.74	14.65	10376	338193	14.65	10151	14.7	19219	14.75	190	14.65	14.65	14.3	12521	69564	14358938	
DPR	40.75	35.45	38.1	38	175	38.1	57	38.15	41	0.05	0.13	38.15	19	734	38.6	42	38.7	137	38.8	109	38.15	38.7	38.1	0	34	1501604	
DQC	20.8	18.1	19.45	19.05	120	19.1	120	19.45	109	0	0	19.45	35	2419	20	4	20.05	21	20.1	457	19.45	20.5	18.95	0	35	1591882	
DRC	21.05	18.35	19.7	19.7	8437	19.75	1579	19.8	442	0.1	0.51	19.8	513	28783	19.85	2181	19.9	4993	19.95	2623	19.8	19.95	19.7	0	3712	3373533	
DRH	7.91	6.89	7.4	7.89	12700	7.9	4602	7.91	7071	0.51	6.89	7.91	7424	287074	0	0	0	0	0	0	7.91	7.91	7.21	22106	1742	2857160	
DRL	54.3	47.25	50.8	50.6	18	50.7	20	50.8	2	0	0	50.8	3	3	51	3	51.5	300	51.6	47	0	50.8	50.8	0	0	459240	
DSN	50.5	43.95	47.25	47	652	47.1	925	47.2	4	-0.05	-0.11	47.2	4	937	47.25	365	47.3	131	47.4	32	47.2	47.25	47.2	0	0	372182	
DTA	4.81	4.19	4.5	4.19	301	4.28	2	4.31	2	0	0	4.5	130	527	4.5	804	4.55	5	4.6	20	0	4.5	4.5	0	0	881866	
DTL	10.25	8.91	9.58	0	0	8.91	10	8.92	1	0	0	9.58	1	37	9.56	46	9.57	1	9.58	38	9.58	9.58	8.93	0	0	3008671	
DTT	14.35	12.55	13.45	0	0	0	0	12.55	1	0	0	0	0	0	13.45	31	14	2	14.3	3	0	0	0	0	0	397869	
DVP	37	32.2	34.6	34.25	20	34.3	109	34.35	1	-0.05	-0.14	34.55	1	443	34.55	187	34.6	206	34.65	145	34.55	34.6	34.1	2	0	1407736	
DXG	12.15	10.65	11.4	11.45	27766	11.5	19232	11.55	3875	0.2	1.75	11.6	16563	299387	11.6	3063	11.65	24260	11.7	33508	11.6	11.65	11.35	9356	6668	4706414	
DXV	2.48	2.16	2.32	2.2	300	2.22	82	2.25	31	-0.04	-1.72	2.28	1000	3878	2.32	2	2.34	50	2.35	500	2.28	2.32	2.28	2000	0	480208	
E1VFVN30	14.57	12.67	13.62	13.6	201	13.62	20	13.63	1774	0.01	0.07	13.63	8936	155423	13.69	930	13.71	31	13.75	610	13.63	13.71	13.61	180890	1142971	647403	
EIB	18.8	16.4	17.6	17.55	1065	17.6	1466	17.65	1499	0.05	0.28	17.65	261	21344	17.7	5000	17.75	137	17.8	202	17.65	18.15	17.6	305	0	12158	
ELC	5.58	4.86	5.22	5.17	240	5.18	91	5.19	40	-0.02	-0.38	5.2	19	3044	5.2	277	5.22	220	5.24	342	5.2	5.25	5.2	1999	1049	1458909	
EMC	12.35	10.75	11.55	0	0	10.75	10	12.35	24	0.8	6.93	12.35	1	2	0	0	0	0	0	0	0	12.35	12.35	0	0	749034	
EVE	10.9	9.49	10.2	9.9	200	10	704	10.1	490	0.1	0.98	10.3	1	1041	10.25	9	10.3	140	10.35	10	0	10.3	10.1	1011	0	1470555	
EVG	3.69	3.21	3.45	0	0	0	0	0	0	-0.24	-6.96	3.21	200	182936	3.21	112429	3.22	430	3.39	3001	3.21	3.44	3.21	200	7000	2858519	
FCM	6.9	6	6.45	6.4	825	6.41	332	6.42	190	0.04	0.62	6.49	75	6568	6.49	43	6.5	244	6.51	200	6.49	6.55	6.41	0	0	1907093	
FCN	9.96	8.66	9.31	9.38	600	9.39	1175	9.4	605	0.1	1.07	9.41	3170	56130	9.41	378	9.42	1055	9.43	450	9.41	9.5	9.33	622	0	2919687	
FDC	13.9	12.1	13	12.1	145	12.2	100	12.35	22	0	0	13	18	311	13	183	13.45	10	13.5	65	13	13	12.1	0	0	1891253	
FIR	32.1	27.9	30	30.1	1234	30.2	588	30.25	251	0.25	0.83	30.25	349	13511	30.3	312	30.35	262	30.4	255	30.25	30.4	29.9	100	0	1004862	
FIT	6.52	5.68	6.1	6.15	90	6.18	1	6.2	956	0.1	1.64	6.2	4116	63522	6.25	200	6.26	485	6.27	2710	6.2	6.29	6.02	1868	923	12144547	
FLC	3.22	2.8	3.01	2.97	53622	2.98	26182	2.99	6896	-0.01	-0.33	3	25231	702730	3	20414	3.01	31454	3.02	13490	3	3.03	2.94	45928	3874	32902466	
FMC	28.55	24.85	26.7	26.6	316	26.65	95	26.7	105	0	0	26.7	177	5153	26.75	232	26.8	600	26.9	160	26.7	27.15	26.6	2105	93	1983610	
FPT	51.3	44.65	48	48.5	3720	48.55	1112	48.6	493	0.65	1.35	48.65	7446	189306	48.65	3896	48.7	4218	48.75	2504	48.65	48.95	47.9	2189	2239	0	
FRT	27.3	23.8	25.55	26.05	315	26.1	1426	26.15	420	0.65	2.54	26.2	2828	126291	26.2	417	26.25	388	26.3	3569	26.2	26.35	25	11433	28665	1035200	
FTM	1.69	1.47	1.58	1.54	200	1.55	409	1.57	1	0	0	1.58	43	13628	1.58	1648	1.59	1306	1.6	1300	1.58	1.59	1.5	0	0	2431744	
FTS	11.95	10.45	11.2	11.85	1535	11.9	5000	11.95	15801	0.75	6.7	11.95	1923	21798	0	0	0	0	0	0	11.95	11.95	11.2	0	0	9456982	
FUCTVGF1	12.7	11.1	11.9	0	0	0	0	0	0	0	0	0	0	0	0	0	0	0	0	0	0	0	0	0	0	734571	
FUCTVGF2	10.95	9.54	10.25	0	0	0	0	0	0	0	0	0	0	0	10	1	10.25	1	0	0	0	0	0	0	0	808607	
FUCVREIT	7.96	6.92	7.44	0	0	0	0	0	0	0	0	0	0	0	7.8	7	7.96	4	0	0	0	0	0	0	0	239070	
FUESSV50	12.67	11.03	11.85	11.84	20	11.85	2030	11.9	813	0.15	1.27	12	1	3192	12	2024	12.1	1200	12.2	1000	12	12	11.9	0	0	436175	
FUESSVFL	10.32	8.98	9.65	9.66	4243	9.67	4119	9.7	5	0.09	0.93	9.74	6	8	9.74	9399	9.75	9815	9.76	9628	9.74	9.74	9.68	0	0	503358	
FUEVFVND	13.05	11.35	12.2	12.17	3	12.2	580	12.25	26	0.06	0.49	12.26	1	4602	12.26	7	12.28	500	12.3	740	12.26	12.26	12.2	20929	233	107143	
GAB	164.2	142.8	153.5	154.3	2346	154.4	1150	154.5	976	1	0.65	154.5	1001	4272	154.6	630	155	25	155.1	784	154.5	155.5	153.9	0	5	660785	
GAS	81.7	71.1	76.4	77.8	947	77.9	281	78	278	1.6	2.09	78	1721	63396	78.1	332	78.2	761	78.3	685	78	78.3	76.7	14450	117	87437536	
GDT	30.05	26.15	30.1	28	523	28.1	130	28.2	1	-1.3	-4.32	28.8	26	1653	28.8	33	28.85	50	28.9	120	28.8	29.7	28.2	2	0	488053	
GEG	22.25	19.35	20.8	20.4	2830	20.45	1940	20.5	914	-0.25	-1.2	20.55	4969	46050	20.55	169	20.6	276	20.65	537	20.55	21	20.4	0	1721	2457848	
GEX	18.25	15.95	17.1	16.95	12079	17	13929	17.05	273	-0.05	-0.29	17.05	2704	131211	17.1	1275	17.15	2671	17.2	14031	17.05	17.3	17	1689	3665	16506669	
GIL	20.85	18.15	19.5	19.2	667	19.25	50	19.3	149	0	0	19.5	1000	13725	19.5	1521	19.55	100	19.6	89	19.5	19.7	19	626	0	1055105	
GMC	20.1	17.5	18.8	18.5	460	18.6	205	18.65	20	0.15	0.8	18.95	20	404	18.95	107	19	100	19.1	230	0	18.95	18.5	20	0	1034535	
GMD	20.5	17.9	19.2	19.5	1286	19.55	1335	19.6	310	0.5	2.6	19.7	4015	59572	19.7	451	19.75	785	19.8	5296	19.7	19.9	19.15	277	277	0	
GSP	11.05	9.63	10.35	9.64	50	9.7	55	10.15	10	0.15	1.45	10.5	11	12	10.35	1557	10.4	108	10.45	100	10.5	10.5	10.5	12	0	1313733	
GTA	11.65	10.15	10.9	10.25	20	10.3	2	10.35	6	0.05	0.46	10.95	7	7	10.95	28	11	21	11.1	10	0	10.95	10.95	0	0	506426	
GTN	18.35	15.95	17.15	17.1	7385	17.15	8031	17.2	2934	0.05	0.29	17.2	2130	61817	17.25	807	17.3	3180	17.35	2764	17.2	17.35	17.05	0	3550	24907180	
GVR	13.4	11.7	12.55	12.85	7228	12.9	4602	12.95	2127	0.45	3.59	13	7281	168278	13	16791	13.05	2742	13.1	3049	13	13	12.5	20819	2048	49566228	
HAG	5.13	4.47	4.8	4.73	63	4.74	200	4.75	1442	-0.05	-1.04	4.75	69302	784921	4.76	5	4.77	2000	4.78	50682	4.75	5	4.65	0	5984	38058470	
HAH	12.65	11.05	11.85	11.65	457	11.7	964	11.8	67	-0.05	-0.42	11.8	283	5349	11.85	411	11.9	5495	11.95	410	11.8	11.9	11.7	100	0	1368602	
HAI	3.29	2.87	3.08	3.09	1050	3.1	5690	3.11	304	0.04	1.3	3.12	9167	224205	3.12	523	3.15	5	3.16	250	3.12	3.26	3.02	8467	1450	8597835	
HAP	3.39	2.95	3.17	3.09	620	3.1	1295	3.11	755	-0.02	-0.63	3.15	1	4992	3.15	789	3.16	40	3.17	50	0	3.15	3.11	0	3618	2327388	
HAR	3.5	3.06	3.28	3.21	151	3.22	500	3.25	512	-0.03	-0.91	3.25	1270	41133	3.27	103	3.28	3112	3.29	649	3.25	3.29	3.16	110	0	4951029	
HAS	7.97	6.93	7.45	0	0	0	0	0	0	-0.52	-6.98	6.93	100	450	6.93	131	7.1	500	7.3	170	0	6.93	6.93	0	0	235559	
HAX	12.5	10.9	11.7	11.5	1500	11.55	179	11.6	34	-0.1	-0.85	11.6	3	14513	11.65	40	11.7	1945	11.75	178	11.6	11.75	11.3	0	0	1539601	
HBC	9.28	8.08	8.68	8.74	13272	8.75	4784	8.76	3303	0.08	0.92	8.76	5847	281512	8.77	9250	8.78	1400	8.79	2386	8.76	8.83	8.66	12475	767	6774618	
HCD	3.16	2.76	2.96	2.88	478	2.89	529	2.9	313	-0.05	-1.69	2.91	421	14485	2.91	826	2.95	3448	2.96	2009	2.91	2.96	2.9	0	0	1320269	
HCM	20.35	17.75	19.05	19.1	1561	19.15	1826	19.2	1420	0.2	1.05	19.25	3678	109817	19.25	1110	19.3	5067	19.35	3616	19.25	19.35	18.95	228	1065	14295868	
HDB	28.5	24.8	26.65	28.35	947	28.4	1804	28.45	31	1.85	6.94	28.5	9493	199973	28.5	20943	0	0	0	0	28.5	28.5	27	48746	15103	8657581	
HDC	16.95	14.75	15.85	15.7	2058	15.75	849	15.8	2261	0	0	15.85	4182	77181	15.85	2124	15.9	3115	15.95	438	15.85	15.9	15.65	0	2009	2490282	
HDG	30.25	26.35	28.3	28.4	115	28.5	16791	28.55	1262	0.3	1.06	28.6	1185	52903	28.6	1464	28.65	1221	28.7	2221	28.6	29.1	28.1	262	6347	3945496	
HHS	4.24	3.7	3.97	4.22	856	4.23	2751	4.24	96350	0.27	6.8	4.24	1171	512822	0	0	0	0	0	0	4.24	4.24	3.97	3105	6636	12584848	
HID	2.88	2.52	2.7	2.59	1132	2.6	1733	2.61	150	-0.08	-2.96	2.62	3062	57126	2.62	1441	2.63	2538	2.64	401	2.62	2.71	2.59	0	0	2825238	
HII	14.75	12.85	13.8	13.9	1139	14	764	14.1	120	0.35	2.54	14.15	1042	17301	14.15	154	14.2	567	14.25	250	14.15	14.4	13.8	120	32	1351067	
HMC	14.75	12.85	13.8	13.5	500	13.8	82	13.85	497	0.05	0.36	13.85	31	70	14	10	14.1	150	14.2	511	13.85	14.7	13.85	0	0	1003126	
HNG	16.05	13.95	15	15.1	1566	15.15	621	15.25	1000	0.3	2	15.3	1308	82248	15.3	1510	15.35	185	15.4	1255	15.3	15.35	14.6	3239	0	53985075	
HOT	42.8	37.2	40	38	32	38.1	10	40	5	0	0	40	55	165	41	50	0	0	0	0	40	40.5	38	0	0	391818	
HPG	28.9	25.2	27.05	26.8	23926	26.85	10750	26.9	9446	-0.1	-0.37	26.95	41998	1201812	26.95	1701	27	19547	27.05	40938	26.95	27.2	26.6	99366	144513	34899105	
HPX	29.4	25.6	27.5	27	39	27.1	3	27.2	50	0	0	27.5	10	33702	27.3	30	27.4	1	27.5	70	0	27.55	27.2	0	179	8084657	
HQC	1.34	1.18	1.26	1.32	14425	1.33	16408	1.34	1462647	0.08	6.35	1.34	510	3764847	0	0	0	0	0	0	1.34	1.34	1.29	0	16150	21560620	
HRC	40.65	35.35	38	0	0	36	2	38	174	0	0	38	26	26	39.9	27	40	49	40.65	20	38	38	38	0	26	1456712	
HSG	10.45	9.12	9.8	9.92	339	9.93	1000	9.94	5008	0.14	1.43	9.94	48594	1007664	9.97	1000	9.98	815	9.99	6491	9.94	9.99	9.62	59523	89342	15118674	
HSL	5.66	4.92	5.29	5.22	8	5.23	1	5.24	3	-0.02	-0.38	5.27	1	3798	5.27	88	5.28	192	5.29	230	5.27	5.33	5.2	1250	0	1358901	
HT1	15.55	13.55	14.55	14.8	2000	14.85	3900	14.9	903	0.35	2.41	14.9	1454	31712	14.95	929	15	3288	15.05	100	14.9	15	14.6	2710	1219	16247966	
HTI	13.35	11.65	12.5	12.1	100	12.3	100	12.35	404	-0.15	-1.2	12.35	1	1	12.6	370	12.9	50	13.1	50	12.35	12.35	12.35	0	0	791429	
HTL	13.9	12.1	13	0	0	12.2	5	13	9	0	0	13	2	23	13.75	52	13.8	5	13.85	2	13	13.05	13	2	0	30709	
HTN	20	17.4	18.7	18.95	8	19	390	19.05	320	0.6	3.21	19.3	151	8854	19.3	26	19.4	138	19.5	511	19.3	19.3	18.55	0	0	1428497	
HTT	0.73	0.65	0.69	0	0	0	0	0	0	0	0	0	0	0	0	0	0	0	0	0	0	0	0	0	0	956200	
HTV	14.4	12.6	13.5	12.65	32	12.75	30	13.1	1	0	0	0	0	0	13.3	3	13.4	5	13.45	10	0	0	0	0	0	455771	
HU1	6.2	5.4	5.8	5.45	4	5.5	445	5.51	10	0.38	6.55	6.18	1	101	6.18	99	6.2	328	0	0	6.18	6.18	5.5	0	0	453177	
HU3	7.91	6.89	7.4	7.2	10	7.3	500	7.35	500	0	0	0	0	0	7.9	13	0	0	0	0	0	0	0	0	0	433952	
HUB	18.05	15.75	16.9	16.8	100	16.9	530	17	476	0.6	3.55	17.5	2	46	17.5	4	17.9	10	17.95	1	17.5	17.5	17	0	0	747054	
HVG	5.77	5.03	5.4	0	0	0	0	0	0	0	0	0	0	0	0	0	0	0	0	0	0	0	0	0	0	9040458	
HVH	8.56	7.44	8	7.95	1340	7.96	468	7.97	5	0.04	0.5	8.04	600	31490	8.04	252	8.05	625	8.06	2159	8.04	8.1	7.9	50	221	962430	
HVN	29.35	25.55	27.45	27.25	3365	27.3	6144	27.35	397	-0.1	-0.36	27.35	5192	53416	27.4	2189	27.45	7691	27.5	2338	27.35	27.45	27.2	755	3265	29312940	
HVX	3.95	3.45	3.7	0	0	0	0	0	0	0	0	0	0	0	3.59	65	3.6	20	3.7	10	0	0	0	0	0	1924059	
IBC	24.35	21.25	22.8	22.25	169	22.3	137	22.35	160	-0.4	-1.75	22.4	3	12191	22.4	1063	22.5	791	22.9	368	22.4	22.8	22.25	0	133	2104374	
ICT	16.75	14.65	15.7	15.65	30	15.75	200	15.8	4	0.1	0.64	15.8	100	968	15.85	52	15.9	160	16	690	15.8	15.8	15.65	0	0	3215071	
IDI	4.66	4.06	4.36	4.32	2927	4.33	1811	4.34	497	0	0	4.36	5815	61001	4.36	1839	4.37	2013	4.38	840	4.36	4.39	4.29	1129	2947	10972919	
IJC	12.8	11.2	12	11.9	950	11.95	1410	12	213	0.05	0.42	12.05	91	12579	12.05	392	12.1	1546	12.15	200	12.05	12.1	11.9	0	314	6519554	
ILB	17.95	15.65	16.8	16.6	4	16.7	10	16.75	20	0	0	16.8	7	150	16.8	201	16.9	2	17	1860	16.8	16.8	16.8	0	0	0	
IMP	61.5	53.5	57.5	59.2	3	59.3	78	59.4	111	2.3	4	59.8	72	11567	59.7	91	59.8	130	59.9	636	59.8	59.9	57.5	300	1	0	
ITA	4.06	3.54	3.8	4.04	5020	4.05	11742	4.06	210388	0.26	6.84	4.06	1797	2180888	0	0	0	0	0	0	4.06	4.06	3.79	28102	2580	39452980	
ITC	13.85	12.05	12.95	0	0	12.1	300	12.2	26	-0.05	-0.39	12.9	1	5	12.8	50	12.85	50	12.9	391	0	12.9	12.2	0	0	3518730	
ITD	9.31	8.11	8.71	8.73	1	8.74	1	9.12	6	0.49	5.63	9.2	2	70	9.2	1119	9.25	550	9.3	177	0	9.3	8.64	0	0	682470	
JVC	3.26	2.84	3.05	2.88	2744	2.89	3771	2.9	15575	-0.15	-4.92	2.9	4861	224858	2.91	500	2.92	1100	2.93	2037	2.9	3.03	2.85	2426	0	871546	
KBC	15.1	13.2	14.15	14.1	17382	14.15	9503	14.2	513	0.1	0.71	14.25	3228	349583	14.25	18176	14.3	2238	14.35	676	14.25	14.45	13.95	3468	10300	12779356	
KDC	35.85	31.25	33.55	33.45	51	33.5	964	33.55	1130	0	0	33.55	4437	90302	33.6	1450	33.7	1042	33.75	550	33.55	34.2	33.2	25089	2061	20889329	
KDH	23.8	20.7	22.25	22.9	1393	22.95	3551	23	490	0.95	4.27	23.2	11973	135555	23.2	83	23.3	3310	23.4	2510	23.2	23.2	22	13083	35296	2757117	
KHP	8.67	7.55	8.11	8	50	8.02	10	8.03	2	0.18	2.22	8.29	1	4495	8.3	19	8.32	3	8.33	5	8.29	8.56	7.55	8	4293	1168033	
KMR	2.35	2.05	2.2	2.17	100	2.18	261	2.19	217	0	0	2.2	1029	9880	2.2	404	2.21	860	2.22	851	2.2	2.22	2.15	0	0	2119687	
KOS	32.3	28.1	30.2	29.4	2339	29.5	3026	29.6	1039	-0.6	-1.99	29.6	9280	44454	29.7	167	29.8	404	29.9	768	29.6	30.2	28.9	12	0	5043851	
KPF	19.05	16.65	17.85	0	0	0	0	0	0	-1.2	-6.72	16.65	14	465	16.65	534	17.85	22	18.1	5	0	16.65	16.65	0	0	882579	
KSB	26.5	23.1	24.8	26.4	4503	26.45	3348	26.5	8860	1.7	6.85	26.5	1	175655	0	0	0	0	0	0	26.5	26.5	24.8	20890	500	2040717	
L10	14.45	12.65	13.55	0	0	13.5	410	13.55	30	0	0	0	0	0	0	0	0	0	0	0	0	0	0	0	0	475275	
LAF	9.09	7.91	8.5	7.92	5	8.3	20	8.4	51	-0.1	-1.18	8.4	55	130	9.03	5	9.04	2	9.05	500	0	9.04	8.4	0	0	687617	
LBM	29.6	25.8	27.7	26.5	5	27	59	27.1	4	-0.6	-2.17	27.1	5	5	27.7	101	28.15	24	28.2	27	27.1	27.1	27.1	0	0	433816	
LCG	8.13	7.07	7.6	7.66	1000	7.68	100	7.7	500	0.12	1.58	7.72	6014	49348	7.72	1586	7.73	3150	7.74	150	7.72	7.75	7.54	361	4690	1881807	
LCM	0.7	0.62	0.66	0.62	120	0.63	4700	0.64	103	-0.02	-3.03	0.64	12	4113	0.65	4380	0.66	744	0.67	630	0.64	0.66	0.64	0	0	995529	
LDG	6.36	5.54	5.95	5.93	2950	5.94	1913	5.95	8796	0.01	0.17	5.96	14065	232358	5.96	2509	5.97	4333	5.98	2526	5.96	6	5.85	4158	2811	11465452	
LEC	17.1	14.9	16	0	0	15	100	16.9	5	0.9	5.62	16.9	15	16	17	125	0	0	0	0	16.9	17	16.9	0	0	1278863	
LGC	46.95	40.85	43.9	0	0	0	0	0	0	0	0	0	0	0	41	200	43.8	258	45	10	0	0	0	0	0	768386	
LGL	5.13	4.47	4.8	4.6	90	4.65	600	4.67	357	-0.13	-2.71	4.67	1705	11969	4.79	1068	4.8	280	4.85	307	4.67	4.8	4.67	1843	4235	2259352	
LHG	19.45	16.95	18.2	18.2	2200	18.25	1	18.3	20	0.2	1.1	18.4	180	43790	18.4	2860	18.45	3240	18.5	7151	18.4	18.4	18.15	0	1077	2107882	
LIX	57.9	50.5	54.2	54	77	54.1	127	54.2	7	0.1	0.18	54.3	1	3164	54.3	499	54.4	152	54.5	981	54.3	54.5	54	2009	70	1244465	
LM8	18.7	16.3	17.5	16.4	14	16.5	6	16.6	58	-0.9	-5.14	16.6	214	232	17.1	104	17.25	847	17.3	330	16.6	17.3	16.6	0	0	443472	
LMH	0.85	0.75	0.8	0	0	0	0	0	0	-0.05	-6.25	0.75	222	158968	0.75	75000	0.77	5045	0.78	100	0.75	0.75	0.75	15000	0	2547923	
LSS	5.1	4.44	4.77	4.75	43	4.77	100	4.79	230	0.02	0.42	4.79	710	2583	4.8	1451	4.85	200	4.87	200	4.79	4.79	4.74	0	0	3317341	
MBB	19.15	16.65	17.9	17.9	105815	17.95	70615	18	6512	0.15	0.84	18.05	11217	439697	18.05	12581	18.1	42901	18.15	21926	18.05	18.1	17.9	119463	119463	0	
MCG	1.8	1.58	1.69	1.59	280	1.6	4000	1.61	100	0	0	1.69	5	16	1.67	685	1.69	520	1.7	715	0	1.69	1.59	0	0	2546184	
MCP	14.4	12.6	14.3	0	0	12.6	101	12.65	5	-1.7	-11.89	12.6	2	2	0	0	0	0	0	0	0	12.6	12.6	0	0	735596	
MDG	11.75	10.25	11	10.25	7	10.3	35	10.6	1	0	0	11	300	2656	11	1	11.7	198	11.75	466	11	11	10.25	0	0	533562	
MHC	3.37	2.93	3.15	3.01	400	3.02	901	3.05	602	-0.1	-3.17	3.05	98	997	3.13	416	3.14	2100	3.15	1000	0	3.13	2.98	0	0	1947194	
MSH	38.65	33.65	36.15	36	690	36.05	102	36.1	6	-0.05	-0.14	36.1	20	6350	36.15	658	36.2	927	36.25	24	36.1	36.3	35.85	1091	0	2236388	
MSN	68.3	59.5	63.9	63.7	2095	63.8	3768	63.9	1485	0.1	0.16	64	4922	74970	64	3048	64.1	2018	64.2	1026	64	64.5	63.6	22559	20180	11259111	
MWG	91.2	79.4	85.3	85.2	2774	85.3	3044	85.4	1280	0.1	0.12	85.4	9870	86172	85.6	141	85.7	118	85.8	3786	85.4	85.8	85.2	0	0	0	
NAF	25.75	22.45	24.1	24.1	200	24.15	10	24.2	27	0.1	0.41	24.2	203	1401	24.25	212	24.3	214	24.4	199	24.2	24.3	24.1	0	0	4117225	
NAV	20.5	17.9	19.2	0	0	0	0	0	0	0	0	0	0	0	20.5	50	0	0	0	0	0	0	0	0	0	381738	
NBB	20.45	17.85	19.15	18.9	200	18.95	200	19	24	-0.15	-0.78	19	26	660	19.1	60	19.15	2367	19.2	5000	19	19.15	19	23	0	3105606	
NCT	66.2	57.6	61.9	61.1	100	61.2	103	61.3	56	-0.6	-0.97	61.3	18	566	61.4	1	61.5	31	61.6	34	61.3	61.9	61.3	0	0	1001437	
NHH	51.6	44.95	48.3	46.5	13	47	25	47.5	15	-0.4	-0.83	47.9	200	24346	47.95	150	48	91	48.4	56	0	48.4	47.75	0	3	1675883	
NKG	8.41	7.31	7.86	7.81	15330	7.82	12728	7.83	13389	-0.03	-0.38	7.83	19624	234303	7.84	1979	7.85	68	7.86	7650	7.83	7.87	7.72	13417	1249	14478833	
NLG	25.15	21.95	23.55	23.5	4090	23.55	4192	23.6	2584	0.05	0.21	23.6	6844	65280	23.65	5889	23.7	3910	23.75	2832	23.6	23.7	23.4	801	1746	399029	
NNC	49.75	43.25	46.5	45.3	100	45.5	4	46	303	-0.5	-1.08	46	3	274	46.5	1	46.7	1	46.8	26	46	46.5	46	0	0	685649	
NSC	67.8	59	63.4	61.5	5	62.5	20	63	126	-0.3	-0.47	63.1	5	237	63.1	30	63.2	137	63.3	50	0	63.4	63.1	25	0	681230	
NT2	22.65	19.75	21.2	21.1	2148	21.15	4981	21.2	315	0	0	21.2	232	12571	21.3	179	21.35	211	21.4	1225	21.2	21.4	21.1	2609	708	8955702	
NTL	19.3	16.8	18.05	17.9	481	17.95	180	18	1288	-0.05	-0.28	18	2714	42081	18.05	2002	18.1	1964	18.15	1020	18	18.2	17.9	0	1474	2831264	
NVL	57.9	50.5	54.2	54	3100	54.1	1736	54.2	1914	0.1	0.18	54.3	7447	68939	54.3	5140	54.4	3090	54.5	4785	54.3	54.5	53.2	5387	867	31411054	
NVT	5.54	4.82	5.18	4.85	10	4.94	100	4.98	100	0	0	5.18	1	17	5.18	240	5.19	305	5.2	1000	0	5.2	5.18	0	0	7325534	
OGC	3.85	3.35	3.6	3.5	11738	3.51	1373	3.58	278	-0.01	-0.28	3.59	14686	315401	3.59	1628	3.6	4057	3.62	1400	3.59	3.6	3.4	2572	1459	14609966	
OPC	60	52.2	56.1	54.9	50	55	95	55.1	2	-1.1	-1.96	55	20	20	56.8	1	56.9	2	57	12	0	55	55	0	0	1166801	
PAC	24.05	20.95	22.5	22.5	362	22.55	100	22.6	100	0.2	0.89	22.7	150	6674	22.7	214	22.8	90	22.85	300	22.7	22.8	22.5	80	845	1311465	
PAN	23.4	20.4	21.9	21.55	219	21.8	11	21.85	20	-0.1	-0.46	21.8	189	1923	22	249	22.2	283	22.3	20	0	22	21.5	0	500	1038327	
PC1	19.25	16.75	18	17.7	23	17.75	1025	17.8	3312	-0.2	-1.11	17.8	6940	53510	17.9	64	18	1172	18.1	1375	17.8	18.4	17.8	38	868	4788120	
PDN	70.6	61.4	66	62	6	62.1	2	63	12	1.6	2.42	67.6	1	1	67.6	9	67.9	53	68	331	0	67.6	67.6	0	0	902331	
PDR	27.8	24.2	26	25.65	1136	25.7	599	25.8	1050	0	0	26	796	42428	26	771	26.1	221	26.2	344	26	26.1	25.4	1308	11508	15026089	
PET	8.94	7.78	8.36	8.12	30	8.18	30	8.2	407	-0.16	-1.91	8.2	829	26941	8.25	100	8.26	524	8.27	475	8.2	8.39	8.2	971	7997	2796311	
PGC	17.2	15	16.1	17	1521	17.1	859	17.2	3221	1.1	6.83	17.2	5005	167258	0	0	0	0	0	0	17.2	17.2	16.3	210	6303	2506097	
PGD	31.55	27.45	29.5	29.1	1	29.3	20	29.4	60	0	0	29.5	1	773	29.5	200	29.6	10	29.7	12	0	29.5	29.4	0	545	180728	
PGI	16.6	14.5	15.55	15.45	2	15.5	100	15.55	49	0	0	15.55	1	1	16.3	140	16.35	2	16.4	40	15.55	15.55	15.55	0	0	2516253	
PHC	11.2	9.77	10.5	10.05	270	10.1	48	10.15	300	-0.3	-2.86	10.2	783	9017	10.2	181	10.25	140	10.3	60	10.2	10.5	10.1	0	0	1258456	
PHR	54.6	47.55	51.1	54.3	613	54.4	438	54.5	6767	3.4	6.65	54.5	16059	290068	54.6	24619	0	0	0	0	54.5	54.6	51.1	9586	20	5277389	
PIT	4.11	3.59	3.85	3.61	1	3.7	5	3.8	8	0.05	1.3	3.9	500	500	3.9	3	4.1	75	0	0	0	3.9	3.9	0	0	733742	
PJT	11.65	10.15	10.9	10.3	100	10.4	231	10.45	53	0.5	4.59	11.4	2	135	10.5	10	11.35	100	11.4	158	0	11.6	10.4	100	100	712616	
PLP	9.02	7.84	8.43	8.44	4	8.45	108	8.5	70	0.17	2.02	8.6	10	4196	8.6	64	8.65	385	8.7	580	0	8.6	8.4	0	0	977831	
PLX	49.6	43.2	46.4	46.6	296	46.65	157	46.7	16935	0.3	0.65	46.7	1961	50887	46.75	354	46.8	889	46.85	840	46.7	47	46.5	2019	1245	8675531	
PME	63.6	55.4	59.5	59	810	59.1	200	59.2	299	-0.3	-0.5	59.2	10	266	59.5	440	59.9	125	60	117	59.2	59.5	59.2	0	0	2843860	
PMG	13.1	11.4	12.25	12.1	59	12.15	2085	12.2	134	-0.05	-0.41	12.2	67	184	12.25	87	12.3	204	12.35	141	12.2	12.25	12.2	0	0	2018910	
PNC	10	8.71	9.36	8.72	22	9.7	8	9.8	4	0.54	5.77	9.9	2	3	9.9	133	10	24	0	0	9.9	9.9	9.4	0	0	532156	
PNJ	67.6	58.8	63.2	63.1	2121	63.2	4630	63.3	1028	0.2	0.32	63.4	2072	45485	63.4	5679	63.5	1883	63.6	1995	63.4	63.8	63.1	48800	48800	0	
POM	6.86	5.98	6.42	0	0	5.98	192	6	59	-0.42	-6.54	6	100	6009	6.1	200	6.2	675	6.25	4	6	6.4	5.98	0	0	11501847	
POW	11.2	9.77	10.5	10.45	16760	10.5	14725	10.55	5145	0.1	0.95	10.6	9166	185212	10.6	60034	10.65	23689	10.7	64902	10.6	10.6	10.5	63401	60425	87630494	
PPC	25.85	22.55	24.2	24.3	221	24.35	685	24.4	63	0.2	0.83	24.4	1234	8441	24.45	1018	24.5	672	24.55	603	24.4	24.55	24.2	716	1201	10628105	
PTB	49.9	43.4	46.65	46.55	447	46.6	371	46.65	20	0.05	0.11	46.7	178	9794	46.7	229	46.8	1236	46.9	70	46.7	47	46.5	300	40	1481029	
PTC	9.3	8.1	8.7	8.5	200	8.55	100	8.7	1	0	0	0	0	0	9	89	9.1	140	9.2	250	0	0	0	0	0	876766	
PTL	3.37	2.93	3.15	2.95	30	2.96	1	3.03	10	-0.02	-0.63	3.13	1	1011	3.13	995	3.14	1000	3.15	1000	3.13	3.13	2.93	0	5	4874916	
PVD	11.95	10.45	11.2	11.25	11271	11.3	27353	11.35	27275	0.2	1.79	11.4	30678	607890	11.4	10819	11.45	41432	11.5	81519	11.4	11.5	11.3	500	1291	15406870	
PVT	11.95	10.45	11.2	11.6	1858	11.65	7542	11.7	5676	0.5	4.46	11.7	13730	286099	11.75	6304	11.8	10031	11.85	826	11.7	11.7	11.2	83001	2023	6664635	
PXI	2.72	2.38	2.55	2.41	20	2.44	20	2.45	189	-0.1	-3.92	2.45	400	928	2.67	10	2.68	20	2.69	22	2.45	2.69	2.45	0	0	1457811	
PXS	4.6	4	4.3	4.35	243	4.36	200	4.4	1	0.11	2.56	4.41	100	11505	4.41	10	4.42	100	4.45	97	4.41	4.47	4.3	0	0	2291017	
PXT	1.31	1.15	1.23	1.29	1400	1.3	611	1.31	51582	0.08	6.5	1.31	20	6524	0	0	0	0	0	0	0	1.31	1.28	0	0	960326	
QBS	2.76	2.4	2.58	2.74	3128	2.75	5630	2.76	33201	0.18	6.98	2.76	25	49761	0	0	0	0	0	0	0	2.76	2.43	0	0	0	
QCG	8.13	7.07	7.6	7.65	706	7.68	100	7.7	133	0.1	1.32	7.7	2170	38104	7.73	780	7.74	1835	7.75	1060	7.7	7.78	7.56	1408	692	13319992	
RAL	85	74	79.5	78.5	3	78.8	138	78.9	121	-0.1	-0.13	79.4	8	987	79.5	113	79.6	120	80.5	40	79.4	79.6	78.9	812	0	544780	
RDP	10.6	9.26	9.95	9.31	5	9.32	5	9.4	13	0	0	9.95	3	324	9.95	294	10	89	10.1	89	9.95	9.95	9.3	0	0	1812091	
REE	33.85	29.45	31.65	31.55	2614	31.6	1723	31.65	2645	0.05	0.16	31.7	5368	51736	31.7	383	31.75	1537	31.8	3063	31.7	31.8	31.6	0	0	0	
RIC	4.52	3.94	4.23	3.94	5	3.96	5	4.12	3	0	0	0	0	0	4.2	10	4.21	6	4.22	12	0	0	0	0	0	473285	
ROS	3.42	2.98	3.2	3	480802	3.01	214188	3.02	300434	-0.18	-5.62	3.02	110867	2332041	3.03	1000	3.04	100	3.05	1600	3.02	3.23	3	9962	108949	26394647	
S4A	29.1	25.3	27.2	26.5	79	26.55	2	26.6	1	0.3	1.1	27.5	1	101	27.3	100	27.35	2	27.5	942	0	27.5	26.1	0	0	2066289	
SAB	195.8	170.2	183	179	9	179.9	2	180	13	-3	-1.64	180	383	5470	182.8	76	182.9	20	183	454	180	185	180	3001	2000	23493107	
SAM	9.92	8.64	9.28	9.21	331	9.25	1000	9.26	2358	-0.02	-0.22	9.26	1645	5038	9.27	15700	9.28	1100	9.29	40	9.26	9.26	9.02	0	841	12179420	
SAV	10.05	8.77	9.42	8.83	100	8.84	20	8.85	30	-0.12	-1.27	9.3	20	69	9.3	20	9.4	25	9.41	100	9.3	9.3	9.3	0	0	0	
SBA	15.4	13.4	14.4	13.9	62	14	560	14.1	100	-0.2	-1.39	14.2	500	2252	14.25	100	14.5	539	14.6	100	14.2	14.5	14	0	0	2961980	
SBT	15.95	13.95	14.95	14.85	3914	14.9	4041	14.95	7347	0	0	14.95	5090	218243	15	12032	15.05	6747	15.1	9280	14.95	15	14.8	3967	6962	55182516	
SBV	11.35	9.91	10.65	0	0	0	0	9.91	5	-0.74	-6.95	9.91	100	443	10.25	100	10.35	213	10.4	150	9.91	9.95	9.91	0	0	850673	
SC5	21.4	18.6	20	19	100	19.05	1	19.5	1	-0.05	-0.25	19.95	1	11	19.9	99	20.4	120	21	191	0	19.95	19.5	0	9	667533	
SCD	23.6	20.6	22.1	21.2	292	21.3	140	21.4	300	-0.1	-0.45	22	50	256	22	20	22.1	57	22.2	10	22	22.05	21.4	0	0	347282	
SCR	5.21	4.53	4.87	4.92	1350	4.93	1261	4.94	564	0.07	1.44	4.94	7013	163214	4.95	4511	4.97	940	4.99	5000	4.94	5.04	4.86	657	10	17421808	
SCS	128.4	111.6	120	119.7	20	119.8	15	119.9	2	0	0	120	279	2724	120	417	120.1	149	120.2	82	120	120.1	119.6	2077	53	1388670	
SFC	23.2	20.2	21.7	0	0	20.5	24	21.2	5	0	0	0	0	0	21.7	200	22.5	8	0	0	0	0	0	0	0	544500	
SFG	6.37	5.55	5.96	5.6	40	5.7	50	5.75	63	-0.09	-1.51	5.87	94	351	5.87	406	5.88	250	5.89	8	0	5.96	5.75	0	0	2256084	
SFI	20.85	18.15	19.5	18.75	5	18.8	1	18.85	3	-0.65	-3.33	18.85	2	2	19.45	25	19.5	47	20	10	18.85	18.85	18.85	0	0	585494	
SGN	75.6	65.8	70.7	70	25	70.6	353	70.7	273	0.1	0.14	70.8	1	390	70.8	37	70.9	160	71	412	70.8	71	70.7	106	200	928493	
SGR	16.55	14.45	15.5	0	0	14.5	55	15.1	4	0.4	2.58	15.9	1	1	15.9	9	16.5	30	16.55	1	15.9	15.9	15.9	0	0	2231257	
SGT	4.81	4.19	4.5	4.22	250	4.25	398	4.26	23	-0.25	-5.56	4.25	27	280	4.5	1198	4.6	1	4.65	1	4.25	4.5	4.25	0	27	2599831	
SHA	4.33	3.77	4.05	3.8	81	3.9	10	4	418	-0.05	-1.23	4	657	720	4.06	10	4.1	822	4.14	101	4	4.1	4	82	0	1456550	
SHI	9.46	8.24	8.85	8.7	359	8.73	2	8.8	8	0	0	8.85	1200	35315	8.85	1107	8.88	95	8.9	83	8.85	8.85	8.7	465	80	4197597	
SHP	26.2	22.8	24.5	24	307	24.5	103	24.7	299	0.15	0.61	24.65	11	158	24.9	305	25	402	26	4	0	24.65	24.5	0	0	4123802	
SII	18.15	15.85	17	0	0	0	0	0	0	0	0	0	0	0	16.8	50	16.9	62	17	100	0	0	0	0	0	2752	
SJD	18.7	16.3	17.5	17.1	786	17.15	532	17.2	35	-0.3	-1.71	17.2	185	4015	17.25	86	17.3	12	17.5	2075	17.2	17.3	17.2	0	0	1569365	
SJF	2.14	1.86	2	2.07	1300	2.08	3537	2.09	517	0.1	5	2.1	573	170561	2.1	5911	2.11	7512	2.12	5039	2.1	2.14	1.93	0	0	3858613	
SJS	27.35	23.85	25.6	24.3	700	24.4	110	24.5	1603	-1	-3.91	24.6	4651	43098	24.6	1118	24.85	85	24.9	1100	24.6	25.5	23.9	482	566	5378129	
SKG	10.9	9.49	10.2	10.05	193	10.1	2771	10.15	3395	0	0	10.2	165	11325	10.2	224	10.25	1542	10.3	106	10.2	10.3	10.15	0	0	240044	
SMA	14.35	12.55	13.45	12.6	180	12.65	2	13	798	-0.45	-3.35	13	2	1308	14.35	345	0	0	0	0	0	13.1	12.55	0	600	928355	
SMB	34	29.6	31.8	31	670	31.4	32	31.6	13	0	0	31.8	13	2403	31.8	54	31.9	43	32	558	31.8	32	31.4	2101	2324	1066941	
SMC	11.85	10.35	11.1	10.7	100	10.75	158	10.8	5	-0.1	-0.9	11	10	361	10.95	35	11	760	11.1	576	0	11	10.55	0	0	969907	
SPM	11.3	9.86	10.6	0	0	9.86	39	9.9	19	0	0	10.6	18	55	10.6	79	10.9	53	11	92	0	10.6	9.9	0	0	642995	
SRC	17.4	15.2	16.3	15.9	12	16	280	16.05	1098	0.05	0.31	16.35	68	559	16.35	32	16.4	281	16.5	56	16.35	16.35	16	0	0	1372379	
SRF	14.2	12.4	13.3	12.8	7	12.85	22	12.9	1	0.05	0.38	13.35	1	215	13.35	1139	13.4	779	13.45	44	0	13.4	13.3	180	0	70821	
SSC	60.8	53	56.9	0	0	53.5	1	53.6	1	-1	-1.76	55.9	1	1	55.9	1	56	11	56.5	9	55.9	55.9	55.9	0	0	718873	
SSI	16.1	14	15.05	15.05	15202	15.1	7868	15.15	1260	0.15	1	15.2	38212	325140	15.2	11324	15.25	8180	15.3	35034	15.2	15.2	15	14652	24088	29861279	
ST8	12.8	11.2	12	0	0	11.2	50	11.5	24	0	0	0	0	0	12	206	12.2	500	12.3	20	0	0	0	0	0	0	
STB	11.2	9.77	10.5	10.5	118011	10.55	73747	10.6	11259	0.15	1.43	10.65	133652	871466	10.65	17899	10.7	90461	10.75	72759	10.65	10.7	10.5	13170	6203	27411447	
STG	15.85	13.85	14.85	14	2	14.8	504	14.85	100	0.15	1.01	15	1	116	15	437	15.2	10	15.5	241	15	15	14.8	12	0	4806153	
STK	18.8	16.4	17.6	17.55	1	17.6	841	17.65	91	0.1	0.57	17.7	1090	9691	17.7	37	17.75	10	17.8	601	17.7	18	17.65	1906	0	3061105	
SVC	74.9	65.1	70	0	0	0	0	65.1	752	-4.9	-7	65.1	50	180	70	6	70.5	8	71	96	65.1	70.3	65.1	1	0	1146548	
SVI	85.6	74.4	80	0	0	74.4	1	75	19	-0.1	-0.12	79.9	1	951	79.9	4	80	1120	84	100	79.9	79.9	75	0	0	623492	
SVT	14.3	12.5	13.4	13.8	80	14	72	14.3	100	0.9	6.72	14.3	18	518	0	0	0	0	0	0	0	14.3	14	0	0	515365	
SZC	22.45	19.55	21	21.85	72	21.9	1180	21.95	1644	1	4.76	22	5298	169248	22	1621	22.1	427	22.15	3	22	22.25	20.9	2296	1701	4874476	
SZL	43.95	38.25	41.1	40.8	101	40.9	133	41	325	-0.1	-0.24	41	711	9289	41.3	577	41.35	150	41.4	19	41	41.5	40.9	1120	18	815276	
TAC	39.45	34.35	36.9	36.1	106	36.15	58	36.2	54	-0.7	-1.9	36.2	127	810	36.5	31	36.6	92	36.7	390	36.2	36.8	36.1	129	29	1617362	
TBC	25.65	22.35	24	23.5	16	23.6	80	24	60	0	0	24	50	50	24.5	160	25	40	25.5	10	0	24	24	0	0	3079105	
TCB	22.6	19.7	21.15	21.2	4129	21.25	12068	21.3	1556	0.2	0.95	21.35	16626	206436	21.35	4559	21.4	11051	21.45	13398	21.35	21.45	21.15	7399	7399	0	
TCD	9.59	8.35	8.97	8.9	1193	8.91	1000	9	347	0.03	0.33	9	653	1831	9.02	25	9.2	100	9.5	20	9	9	8.5	0	0	1444541	
TCH	23.2	20.2	21.7	21.55	104	21.6	601	21.65	43	0	0	21.7	898	122513	21.7	1712	21.75	2584	21.8	1040	21.7	21.9	21.35	6094	487	16173210	
TCL	27.25	23.75	25.5	25.65	101	25.7	103	25.8	210	0.35	1.37	25.85	203	7486	25.85	166	25.9	730	25.95	300	25.85	26	25.5	220	10	1059974	
TCM	20	17.4	18.7	18.7	4628	18.75	889	18.8	225	0.2	1.07	18.9	8492	58240	18.9	1737	18.95	1006	19	4121	18.9	18.9	18.65	1007	0	0	
TCO	10.7	9.3	10	0	0	0	0	9.3	1	-0.02	-0.2	9.98	1	1	9.98	8	10.7	4	0	0	0	9.98	9.98	0	0	873491	
TCR	2.8	2.44	2.62	0	0	2.44	5	2.5	5	0.18	6.87	2.8	6	117	0	0	0	0	0	0	0	2.8	2.8	0	0	0	
TCT	35.2	30.6	32.9	32.5	105	32.6	10	32.7	5	-0.1	-0.3	32.8	1	209	32.8	461	32.9	418	33	761	0	32.9	32.5	200	207	373960	
TDC	8.6	7.48	8.04	8.02	1705	8.03	1300	8.04	240	0.01	0.12	8.05	61	5800	8.05	410	8.06	700	8.07	574	8.05	8.05	8.02	0	0	4668697	
TDG	1.84	1.6	1.72	1.68	9370	1.69	1460	1.7	2556	-0.02	-1.16	1.7	1884	29731	1.72	1627	1.73	1000	1.74	2330	1.7	1.76	1.69	0	0	781711	
TDH	9.52	8.28	8.9	8.9	10910	8.91	1000	8.92	699	0.02	0.22	8.92	4902	45756	8.95	300	9	2405	9.02	2268	8.92	9	8.81	1200	3989	1725738	
TDM	22.95	19.95	21.45	21.4	1501	21.45	487	21.5	1213	0.1	0.47	21.55	651	9288	21.55	451	21.6	1449	21.65	1000	21.55	21.6	21.45	122	478	3689073	
TDW	26.95	23.45	25.2	24.3	5	24.4	5	24.5	20	0	0	0	0	0	25.95	1	26	14	26.1	17	0	0	0	0	0	394367	
TEG	5.69	4.95	5.32	5.26	1	5.3	50	5.31	20	0.13	2.44	5.45	10	21891	5.45	6	5.47	50	5.48	50	5.45	5.5	4.95	50	0	1574437	
TGG	1.1	0.96	1.03	0.99	20605	1	3300	1.01	1979	0.02	1.94	1.05	3135	64204	1.05	6990	1.06	517	1.07	1828	1.05	1.05	0.96	50	50	1251434	
THG	52	45.2	48.6	49	5	49.5	4	49.7	2	1.2	2.47	49.8	54	542	49.8	4	49.85	1	49.9	1	49.8	49.8	48.7	0	0	640235	
THI	29.45	25.65	27.55	26.1	100	26.2	200	26.6	49	-0.95	-3.45	26.6	1	1	28.6	102	29.45	100	0	0	26.6	26.6	26.6	0	0	2388065	
TIP	23.4	20.4	21.9	22.15	180	22.2	323	22.3	70	0.4	1.83	22.3	1350	28738	22.4	1016	22.45	200	22.5	245	22.3	23	21.85	2270	4	1010934	
TIX	33.55	29.25	31.4	0	0	0	0	0	0	0	0	0	0	0	31.4	21	32	5	33.5	2	0	0	0	0	0	1467467	
TLD	6.42	5.58	6	5.91	44	5.95	114	6	253	0.01	0.17	6.01	1	8678	6.01	299	6.05	2000	6.1	660	6.01	6.01	5.91	0	0	891197	
TLG	33.1	28.8	30.95	31.2	276	31.25	62	31.3	113	0.45	1.45	31.4	344	9346	31.4	674	31.45	79	31.5	618	31.4	31.4	30.95	1001	100	5918811	
TLH	3.69	3.21	3.45	3.36	4213	3.37	800	3.4	1592	-0.05	-1.45	3.4	100	7126	3.45	319	3.47	499	3.48	474	3.4	3.45	3.36	0	0	4905766	
TMP	37.55	32.65	35.1	34.6	188	35	40	35.1	380	0	0	35.1	50	50	35.25	50	35.3	50	36	9	0	35.1	35.1	50	0	3406410	
TMS	27.35	23.85	25.6	25.15	160	25.2	20	25.4	1	0.35	1.37	25.95	2	116	25.85	6	25.95	98	26	245	25.95	25.95	25.5	0	110	0	
TMT	6.51	5.67	6.09	0	0	5.7	76	6.09	143	0	0	6.09	2	146	6.3	50	6.36	11	6.4	520	0	6.09	6.09	0	0	1734219	
TN1	69.4	60.4	64.9	65.1	180	65.3	152	65.5	30	1.1	1.69	66	10	303	66	4	66.6	12	67	20	66	66	64.9	11	0	649230	
TNA	19.9	17.3	18.6	18.6	1430	18.7	1172	18.8	550	0.3	1.61	18.9	150	40004	18.9	889	18.95	514	19	1187	18.9	18.9	18	0	390	1480176	
TNC	19.65	17.15	18.4	17.2	102	18	22	18.1	302	-0.3	-1.63	18.1	50	274	19.5	344	0	0	0	0	0	19.5	18	1	0	898642	
TNI	11.3	9.86	10.6	0	0	0	0	0	0	-0.74	-6.98	9.86	73	693847	9.86	2555	10.1	1800	10.15	2000	9.86	10.5	9.86	0	0	2515971	
TNT	1.84	1.6	1.72	0	0	1.6	3872	1.61	206	-0.06	-3.49	1.66	2203	32693	1.66	46	1.67	1	1.68	427	1.66	1.69	1.6	0	8300	1234141	
TPB	22.45	19.55	21	21.6	701	21.7	830	21.8	255	0.95	4.52	21.95	1506	54659	21.95	669	22	3536	22.05	1495	21.95	22.1	21	0	0	0	
TPC	8.77	7.63	8.2	7.9	100	7.91	10	8	20	-0.01	-0.12	8.19	2	104	8.2	68	8.3	85	8.5	25	0	8.19	8	0	0	1156357	
TRA	62.5	54.5	58.5	57.1	11	58	158	58.1	5	-0.5	-0.85	58	1	9	58.6	50	58.9	50	59	91	0	59.4	58	0	0	207969	
TRC	30.15	26.25	28.2	28.2	200	28.3	190	28.4	27	0.2	0.71	28.4	24	1825	29.2	1	29.4	35	29.5	82	28.4	29.9	28	0	24	1220772	
TS4	3.31	2.89	3.1	3.04	10	3.05	600	3.06	500	0	0	3.1	28	999	3.15	774	3.18	206	3.2	100	0	3.19	3.1	0	0	762159	
TSC	2.69	2.35	2.52	2.42	2236	2.43	108	2.47	852	-0.05	-1.98	2.47	3450	105237	2.48	2552	2.49	100	2.5	1931	2.47	2.49	2.38	0	0	7176719	
TTB	5.94	5.18	5.56	5.44	2556	5.45	3057	5.46	321	-0.09	-1.62	5.47	5814	169819	5.47	4815	5.48	1109	5.49	821	5.47	5.8	5.3	0	750	2285386	
TTE	14.85	12.95	13.9	0	0	0	0	0	0	0	0	0	0	0	13.9	5	0	0	0	0	0	0	0	0	0	1452958	
TTF	3.25	2.83	3.04	2.98	244	2.99	3000	3	8399	-0.02	-0.66	3.02	7776	490640	3.02	5659	3.03	9603	3.04	11744	3.02	3.07	2.86	2610	0	15184899	
TV2	81.4	70.8	76.1	77.5	100	77.7	36	78	44	1.9	2.5	78	100	2049	78.5	20	78.7	100	78.8	60	78	78.2	76.5	92	0	17794	
TVB	10.8	9.4	10.1	9.71	100	9.76	183	9.8	755	-0.3	-2.97	9.8	3628	112353	9.82	10	9.84	100	9.85	619	9.8	10.05	9.6	25	1554	2334601	
TVS	11.65	10.15	10.9	10.5	625	10.55	570	10.6	80	-0.3	-2.75	10.6	120	1834	10.9	277	10.95	585	11	365	10.6	10.9	10.55	400	0	2174753	
TVT	21.8	19	20.4	20.4	39	20.45	4	20.5	1	0.1	0.49	20.5	10	124	20.6	99	20.75	10	20.8	295	20.5	20.5	20.4	0	0	1026441	
TYA	13.65	11.95	12.8	12.5	300	12.7	5300	12.75	3130	0	0	12.8	546	4069	12.8	81	12.85	50	12.9	75	12.8	12.95	12.75	500	532	401386	
UDC	3.11	2.71	2.91	3.08	100	3.1	41	3.11	1486	0.2	6.87	3.11	5	1283	0	0	0	0	0	0	3.11	3.11	3	0	0	1713749	
UIC	39.9	34.7	37.3	37	573	37.1	239	37.2	37	0.05	0.13	37.35	33	3314	37.35	96	37.4	70	37.45	60	37.35	37.45	36.8	2249	0	226816	
VAF	7.81	6.79	7.3	0	0	0	0	6.79	10	-0.51	-6.99	6.79	1	1	0	0	0	0	0	0	6.79	6.79	6.79	0	0	1845588	
VCB	92.6	80.6	86.6	87.6	160	87.7	80	87.8	1429	1.3	1.5	87.9	3739	46275	87.9	944	88	3558	88.1	2	87.9	87.9	86.9	26773	9297	23053838	
VCF	234.3	203.7	219	212	2	214	2	215	8	-4	-1.83	215	1	2	223.9	1	224	18	224.8	1	0	215	215	0	0	1287817	
VCI	25.45	22.15	23.8	23.4	2886	23.45	10	23.6	403	-0.15	-0.63	23.65	2530	38758	23.65	7576	23.8	361	23.85	2842	23.65	24.15	23.4	149	11931	11703766	
VDP	38.65	33.65	36.15	34.15	1	34.2	198	34.25	12	-0.15	-0.41	36	2	6	36	4	36.1	88	38.6	196	36	36.4	34.2	0	0	622113	
VDS	6.58	5.72	6.15	5.92	1000	5.93	5	5.95	300	-0.15	-2.44	6	139	142	6	762	6.14	176	6.15	21	6	6.15	6	0	0	4865369	
VFG	40.9	35.6	38.25	38.1	2	38.25	2	38.5	39	0.95	2.48	39.2	1	3	39.2	8	39.25	5	39.3	8	0	39.2	38.25	0	1	1484409	
VGC	20.2	17.6	18.9	18.55	967	18.6	2161	18.65	522	-0.25	-1.32	18.65	2000	18654	18.95	636	19	8717	19.05	2466	18.65	19.05	18.5	2498	0	17560278	
VHC	36.25	31.55	33.9	34.25	73	34.3	315	34.35	260	0.5	1.47	34.4	2534	46722	34.4	918	34.5	1008	34.55	362	34.4	34.9	33.8	2259	11642	12382523	
VHM	83.2	72.4	77.8	77.6	2288	77.7	1717	77.8	1601	0.1	0.13	77.9	27961	265547	77.9	505	78	8469	78.1	1688	77.9	78.3	77.4	171287	74517	117730342	
VIC	103.4	90	96.7	96.5	16	96.7	15	96.8	818	0.1	0.1	96.8	9606	46643	96.9	33	97	550	97.1	70	96.8	96.8	95.5	24065	43653	76751495	
VID	6.27	5.45	5.86	6.25	100	6.26	4000	6.27	5912	0.41	7	6.27	32	2605	0	0	0	0	0	0	0	6.27	6.27	0	0	1354422	
VIP	5.31	4.63	4.97	4.99	531	5	120	5.01	975	0.04	0.8	5.01	55	11663	5.08	2501	5.09	1630	5.1	6224	5.01	5.08	4.97	7848	10954	2923013	
VIS	21.4	18.6	20	0	0	0	0	18.6	9	0	0	20	1	101	20	134	21	134	21.4	300	0	20	18.6	0	0	1910919	
VJC	122.7	106.7	114.7	113.5	921	113.6	386	113.7	517	-0.9	-0.78	113.8	681	31136	113.8	25	113.9	351	114	1423	113.8	114.7	113.7	2167	12898	6258627	
VMD	21.95	19.15	20.55	19.55	32	20	10	20.1	7	0	0	0	0	0	20.9	2	21	3	21.1	12	0	0	0	0	0	729219	
VND	13.8	12	12.9	12.8	2603	12.85	2002	12.9	744	0.05	0.39	12.95	5254	29956	12.95	777	13	4314	13.05	1050	12.95	13	12.8	606	4563	2886141	
VNE	5.6	4.88	5.24	0	0	0	0	0	0	-0.36	-6.87	4.88	90	39157	4.88	57999	4.95	10	5	1566	4.88	5	4.88	1000	0	3927916	
VNG	14.6	12.7	13.65	13.5	419	13.55	238	13.6	193	0	0	13.65	332	18840	13.65	808	13.7	1286	13.75	832	13.65	13.75	13.25	32	0	4757127	
VNL	14.65	12.75	13.7	13.5	45	13.7	51	13.8	50	0	0	13.7	5	5	14.65	20	0	0	0	0	0	13.7	13.7	0	0	357640	
VNM	124.1	107.9	116	116.4	8	116.5	1306	116.6	589	0.6	0.52	116.6	5485	132208	117	124	117.2	30	117.5	50	116.6	118.1	115.6	94759	61011	71640718	
VNS	11	9.58	10.3	10.1	2	10.2	12	10.3	128	0.2	1.94	10.5	1	6545	10.55	13	10.6	1	10.65	3	10.5	10.5	10.2	0	0	1947013	
VOS	1.59	1.39	1.49	1.46	1075	1.47	1016	1.48	10065	0	0	1.49	70	18291	1.49	1670	1.5	5761	1.51	350	1.49	1.5	1.46	0	0	6601356	
VPB	25.75	22.45	24.1	24.15	1930	24.2	18020	24.25	1151	0.2	0.83	24.3	25298	392210	24.3	2426	24.35	6594	24.4	12993	24.3	24.4	23.95	0	401	0	
VPD	15.8	13.8	14.8	14	91	14.1	40	14.7	787	-0.1	-0.68	14.7	13	1468	14.8	1265	14.9	94	15	376	0	14.8	14.7	0	0	5218547	
VPG	18.95	16.55	17.75	0	0	0	0	0	0	-1.2	-6.76	16.55	105	500	18.6	50	18.7	60	18.8	50	16.55	18.9	16.55	0	7	1294661	
VPH	4.7	4.1	4.4	4.31	800	4.36	521	4.37	681	-0.03	-0.68	4.37	2000	9527	4.4	55	4.41	200	4.42	540	4.37	4.43	4.36	0	0	3417796	
VPI	43.85	38.15	41	41.3	195	41.35	112	41.4	134	0.4	0.98	41.4	7	29291	41.5	8058	41.55	665	41.6	820	41.4	42.2	41	0	1175	7212244	
VPS	10.2	8.89	9.55	9.5	202	9.51	50	9.6	164	0.05	0.52	9.6	10	295	10.1	15	10.2	2	0	0	0	9.6	9.6	0	0	1181843	
VRC	7.63	6.65	7.14	7.61	1001	7.62	651	7.63	3046	0.49	6.86	7.63	4100	63866	0	0	0	0	0	0	7.63	7.63	7.2	110	0	2389947	
VRE	29.5	25.7	27.6	27.95	857	28	4657	28.05	3610	0.5	1.81	28.1	24826	334233	28.15	4730	28.2	5317	28.25	234	28.1	28.1	27.1	36219	13509	42388805	
VSC	30.15	26.25	28.2	28.1	100	28.15	35	28.2	15	0.05	0.18	28.25	52	7867	28.25	22	28.3	392	28.4	369	28.25	28.6	28	500	282	857114	
VSH	18.8	16.4	17.6	17.5	350	17.55	310	17.6	2343	0	0	17.6	726	1686	17.9	400	18	500	18.1	76	17.6	17.6	17.5	0	726	7532954	
VSI	25.65	22.35	24	23.8	10	23.9	10	23.95	1	-0.05	-0.21	23.95	53	486	24	599	24.5	60	25	2403	23.95	25	23.5	0	0	639871	
VTB	11.2	9.77	10.5	10.05	60	10.1	1221	10.2	78	-0.3	-2.86	10.2	4	1051	10.5	527	10.8	373	11	123	10.2	10.25	10	2	0	496819	
VTO	8.2	7.14	7.67	7.6	70	7.61	500	7.7	22	0.03	0.39	7.7	350	2874	7.71	3	7.77	305	7.8	131	7.7	7.7	7.55	0	1611	3717887	
YBM	5.72	4.98	5.35	0	0	0	0	4.98	337	-0.35	-6.54	5	3	6449	5	117	5.11	127	5.25	10	0	5.35	4.98	1	0	688729	
YEG	61.9	53.9	57.9	57.1	120	57.2	5	57.5	131	-0.3	-0.52	57.6	111	2129	57.6	49	58	703	58.1	58	57.6	58.3	57.5	109	190	2166865	
