HNX
118.08
0.66	0.56
69808394	764.26	
AAV	6.3	5.3	5.8	5.6	3280	5.7	3530	5.8	720	0.1	1.72	5.9	20	46680	5.9	3870	6	5850	6.1	2190	5.9	5.6	5.72	0	0	0	
ACB	27.8	22.8	25.3	25	74570	25.1	23660	25.2	27300	-0.1	-0.4	25.2	50	402290	25.3	25820	25.4	59120	25.5	29230	25.4	24.9	25.11	0	1	0	
ACM	0.7	0.5	0.6	0	0	0	0	0.5	167830	-0.1	-16.67	0.5	3820	29630	0.6	155790	0.7	76150	0	0	0.6	0.5	0.51	0	0	2471768	
ADC	15.5	12.7	14.1	13.4	130	13.5	40	13.6	30	0	0	0	0	0	14.2	30	14.6	10	14.7	250	0	0	14.1	0	0	104819	
ALT	14.1	11.7	12.9	0	0	0	0	0	0	0	0	0	0	0	13	200	13.9	300	0	0	0	0	12.9	0	0	282665	
AMC	21.1	17.3	19.2	17.8	150	18	90	18.3	80	-0.2	-1.04	19	10	150	19	350	19.2	380	21.1	100	19	19	19	0	0	128530	
AME	8.1	6.7	7.4	0	0	6.7	50	6.9	100	0	0	0	0	0	7.9	50	0	0	0	0	0	0	7.4	0	0	1092630	
AMV	19.2	15.8	17.5	18.7	3180	18.8	5210	18.9	1270	1.5	8.57	19	10	119560	19	3350	19.1	1990	19.2	16430	19	17.4	18.31	1000	1010	1770137	
API	10.8	9	9.9	9.5	10	9.6	60	10.6	10	0.8	8.08	10.7	10	30	10.8	35460	0	0	0	0	10.7	9.6	10.3	10	0	177077	
APP	4.4	3.6	4	3.6	180	3.7	100	3.8	130	0	0	4	10	40	4	580	4.3	80	4.4	30	4	4	4	0	40	226431	
APS	2.5	2.1	2.3	2.1	3510	2.2	900	2.3	130	0.1	4.35	2.4	80	5710	2.4	820	2.5	3360	0	0	2.4	2.1	2.22	0	0	2750605	
ARM	30.3	24.9	27.6	0	0	0	0	25	20	0	0	0	0	0	0	0	0	0	0	0	0	0	27.6	0	0	126933	
ART	3	2.6	2.8	2.6	42980	2.7	75520	2.8	52540	0.1	3.57	2.9	90	163460	2.9	86770	3	172700	0	0	2.9	2.8	2.86	80	80	4206828	
ATS	29.3	24.1	26.7	0	0	0	0	0	0	0	0	0	0	0	0	0	0	0	0	0	0	0	26.7	0	0	171480	
BAX	48.1	39.5	43.8	42.8	380	42.9	330	43	100	0	0	43.8	10	270	43.8	10	44	100	44.2	10	43.8	42.9	43.02	30	0	387460	
BBS	12.6	10.4	11.5	0	0	0	0	0	0	0	0	0	0	0	0	0	0	0	0	0	0	0	11.5	0	0	291494	
BCC	8.4	7	7.7	7.3	5130	7.4	6030	7.5	5250	-0.1	-1.3	7.6	230	17960	7.6	130	7.7	6550	7.8	2670	7.8	7.5	7.61	0	0	4911006	
BCF	58.3	47.7	53	0	0	0	0	0	0	0	0	0	0	0	52.8	70	53	250	0	0	0	0	53	0	0	0	
BDB	11.8	9.8	10.8	0	0	0	0	0	0	0	0	0	0	0	11	100	0	0	0	0	0	0	10.8	0	0	55197	
BED	36.3	29.7	33	30	10	32	100	33	90	0	0	33	10	10	0	0	0	0	0	0	33	33	33	0	0	147000	
BII	0.8	0.6	0.7	0	0	0.6	60260	0.7	20340	0	0	0.7	290	1850	0.8	65650	0	0	0	0	0.8	0.7	0.75	0	0	2470175	
BKC	6.1	5.1	5.6	5.5	50	5.6	20	5.7	50	0	0	0	0	0	0	0	0	0	0	0	0	0	5.6	0	0	573668	
BLF	3.3	2.7	3	0	0	2.7	910	3	10	0.2	6.67	3.2	10	2230	3.2	830	3.3	980	0	0	3.2	2.7	3.12	0	0	536148	
BPC	12.9	10.7	11.8	0	0	0	0	0	0	0	0	0	0	0	12	20	0	0	0	0	0	0	11.8	0	0	178873	
BSC	16.7	13.7	15.2	0	0	0	0	0	0	0	0	0	0	0	0	0	0	0	0	0	0	0	15.2	0	0	139186	
BST	15.9	13.1	14.5	0	0	0	0	13.1	10	0	0	14.5	100	100	15.3	110	15.5	120	15.9	80	14.5	14.5	14.5	0	0	53740	
BTS	4.4	3.6	4	3.8	80	3.9	10	4	40	0	0	4	400	460	4.3	20	4.4	30	0	0	4	4	4	0	0	5863673	
BTW	35.6	29.2	32.4	30.1	410	30.2	10	30.3	10	-2.3	-7.1	30.1	50	600	32.4	100	35.6	10	0	0	30.1	30.1	30.1	500	0	264611	
BVS	11.4	9.4	10.4	10.6	780	10.7	1120	10.8	490	0.6	5.77	11	530	16760	11	1790	11.1	50	11.2	70	11	10.2	10.55	1800	1000	1674807	
BXH	15.9	13.1	14.5	0	0	0	0	0	0	0	0	0	0	0	0	0	0	0	0	0	0	0	14.5	0	0	147589	
C69	6.1	5.1	5.6	5.4	980	5.5	410	5.6	310	0	0	5.6	750	8900	5.7	1330	5.8	3700	5.9	2620	5.7	5.6	5.6	0	0	734960	
C92	4.6	3.8	4.2	0	0	0	0	3.8	390	-0.1	-2.38	4.1	10	1270	4.1	10	4.2	500	4.5	500	4.1	3.9	3.97	0	0	258285	
CAG	94.4	77.4	85.9	0	0	0	0	0	0	0	0	0	0	0	0	10	77.4	50	85.9	30	0	0	85.9	0	0	676200	
CAN	26.5	21.7	24.1	0	0	21.8	30	22	10	1.9	7.88	26	10	60	26.1	10	26.5	120	0	0	26	24.2	24.5	0	0	123068	
CAP	31.6	26	28.8	28.4	10	28.5	50	28.6	230	0.1	0.35	28.9	10	300	28.9	160	29	340	29.4	610	29	28.6	28.71	0	0	248198	
CDN	22	18	20	19	200	19.2	50	19.3	10	-0.5	-2.5	19.5	10	90	19.5	340	19.7	160	19.8	280	19.7	19.3	19.48	0	0	2739135	
CEO	8.4	7	7.7	7.6	23420	7.7	11820	7.8	44280	0.2	2.6	7.9	300	206770	7.9	39720	8	40640	8.1	7040	7.9	7.6	7.76	0	0	8562212	
CET	1.9	1.7	1.8	0	0	1.7	2270	1.8	980	0	0	1.8	10	4210	0	0	0	0	0	0	1.9	1.8	1.9	0	0	296070	
CIA	12.9	10.7	11.8	11.4	10	11.5	50	11.7	200	0	0	11.8	20	380	11.8	120	12	440	12.1	170	11.8	11.8	11.8	0	0	565434	
CJC	18.8	15.4	17.1	0	0	0	0	0	0	0	0	0	0	0	18.5	260	18.8	300	0	0	0	0	17.1	0	0	194710	
CKV	14.3	11.7	13	12.1	30	12.6	100	12.8	130	0	0	13	300	310	13	300	13.1	100	13.2	200	14	13	13.03	0	0	145197	
CLH	18.5	15.3	16.9	16.5	550	16.6	200	16.7	50	0.1	0.59	17	40	500	17	240	17.1	10	17.2	890	17	16.6	16.93	0	0	488530	
CLM	17.6	14.4	16	0	0	14.6	50	14.7	10	1	6.25	17	10	10	17	40	0	0	0	0	17	17	17	0	0	0	
CMC	5.8	4.8	5.3	0	0	0	0	4.8	40	-0.5	-9.43	4.8	10	110	5.1	130	5.3	30	5.8	60	4.8	4.8	4.8	0	0	217430	
CMS	2.8	2.4	2.6	0	0	2.4	450	2.5	140	0	0	2.6	10	2380	2.6	190	2.7	1600	2.8	1520	2.6	2.5	2.5	0	2370	817716	
CPC	17	14	15.5	14.5	30	15	10	15.1	20	0.5	3.23	16	10	10	16	200	16.2	100	16.5	10	16	16	16	10	0	127886	
CSC	24.2	19.8	22	22	200	22.1	20	22.2	10	0.6	2.73	22.6	30	210	22.6	20	22.7	10	22.8	30	22.7	22	22.39	0	0	942239	
CTB	32.5	26.7	29.6	28.7	30	29.5	200	29.7	30	0.4	1.35	30	30	40	30.9	100	31	70	32.5	50	31	30	30.25	0	0	586195	
CTC	3.6	3	3.3	0	0	0	0	0	0	0	0	3.3	240	2250	3.3	60	3.6	300	0	0	3.3	3.3	3.3	0	0	430569	
CTP	4.1	3.5	3.8	3.7	810	3.8	620	3.9	910	0.2	5.26	4	10	15600	4	1380	4.1	1440	0	0	4.1	3.8	3.98	0	0	583701	
CTT	10.5	8.7	9.6	0	0	0	0	8.7	60	0	0	0	0	0	0	0	0	0	0	0	0	0	9.6	0	0	228970	
CTX	10.1	8.3	9.2	8.8	10	8.9	30	9	20	0	0	0	0	0	9.2	350	9.4	20	9.5	80	0	0	9.2	0	0	3865356	
CVN	12.1	9.9	11	10.4	500	10.5	1450	10.6	400	-0.5	-4.55	10.5	20	840	10.8	120	10.9	550	11	110	10.5	10	10.14	0	0	404110	
CX8	9.4	7.8	8.6	0	0	0	0	0	0	0	0	0	0	0	0	0	0	0	0	0	0	0	8.6	0	0	102786	
D11	33.4	27.4	30.4	32.9	240	33	930	33.2	150	2.8	9.21	33.2	50	8090	33.3	300	33.4	190	0	0	33.2	28.2	30.08	0	0	320422	
DAD	18.1	14.9	16.5	0	0	0	0	14.9	650	-1.6	-9.7	14.9	10	620	15.5	20	15.8	10	16.3	10	16.2	14.9	14.93	20	500	93870	
DAE	15.9	13.1	14.5	13.6	10	13.8	20	14	20	-0.5	-3.45	14	30	430	14.3	100	14.4	100	14.5	10	14.1	14	14.09	0	400	62012	
DBT	12.1	9.9	11	10.3	100	10.4	200	10.5	400	0.4	3.64	11.4	10	10	11.4	500	11.5	100	11.9	500	11.4	11.4	11.4	0	0	0	
DC2	6.9	5.7	6.3	0	0	0	0	6.2	1430	-0.1	-1.59	6.2	100	660	6.6	500	0	0	0	0	6.3	6.2	6.21	0	0	123460	
DC4	15.4	12.6	14	0	0	0	0	0	0	0	0	0	0	0	0	110	13.8	30	13.9	40	0	0	14	0	0	1468583	
DDG	30.1	24.7	27.4	27.2	440	27.3	150	27.4	10	0.1	0.36	27.5	20	8700	27.5	90	27.6	50	27.7	130	27.7	27.3	27.5	0	0	1451980	
DGC	44	36	40	41.2	570	41.3	540	41.4	480	1.5	3.75	41.5	380	73740	41.5	1910	41.7	1940	41.8	1720	41.9	40	41.12	2590	0	6229625	
DHP	11	9	10	0	0	0	0	0	0	0	0	0	0	0	10.8	30	11	80	0	0	0	0	10	0	0	414397	
DHT	48.6	39.8	44.2	44.3	200	44.4	240	44.5	1030	0.3	0.68	44.5	50	2240	44.6	240	44.8	500	44.9	150	44.5	44	44.24	0	100	969265	
DIH	15.5	12.7	14.1	0	0	0	0	0	0	1.2	8.51	15.3	50	60	14.7	50	14.8	20	15	40	15.5	15.3	15.33	50	0	293364	
DL1	16.8	13.8	15.3	0	0	0	0	0	0	0.5	3.27	15.8	10	80	15.9	190	16	100	0	0	15.8	15.5	15.54	0	0	4853751	
DNC	65.8	54	59.9	0	0	0	0	0	0	1.1	1.84	61	1200	2500	61	10	62.9	20	64.6	10	61	61	61	0	0	200562	
DNM	38.5	31.5	35	34.3	40	34.4	270	34.5	80	-0.5	-1.43	34.5	20	1900	34.7	40	34.8	20	34.9	20	35	34.4	34.56	0	0	196636	
DNP	18.7	15.3	17	16	1850	16.1	280	16.4	350	0	0	17	40	300	17	1560	17.5	500	18	500	17	17	17	0	0	3022418	
DP3	80	65.6	72.8	68.2	10	69	60	70	180	-1.8	-2.47	71	10	1000	71	100	71.5	120	72	560	72	69	70.81	20	10	417434	
DPC	11.3	9.3	10.3	9.6	30	9.9	10	10	10	0	0	10.3	50	120	10.3	50	11	20	11.3	120	10.3	10.2	10.28	0	0	106768	
DPS	0.3	0.1	0.2	0	0	0.1	146090	0.2	49560	0	0	0.2	400	16750	0.3	162090	0	0	0	0	0.3	0.2	0.21	0	0	1511121	
DS3	4	3.4	3.7	3.4	1560	3.5	1810	3.6	10	-0.1	-2.7	3.6	10	6410	3.7	4500	3.8	4140	3.9	2530	3.6	3.6	3.6	90	0	521146	
DST	5.6	4.6	5.1	0	0	0	0	0	0	-0.5	-9.8	4.6	10	37770	0	2400	4.6	2130	4.7	650	5.1	4.6	4.62	0	0	105	
DTD	13.3	10.9	12.1	12.1	1010	12.2	100	12.4	200	0.4	3.31	12.5	70	4600	12.5	130	12.6	850	12.7	300	12.5	12.1	12.4	0	300	1202779	
DXP	11.3	9.3	10.3	9.6	270	10	60	10.1	100	0.6	5.83	10.9	100	1930	10.9	190	11	360	11.2	10	10.9	10	10.22	450	1430	280333	
DZM	3.7	3.1	3.4	0	0	3.1	2190	3.2	1770	0	0	3.4	20	11280	3.4	700	3.5	1000	3.6	260	3.5	3.2	3.29	530	0	206969	
EBA	9.9	8.1	9	0	0	9	20	9.9	50	0	0	0	0	0	0	0	0	0	0	0	0	0	9	0	0	1550000	
EBS	7.1	5.9	6.5	6.6	40	6.8	490	6.9	160	0.4	6.15	6.9	40	60	7.1	230	0	0	0	0	6.9	6.8	6.87	40	0	414850	
ECI	17.6	14.4	16	0	0	0	0	14.5	10	0	0	0	0	0	0	0	0	0	0	0	0	0	16	0	0	81210	
EID	11.7	9.7	10.7	10.6	860	10.7	860	10.8	220	0.1	0.93	10.8	260	1500	10.9	500	11.2	20	11.3	20	10.8	10.7	10.79	0	1130	386205	
EVS	9.1	7.5	8.3	0	0	0	0	0	0	-0.2	-2.41	8.1	50	50	8.1	3320	8.2	50	8.3	240	8.1	8.1	8.1	0	0	6000040	
FDT	42.6	35	38.8	0	0	0	0	0	0	0	0	0	0	0	0	0	0	0	0	0	0	0	38.8	0	0	149670	
FID	1.1	0.9	1	0	0	0	0	0.9	4960	-0.1	-10	0.9	3000	10920	1	8060	1.1	300	0	0	1	0.9	0.9	0	0	1151466	
GDW	31.6	26	28.8	0	0	0	0	26	10	-1.8	-6.25	27	10	10	27	530	31	670	0	0	27	27	27	0	0	415360	
GKM	19.6	16.2	17.9	17.2	460	17.3	170	17.4	10	0	0	17.9	10	30270	17.9	780	18	810	18.1	730	17.9	17.4	17.53	0	0	729301	
GLT	25.8	21.2	23.5	0	0	21.3	10	21.8	20	0	0	0	0	0	23.4	160	23.5	100	25.6	30	0	0	23.5	0	0	247752	
GMX	23.7	19.5	21.6	21	20	21.1	10	21.6	10	1.9	8.8	23.5	10	10	0	0	0	0	0	0	23.5	23.5	23.5	0	0	250114	
HAD	15.7	12.9	14.3	13.8	100	14	60	14.1	50	0.1	0.7	14.4	50	400	14.4	50	14.5	300	14.6	100	14.4	13.5	14.07	0	0	157339	
HAT	21.7	17.9	19.8	19	30	19.1	100	19.2	50	-0.1	-0.51	19.7	50	140	19.8	80	20.9	120	21	120	19.8	19.7	19.71	0	0	129692	
HBE	7.7	6.3	7	0	0	0	0	0	0	0	0	0	0	0	7	20	0	0	0	0	0	0	7	0	0	62866	
HBS	2.2	1.8	2	1.8	4120	1.9	220	2	30	0	0	2	70	300	2.1	250	2.2	270	0	0	2	2	2	0	0	1594525	
HCC	12.7	10.5	11.6	11.3	200	11.4	170	11.6	40	0	0	11.6	10	1620	11.7	50	11.8	160	11.9	110	11.8	11.6	11.62	0	60	221080	
HCT	10.7	8.9	9.8	0	0	0	0	0	0	0.8	8.16	10.6	10	20	10.7	80	0	0	0	0	10.6	10.6	10.6	10	0	44082	
HDA	9.6	8	8.8	8.6	2400	8.7	1020	8.8	510	0	0	8.8	1500	26270	8.9	640	9	1230	9.1	1800	8.9	8.7	8.79	0	0	498497	
HEV	15.5	12.7	14.1	0	0	0	0	0	0	-1.4	-9.93	12.7	10	10	15	20	15.5	1980	0	0	12.7	12.7	12.7	0	0	10644	
HGM	39.7	32.5	36.1	0	0	0	0	0	0	0	0	0	0	0	35	1580	39.5	10	0	0	0	0	36.1	0	0	615040	
HHC	111.1	90.9	101	0	0	0	0	0	0	0	0	0	0	0	100	50	102	10	105	30	0	0	101	0	0	799044	
HHG	1.3	1.1	1.2	0	0	1.1	8130	1.2	6540	0	0	1.2	40	9560	1.3	8280	0	0	0	0	1.3	1.2	1.2	8270	0	1644658	
HHP	12.2	10	11.1	10.7	860	10.8	930	10.9	1020	-0.1	-0.9	11	30	42950	11	410	11.1	870	11.2	490	11.1	10.6	10.96	0	0	852293	
HJS	25.8	21.2	23.5	21.2	30	21.5	50	23.5	70	0	0	0	0	0	24	10	24.5	30	25.8	40	0	0	23.5	0	0	1027132	
HKB	0.8	0.6	0.7	0	0	0	0	0.6	98670	0	0	0.7	70	6370	0.7	2390	0.8	54460	0	0	0.8	0.6	0.69	0	0	2462058	
HKT	4.7	3.9	4.3	4.6	50	4.7	100	0	990	0.4	9.3	4.7	110	1420	0	0	0	0	0	0	4.7	4.7	4.7	0	0	298207	
HLC	8.4	7	7.7	0	0	0	0	7	100	0	0	7.7	20	20	7.9	20	8	2930	8.1	1030	7.7	7.7	7.7	0	0	1102303	
HLD	21.8	18	19.9	19.5	410	19.6	230	19.7	110	-0.2	-1.01	19.7	40	1250	19.9	500	20	20	20.2	280	19.7	19.5	19.66	590	100	807664	
HLY	49	40.2	44.6	0	0	0	0	0	0	3.4	7.62	48	10	10	40.8	10	42	10	48	60	48	48	48	0	0	43044	
HMH	9.5	7.9	8.7	8.2	900	8.3	1000	8.4	200	0.2	2.3	8.9	10	20	9.2	20	9.3	20	9.4	70	8.9	8.7	8.8	0	0	391822	
HNM	4.9	4.1	4.5	0	0	0	0	0	0	0	0	0	0	0	0	0	0	0	0	0	0	0	4.5	0	0	963835	
HOM	3.5	2.9	3.2	3	10000	3.1	5830	3.2	310	0.1	3.12	3.3	1000	3140	3.3	1480	3.4	940	3.5	810	3.3	3.2	3.3	0	0	3454940	
HPM	14.1	11.7	12.9	0	0	0	0	0	0	0	0	0	0	0	11.7	90	12.9	80	0	0	0	0	12.9	0	0	179520	
HTC	26.2	21.6	23.9	23.1	200	23.5	50	23.8	100	0	0	0	0	0	25.5	60	25.9	50	26	10	0	0	23.9	0	0	524030	
HTP	10.5	8.7	9.6	8.7	410	8.8	270	9	100	0.4	4.17	10	20	20	10.5	10	0	0	0	0	10	10	10	0	0	88044	
HUT	2.5	2.1	2.3	2.1	142180	2.2	122660	2.3	73680	0	0	2.3	110	424400	2.4	343520	2.5	298990	0	0	2.4	2.3	2.32	417	100	12124881	
HVT	39.7	32.5	36.1	33.6	10	35	10	35.1	10	0.9	2.49	37	10	10	37	90	39.7	30	0	0	37	37	37	0	0	518626	
ICG	5.5	4.5	5	4.7	120	4.8	600	4.9	70	0	0	5	250	1740	5	250	5.1	1730	5.2	300	5	4.8	4.97	790	0	843844	
IDC	21.4	17.6	19.5	18.8	800	18.9	320	19	280	-0.5	-2.56	19	10	2680	19.2	60	19.3	10	19.4	90	19	18.8	18.93	0	0	14608357	
IDJ	14.5	11.9	13.2	13.3	830	13.4	2620	13.5	790	0.3	2.27	13.5	10	14340	13.6	450	13.7	730	13.8	930	13.7	13.2	13.48	0	0	1449935	
IDV	41.9	34.3	38.1	37.7	70	38.1	100	38.2	90	0.1	0.26	38.2	10	60	38.3	50	38.5	390	38.7	100	38.2	38.2	38.2	0	0	633327	
INC	9	7.4	8.2	0	0	0	0	7.4	90	-0.8	-9.76	7.4	10	20	9	100	0	0	0	0	9	7.4	8.2	0	0	98000	
INN	27.3	22.5	24.9	24.7	100	24.8	300	25	210	0.7	2.81	25.6	20	480	25.6	20	25.9	50	26	100	25.6	25	25.44	10	0	706551	
ITQ	2.6	2.2	2.4	2.2	5180	2.3	7420	2.4	1990	0	0	2.4	40	8280	2.5	8160	2.6	6020	0	0	2.5	2.3	2.4	0	0	1165771	
IVS	7.8	6.4	7.1	6.6	10	6.7	100	6.9	260	-0.2	-2.82	6.9	80	3760	7	1870	7.2	230	7.3	100	7.2	6.9	7.01	1150	3680	1639363	
KDM	2	1.8	1.9	0	0	0	0	1.8	11080	0	0	1.9	40	230	1.9	40	2	2050	0	0	1.9	1.9	1.9	0	0	345583	
KHS	13.4	11	12.2	11	200	12	310	12.2	300	1.2	9.84	13.4	300	310	13.2	10	0	0	0	0	13.4	13.1	13.39	0	0	584756	
KKC	5.8	4.8	5.3	5.1	400	5.2	1000	5.3	600	0	0	5.3	290	5460	5.8	520	0	0	0	0	5.8	5.2	5.34	0	2160	204628	
KLF	2	1.8	1.9	1.9	268200	2	17630	0	34830	0.1	5.26	2	10	698730	0	0	0	0	0	0	2	1.9	1.99	0	0	7978655	
KMT	8.2	6.8	7.5	0	0	0	0	0	0	0	0	0	0	0	8.2	1370	0	0	0	0	0	0	7.5	0	0	482411	
KSD	7.7	6.3	7	0	0	0	0	0	0	0	0	0	0	0	6.8	40	7	950	7.2	450	0	0	7	0	0	579770	
KSQ	1.9	1.7	1.8	1.8	800	1.9	7490	0	9600	0.1	5.56	1.9	160	30700	0	0	0	0	0	0	1.9	1.9	1.9	0	0	1457160	
KST	21.4	17.6	19.5	0	0	0	0	0	0	0	0	0	0	0	19	20	19.5	90	0	0	0	0	19.5	0	0	144754	
KTS	9.9	8.1	9	8.2	20	8.5	10	8.6	80	0	0	0	0	0	9	60	9.7	10	9.8	310	0	0	9	0	0	192493	
KTT	4.5	3.7	4.1	0	0	0	0	0	0	0	0	0	0	0	0	0	0	0	0	0	0	0	4.1	0	0	143424	
KVC	1.1	0.9	1	0	0	0	0	0.9	11210	-0.1	-10	0.9	250	14960	1	48590	1.1	23590	0	0	1	0.9	0.91	0	0	2271320	
L14	71.5	58.5	65	64.4	70	64.5	440	64.6	10	-0.1	-0.15	64.9	50	4730	64.9	210	65	110	65.2	70	65.3	64.5	64.86	0	0	904963	
L18	9.9	8.1	9	0	0	0	0	0	0	-0.9	-10	8.1	40	260	8.1	30	8.9	10	9	150	8.1	8.1	8.1	0	0	1124694	
L35	7.9	6.5	7.2	0	0	0	0	6.5	100	0	0	0	0	0	7.2	40	7.3	10	7.9	70	0	0	7.2	0	0	159972	
L43	2.9	2.5	2.7	0	0	0	0	0	0	0	0	0	0	0	2.7	110	2.9	50	0	0	0	0	2.7	0	0	171450	
L61	14.1	11.7	12.9	0	0	0	0	0	0	0	0	0	0	0	11.7	60	12.6	70	13	20	0	0	12.9	0	0	0	
L62	7.7	6.3	7	0	0	0	0	0	0	0	0	0	0	0	0	0	0	0	0	0	0	0	7	0	0	0	
LAS	7	5.8	6.4	6.4	3800	6.5	2710	6.6	2090	0.3	4.69	6.7	500	49380	6.7	2750	6.8	12800	6.9	6580	6.8	6.5	6.62	0	0	5323166	
LBE	41.4	34	37.7	0	0	0	0	0	0	0	0	0	0	0	37.7	20	0	0	0	0	0	0	37.7	0	0	53330	
LCD	7.4	6.2	6.8	0	0	0	0	6.2	10	0	0	0	0	0	0	0	0	0	0	0	0	0	6.8	0	0	73500	
LCS	2	1.8	1.9	0	0	0	0	1.8	1300	0	0	1.9	20	1440	1.9	10	2	1270	0	0	1.9	1.9	1.9	0	0	372350	
LDP	21.7	17.9	19.8	18.1	10	18.2	10	18.3	10	0	0	0	0	0	19.4	10	19.6	20	19.8	10	0	0	19.8	0	0	0	
LHC	75	61.4	68.2	68	80	68.1	100	68.2	70	1.7	2.49	69.9	180	310	69.9	240	70	180	71	60	69.9	68	69.36	0	0	95096	
LIG	3.5	2.9	3.2	2.9	3060	3	11490	3.1	5290	-0.1	-3.12	3.1	200	8920	3.2	6300	3.3	6810	3.4	11710	3.2	3.1	3.1	0	0	2136093	
LM7	3.7	3.1	3.4	0	0	0	0	0	0	-0.1	-2.94	3.3	10	410	3.3	100	3.4	10	3.5	10	3.3	3.1	3.11	10	0	244660	
LO5	1.2	1	1.1	1	200	1.1	160	1.2	5550	0.1	9.09	1.2	10	390	0	0	0	0	0	0	1.2	1.2	1.2	0	0	250399	
LUT	2	1.8	1.9	0	0	0	0	1.8	10	0	0	0	0	0	1.9	940	2	200	0	0	0	0	1.9	0	0	732722	
MAC	4.9	4.1	4.5	4.2	120	4.4	480	4.5	10	0.3	6.67	4.8	80	100	4.9	1000	0	0	0	0	4.8	4.7	4.79	0	0	717154	
MAS	39.6	32.4	36	35.4	20	35.5	120	35.6	100	0.8	2.22	36.8	10	80	36.8	90	36.9	40	37	10	36.8	35.4	36.29	0	0	164502	
MBG	6.9	5.7	6.3	6	16240	6.1	5740	6.2	780	0	0	6.3	70	55980	6.3	5840	6.4	5830	6.5	11530	6.3	5.8	6.09	20	0	2111067	
MBS	11.7	9.7	10.7	10.5	2160	10.6	4680	10.7	2680	0	0	10.7	30	23320	10.8	1680	10.9	5210	11	6890	11	10.6	10.86	0	0	8045219	
MCC	12.9	10.7	11.8	0	0	0	0	11.8	200	0	0	0	0	0	12	80	0	0	0	0	0	0	11.8	0	0	240366	
MCF	9.3	7.7	8.5	7.9	10	8	110	8.1	40	0	0	8.5	10	30	8.9	20	9	30	9.2	20	8.5	8.5	8.5	0	30	426307	
MCO	2.8	2.4	2.6	0	0	0	0	2.4	10	0	0	2.6	10	1470	2.6	810	2.7	200	2.8	5430	2.6	2.4	2.41	0	0	192771	
MDC	7.2	6	6.6	6	20	6.5	100	6.6	300	0.1	1.52	6.7	80	100	7.2	10	0	0	0	0	6.7	6.7	6.7	0	0	676439	
MED	46.2	37.8	42	40	30	42	200	42.1	10	2	4.76	44	10	20	43.8	10	44	200	44.9	20	44	42	43	0	0	307664	
MEL	9.6	8	8.8	0	0	0	0	0	0	0	0	0	0	0	9	10	0	0	0	0	0	0	8.8	0	0	734870	
MHL	5	4.2	4.6	0	0	0	0	0	0	0	0	0	0	0	4.2	1970	4.9	30	0	0	0	0	4.6	0	0	260423	
MIM	13.5	11.1	12.3	0	0	0	0	0	0	0	0	0	0	0	0	0	0	0	0	0	0	0	12.3	0	0	165835	
MKV	11	9	10	0	0	0	0	0	0	0	0	0	0	0	10	540	11	20	0	0	0	0	10	0	0	221284	
MPT	1.4	1.2	1.3	0	0	0	0	1.2	9830	0	0	1.3	340	6170	1.3	24500	1.4	11570	0	0	1.3	1.2	1.29	300	0	822584	
MSC	19.3	15.9	17.6	0	0	0	0	0	0	0	0	0	0	0	0	0	0	0	0	0	0	0	17.6	0	0	1102500	
MST	3.3	2.7	3	2.9	43880	3	30040	3.1	18550	0.1	3.33	3.1	110	175930	3.2	14780	3.3	59340	0	0	3.3	3	3.12	0	120	1721419	
NAG	5.8	4.8	5.3	5.1	310	5.2	100	5.3	30	0	0	5.3	100	4220	5.4	400	5.5	1240	5.6	410	5.5	5.1	5.25	0	0	709837	
NAP	14.3	11.7	13	0	0	0	0	0	0	0	0	0	0	0	0	0	0	0	0	0	0	0	13	0	0	1054342	
NBC	6.9	5.7	6.3	6	200	6.1	1750	6.2	160	-0.1	-1.59	6.2	280	2660	6.3	2400	6.4	2400	6.5	2490	6.2	6.2	6.2	0	0	1525350	
NBP	12.9	10.7	11.8	10.7	500	10.8	590	11	100	0	0	0	0	0	12.4	170	12.5	90	12.8	100	0	0	11.8	0	0	530279	
NBW	24.2	19.8	22	21	190	21.2	120	21.3	50	-0.6	-2.73	21.4	100	210	22.5	100	23	100	23.4	20	22	21.3	21.68	0	0	225960	
NDN	22.5	18.5	20.5	20.2	2000	20.3	1350	20.4	20	0	0	20.5	90	35690	20.5	10580	20.6	760	20.7	2550	20.5	19.9	20.14	0	0	2319157	
NDX	14.6	12	13.3	13	100	13.2	1050	13.3	80	0	0	13.3	600	1130	13.4	300	13.6	200	13.8	200	13.3	13.2	13.28	0	930	281411	
NET	52	42.6	47.3	42.8	10	44	20	45	300	-0.3	-0.63	47	10	80	47	70	47.3	70	49	180	47.3	47	47.04	10	0	1080076	
NFC	6.2	5.2	5.7	0	0	0	0	0	0	0	0	0	0	0	0	0	0	0	0	0	0	0	5.7	0	0	770591	
NGC	2.9	2.5	2.7	0	0	0	0	0	0	0	0	0	0	0	2.5	210	2.6	20	2.7	60	0	0	2.7	0	0	81496	
NHA	12.7	10.5	11.6	11.3	80	11.4	60	11.5	160	0.2	1.72	11.8	20	1610	11.8	30	11.9	1490	12	610	11.8	11	11.47	0	0	720304	
NHC	38.1	31.3	34.7	0	0	0	0	0	0	-0.7	-2.02	34	230	230	33.9	100	34.5	50	35	480	34	34	34	230	0	97067	
NHP	0.5	0.3	0.4	0	0	0.3	89150	0.4	10	0	0	0.4	290	42000	0.5	61100	0	0	0	0	0.5	0.3	0.4	0	0	1335938	
NRC	9.4	7.8	8.6	9	1200	9.4	2350	0	50	0.8	9.3	9.4	300	17720	0	0	0	0	0	0	9.4	8.2	9.38	0	0	671185	
NSH	1.4	1.2	1.3	0	0	1.2	1290	1.3	130	0	0	1.3	70	1110	1.4	8040	0	0	0	0	1.4	1.3	1.3	0	0	1010718	
NST	18.4	15.2	16.8	0	0	0	0	0	0	0	0	0	0	0	15.2	850	17.5	40	0	0	0	0	16.8	0	0	448674	
NTH	31.3	25.7	28.5	0	0	0	0	26	50	0	0	0	0	0	28.3	200	28.5	500	29.5	620	0	0	28.5	0	0	529300	
NTP	39.6	32.4	36	36.8	110	36.9	1000	37.5	660	1.5	4.17	37.5	10	7280	37.9	500	38	1260	38.9	500	37.5	35	36.75	730	0	2965199	
NVB	9.4	7.8	8.6	8.4	6700	8.5	120	8.6	1920	0.1	1.16	8.7	20	174600	8.7	1370	8.8	430	8.9	1460	8.7	8.3	8.49	0	0	10469333	
OCH	8.5	7.1	7.8	7.7	500	7.8	500	8	40	0.2	2.56	8	100	170	0	0	0	0	0	0	8	8	8	0	0	9799570	
ONE	3.7	3.1	3.4	3.2	300	3.3	750	3.5	920	0.2	5.88	3.6	80	7760	3.6	750	3.7	400	0	0	3.6	3.5	3.52	0	0	321636	
PBP	7.5	6.3	6.9	0	0	6.3	500	7	100	0.4	5.8	7.3	10	130	7.4	30	7.5	420	0	0	7.3	6.3	6.78	0	0	230901	
PCE	10.8	9	9.9	0	0	10.5	520	10.6	110	0.7	7.07	10.6	90	120	10.7	80	10.8	10	0	0	10.6	10.5	10.57	0	0	450880	
PCG	5.6	4.6	5.1	0	0	4.6	80	4.7	40	-0.5	-9.8	4.6	10	1020	5.1	350	0	0	0	0	5.1	4.6	5.09	1000	970	28848	
PCT	5.7	4.7	5.2	0	0	0	0	4.7	60	0	0	0	0	0	5.7	10	0	0	0	0	0	0	5.2	0	0	1099770	
PDB	8.8	7.2	8	7.5	140	7.7	100	7.8	20	0	0	8	10	480	8	1130	8.2	60	0	0	8	7.7	7.73	0	0	355877	
PDC	7.8	6.4	7.1	0	0	0	0	0	0	0	0	0	0	0	6.4	920	6.8	90	7.1	570	0	0	7.1	0	0	734590	
PEN	5.5	4.5	5	0	0	0	0	0	0	0	0	5	20	50	5	400	0	0	0	0	5	5	5	0	0	245000	
PGN	11.9	9.9	10.9	0	0	0	0	0	0	-0.4	-3.67	10.5	60	1060	10.6	50	10.7	100	10.8	100	10.5	10	10.27	0	0	160270	
PGS	17.2	14.2	15.7	15.2	350	15.3	10	15.4	440	-0.2	-1.27	15.5	110	4430	15.5	5480	16	80	16.2	10	15.6	15.4	15.5	0	3910	1998677	
PGT	3.9	3.3	3.6	0	0	3.3	150	3.9	160	0.3	8.33	3.9	30	350	0	0	0	0	0	0	3.9	3.9	3.9	10	0	11412	
PHN	30.2	24.8	27.5	0	0	26.5	100	26.6	40	-0.6	-2.18	26.9	10	110	26.9	90	27	200	27.6	50	26.9	26.5	26.54	0	0	8	
PHP	10.5	8.7	9.6	9.3	60	9.4	50	9.5	100	-0.2	-2.08	9.4	10	300	10	70	10.1	100	10.2	240	9.6	9.4	9.59	0	0	16010507	
PIA	28.7	23.5	26.1	24.2	30	25	100	25.1	110	-0.1	-0.38	26	10	20	26.4	10	26.9	10	27	10	26	24.2	25.1	0	10	158523	
PIC	9.2	7.6	8.4	8.2	40	8.3	50	8.4	50	0	0	8.4	50	50	9	50	0	0	0	0	8.4	8.4	8.4	0	0	1633642	
PJC	27.2	22.4	24.8	0	0	0	0	0	0	0	0	0	0	0	27	30	27.2	120	0	0	0	0	24.8	0	0	351308	
PLC	18.4	15.2	16.8	16.5	6340	16.6	820	16.7	80	-0.1	-0.6	16.7	60	15610	16.8	960	16.9	2360	17	4360	16.9	16.5	16.71	0	0	3895617	
PMB	9.3	7.7	8.5	0	0	0	0	0	0	0	0	0	0	0	9	400	9.2	300	0	0	0	0	8.5	0	0	461560	
PMC	55.1	45.1	50.1	48.5	10	49.1	30	49.2	10	-0.1	-0.2	50	10	20	50	30	50.1	50	50.2	10	50	49.1	49.55	10	0	254167	
PMP	9.5	7.9	8.7	8	50	8.1	10	8.4	10	0	0	0	0	0	9.4	30	9.5	60	0	0	0	0	8.7	0	0	203380	
PMS	15.6	12.8	14.2	12.9	300	13	210	13.1	10	-1.4	-9.86	12.8	30	30	15.6	150	0	0	0	0	12.8	12.8	12.8	0	0	315545	
POT	15.6	12.8	14.2	0	0	12.9	10	13	20	0	0	0	0	0	13.7	20	14.2	300	14.3	200	0	0	14.2	0	0	950202	
PPE	6.6	5.4	6	0	0	0	0	0	0	0	0	0	0	0	5.9	110	6	70	0	0	0	0	6	0	0	97470	
PPP	18.4	15.2	16.8	0	0	0	0	0	0	-1.4	-8.33	15.4	10	30	15.2	50	15.4	910	16	1040	15.4	15.4	15.4	0	0	423057	
PPS	7.2	6	6.6	6.5	380	6.6	310	6.7	40	0.5	7.58	7.1	10	500	7.1	30	7.2	60	0	0	7.1	6.7	6.73	0	0	193148	
PPY	29	23.8	26.4	0	0	0	0	0	0	0	0	0	0	0	0	0	0	0	0	0	0	0	26.4	0	0	403666	
PRC	10.4	8.6	9.5	0	0	0	0	0	0	0	0	0	0	0	0	0	0	0	0	0	0	0	9.5	0	0	58680	
PSC	17.4	14.4	15.9	0	0	14.4	120	14.6	20	0	0	0	0	0	16.9	100	0	0	0	0	0	0	15.9	0	0	350363	
PSD	10.6	8.8	9.7	9.3	800	9.4	20	9.5	100	-0.1	-1.03	9.6	170	1060	9.6	90	9.7	190	10	260	9.7	9.2	9.47	0	0	1444977	
PSE	7.9	6.5	7.2	0	0	0	0	0	0	0	0	0	0	0	7.8	30	7.9	50	0	0	0	0	7.2	0	0	556000	
PSI	2.7	2.3	2.5	0	0	0	0	2.3	230	0	0	0	0	0	2.4	340	2.7	10	0	0	0	0	2.5	0	0	2039450	
PSW	8	6.6	7.3	0	0	0	0	0	0	0	0	0	0	0	8	50	0	0	0	0	0	0	7.3	0	0	817950	
PTD	17.8	14.6	16.2	0	0	0	0	0	0	0	0	0	0	0	0	0	0	0	0	0	0	0	16.2	0	0	85872	
PTI	20	16.4	18.2	16.5	1500	17.2	200	17.3	60	0	0	0	0	0	18.2	170	18.8	60	18.9	50	0	0	18.2	0	0	913215	
PTS	5.7	4.7	5.2	0	0	4.9	100	5	270	0.1	1.92	5.3	10	60	5.3	120	5.4	230	5.6	1000	5.3	5.3	5.3	0	0	260283	
PV2	2.8	2.4	2.6	0	0	0	0	0	0	0	0	0	0	0	2.6	500	2.7	990	2.8	110	0	0	2.6	0	0	1828500	
PVB	16	13.2	14.6	14.5	2220	14.6	890	14.7	350	0.1	0.68	14.7	10	13360	14.8	8250	14.9	3410	15	6000	14.7	14.4	14.61	0	0	1057591	
PVC	6.1	5.1	5.6	5.7	4490	5.8	10780	5.9	2050	0.4	7.14	6	450	66890	6	1060	6.1	9370	0	0	6.1	5.6	5.9	0	0	1892892	
PVG	7.9	6.5	7.2	6.8	970	6.9	750	7	30	-0.2	-2.78	7	30	3080	7.1	2380	7.2	3100	7.3	180	7.1	7	7	0	0	1762139	
PVI	33.5	27.5	30.5	30.1	110	30.3	1400	30.4	510	0.1	0.33	30.6	10	1990	30.6	290	30.7	410	30.8	300	30.6	27.6	29.75	0	0	10693877	
PVL	1.4	1.2	1.3	0	0	0	0	1.2	1000	0	0	1.3	10	150	1.3	8320	1.4	13730	0	0	1.3	1.2	1.29	0	0	2396599	
PVS	14.5	11.9	13.2	13.1	46380	13.2	27450	13.3	10500	0.2	1.52	13.4	10	764840	13.4	16500	13.5	47910	13.6	25620	13.4	12.9	13.14	1100	282000	17449458	
PVX	0.9	0.7	0.8	0	0	0.7	261120	0.8	183070	0.1	12.5	0.9	3260	332710	0.9	14900	0	0	0	0	0.9	0.8	0.89	0	3386	19364825	
QHD	23.1	18.9	21	20	130	20.1	90	20.2	10	-0.9	-4.29	20.1	10	10	22.9	10	23	60	23.1	100	20.1	20.1	20.1	0	0	267540	
QNC	3.5	2.9	3.2	3.1	50	3.2	520	3.3	50	0	0	0	0	0	3.5	620	0	0	0	0	0	0	3.2	0	0	968113	
QST	12.7	10.5	11.6	0	0	0	0	0	0	0	0	0	0	0	0	0	0	0	0	0	0	0	11.6	0	0	79380	
QTC	18.9	15.5	17.2	16.3	80	16.5	20	16.6	20	-0.2	-1.16	17	10	30	17.2	400	18.4	20	18.5	40	17.1	17	17.03	0	0	48926	
RCL	17.4	14.4	15.9	0	0	0	0	0	0	1	6.29	16.9	10	10	16.9	300	17	500	0	0	16.9	16.9	16.9	0	0	479971	
S55	24.7	20.3	22.5	20.7	100	21.1	80	21.2	100	0	0	22.5	20	20	22.5	180	24.6	100	0	0	22.5	22.5	22.5	0	0	485782	
S74	4.7	3.9	4.3	0	0	3.9	10	4.3	100	0.2	4.65	4.5	180	200	0	0	0	0	0	0	4.5	4.5	4.5	0	0	308588	
S99	9.3	7.7	8.5	9.2	1040	9.3	3020	0	4170	0.8	9.41	9.3	500	41780	0	0	0	0	0	0	9.3	9	9.28	0	10	2535939	
SAF	48.8	40	44.4	42.2	10	42.4	10	42.5	120	0	0	0	0	0	45.8	10	45.9	10	46	10	0	0	44.4	0	0	359604	
SCI	17.7	14.5	16.1	15.6	860	15.7	1550	15.9	110	-0.2	-1.24	15.9	300	1820	16.1	370	16.2	320	16.3	120	16.4	15.9	15.99	0	0	592894	
SD2	6.9	5.7	6.3	6	500	6.1	300	6.3	1000	0.5	7.94	6.8	20	390	6.8	1910	6.9	1000	0	0	6.9	5.8	6.65	0	0	619005	
SD4	3.5	2.9	3.2	0	0	3	330	3.1	130	0.1	3.12	3.3	10	30	3.4	20	3.5	100	0	0	3.3	3.1	3.17	0	0	465546	
SD5	5	4.2	4.6	4.4	210	4.5	80	4.6	340	0.2	4.35	4.8	10	5480	4.8	1200	4.9	1050	5	2470	4.8	4.5	4.6	0	5110	1018019	
SD6	2.5	2.1	2.3	0	0	2.1	4230	2.2	320	-0.1	-4.35	2.2	330	7300	2.3	2290	2.4	1550	2.5	590	2.4	2.2	2.23	0	1300	1226624	
SD9	5.1	4.3	4.7	4.5	840	4.6	670	4.7	440	0	0	4.7	10	1730	4.8	330	4.9	20	5	2760	4.8	4.7	4.71	0	910	1439821	
SDA	3.1	2.7	2.9	0	0	2.7	1000	2.9	360	0.1	3.45	3	100	800	3	370	3.1	30	0	0	3	2.7	2.85	0	0	0	
SDC	17.8	14.6	16.2	0	0	0	0	0	0	0	0	0	0	0	14.6	30	16.8	20	17	20	0	0	16.2	0	0	107978	
SDG	35.6	29.2	32.4	0	0	0	0	0	0	0	0	0	0	0	0	0	0	0	0	0	0	0	32.4	0	0	330987	
SDN	32.2	26.4	29.3	0	0	0	0	0	0	0	0	0	0	0	0	0	0	0	0	0	0	0	29.3	0	0	36143	
SDT	3.1	2.7	2.9	2.7	1490	2.8	2530	2.9	660	0.1	3.45	3	10	7430	3	1590	3.1	200	0	0	3	2.9	2.9	0	0	1716786	
SDU	7.4	6.2	6.8	0	0	6.2	20	6.5	150	0	0	0	0	0	0	0	0	0	0	0	0	0	6.8	0	0	977790	
SEB	33	27	30	0	0	28	10	28.5	20	1	3.33	31	60	200	31	10	31.4	30	31.5	300	31.5	31	31.24	0	0	1564244	
SED	15.2	12.6	13.9	13.2	20	13.9	200	14	10	1.2	8.63	15.1	10	10	15	360	15.1	330	15.2	320	15.1	15.1	15.1	10	10	337209	
SFN	28	23	25.5	0	0	23	10	25	60	0	0	0	0	0	28	440	0	0	0	0	0	0	25.5	0	0	144576	
SGC	64.7	53.1	58.9	53.8	100	56	150	56.1	70	0	0	0	0	0	60.4	10	60.5	10	64.7	20	0	0	58.9	0	0	343746	
SGD	11.4	9.4	10.4	0	0	9.4	20	9.6	80	-0.8	-7.69	9.6	20	20	10.6	10	11.3	10	11.4	80	9.6	9.6	9.6	0	0	196843	
SGH	41.5	34.1	37.8	0	0	34.3	40	37.9	50	0.1	0.26	37.9	10	10	41.5	70	0	0	0	0	37.9	37.9	37.9	0	0	600250	
SHB	17.4	14.4	15.9	15.7	20910	15.8	15940	15.9	6710	0.1	0.63	16	10	572970	16	68680	16.1	19410	16.2	11230	16	15.6	15.82	10	56148	35060926	
SHE	20.9	17.1	19	18	100	18.1	20	18.5	70	-0.5	-2.63	18.5	30	30	19	40	19.2	90	19.3	100	18.5	18.5	18.5	0	0	229040	
SHN	7.4	6.2	6.8	6.4	50	6.5	100	6.7	90	-0.1	-1.47	6.7	10	110	6.8	70	7.1	110	7.3	20	6.8	6.7	6.79	0	0	6343684	
SHS	11.6	9.6	10.6	11.5	36540	11.6	12380	0	13030	1	9.43	11.6	150	888250	0	0	0	0	0	0	11.6	10.9	11.42	0	13890	8675343	
SIC	8.8	7.2	8	7.5	60	7.6	100	7.7	200	0	0	0	0	0	8	10	8.1	130	8.2	500	0	0	8	0	0	1168848	
SJ1	24.7	20.3	22.5	0	0	0	0	0	0	0	0	0	0	0	20.3	30	21	200	24	60	0	0	22.5	0	0	1029806	
SJC	0.9	0.7	0.8	0	0	0.8	700	0.9	580	0.1	12.5	0.9	330	610	0	0	0	0	0	0	0.9	0.9	0.9	0	0	350709	
SJE	20.6	17	18.8	0	0	18	100	18.1	100	0	0	18.8	200	400	18.8	300	19	230	19.5	100	18.8	18.8	18.8	0	0	889096	
SLS	59.4	48.6	54	52.7	110	52.8	80	53	110	-1	-1.85	53	20	300	53.5	10	53.9	50	54	210	53.5	53	53.07	0	0	443620	
SMN	9.5	7.9	8.7	0	0	7.9	1080	8	100	0.2	2.3	8.9	10	260	8.9	380	9.4	100	9.5	190	8.9	7.9	7.94	0	250	211355	
SMT	13.3	10.9	12.1	0	0	0	0	0	0	0	0	0	0	0	11.7	200	11.8	100	11.9	100	0	0	12.1	0	0	104756	
SPI	1.2	1	1.1	0	0	0	0	1	21100	0	0	1.1	300	7890	1.1	26990	1.2	24780	0	0	1.1	1	1.05	0	0	802505	
SRA	15.1	12.5	13.8	13.2	160	13.3	1260	13.4	1210	-0.3	-2.17	13.5	90	10080	13.5	10	13.6	710	13.7	570	13.8	13.1	13.43	0	0	837626	
SSM	7.9	6.5	7.2	0	0	0	0	0	0	0	0	0	0	0	6.5	40	7.1	100	7.8	150	0	0	7.2	0	0	248263	
STC	16.9	13.9	15.4	13.9	150	14	160	14.6	60	-0.7	-4.55	14.7	20	30	15.4	20	15.5	40	16.9	70	14.7	13.9	14.43	0	0	245841	
STP	6.2	5.2	5.7	0	0	5.3	30	5.5	20	0	0	0	0	0	0	0	0	0	0	0	0	0	5.7	0	0	388193	
SVN	1.8	1.6	1.7	0	0	1.6	1000	1.7	310	0	0	1.7	500	3310	1.8	760	0	0	0	0	1.7	1.6	1.64	0	200	860430	
SZB	31	25.4	28.2	27.9	10	28	40	28.2	10	0.8	2.84	29	10	570	29	60	29.1	20	29.5	90	29	27.9	28.43	0	0	1470000	
TA9	10.2	8.4	9.3	0	0	0	0	8.4	100	-0.5	-5.38	8.8	10	420	8.8	190	9.1	80	9.8	10	8.8	8.5	8.51	0	0	579042	
TAR	27.7	22.7	25.2	23.8	2010	23.9	1850	24	3120	-1.2	-4.76	24	100	103310	24.1	400	24.2	10	24.3	690	25.6	22.7	24.09	20	0	1713812	
TBX	24.5	20.1	22.3	0	0	0	0	0	0	0	0	0	0	0	22	10	0	0	0	0	0	0	22.3	0	0	73981	
TC6	4.6	3.8	4.2	3.9	100	4	550	4.1	740	-0.1	-2.38	4.1	10	10	4.2	200	4.4	50	4.5	50	4.1	4.1	4.1	0	0	1494201	
TCS	8.8	7.2	8	7.6	60	7.9	5520	8	80	0.1	1.25	8.1	400	1840	8.2	100	8.3	380	8.5	90	8.2	8	8.09	0	0	1178283	
TDN	6.4	5.4	5.9	5.6	400	5.7	680	5.8	1330	0	0	5.9	10	3260	5.9	240	6	4630	6.1	2450	6	5.9	5.92	1280	0	1437237	
TDT	11	9	10	9.7	240	9.8	750	9.9	350	-0.1	-1	9.9	180	3220	10	960	10.1	730	10.2	800	10.1	9.9	9.96	0	0	568411	
TET	33.2	27.2	30.2	0	0	0	0	0	0	0	0	0	0	0	0	0	0	0	0	0	0	0	30.2	0	0	279394	
TFC	4.7	3.9	4.3	4.1	120	4.2	90	4.3	10	0	0	0	0	0	4.5	80	4.7	390	0	0	0	0	4.3	0	0	284959	
THB	8.9	7.3	8.1	8.6	2500	8.8	200	8.9	720	0.8	9.88	8.9	60	1070	0	0	0	0	0	0	8.9	8.3	8.82	0	0	512983	
THS	7.9	6.5	7.2	0	0	0	0	0	0	0	0	0	0	0	0	0	0	0	0	0	0	0	7.2	0	0	146790	
THT	8.6	7.2	7.9	7.5	10	7.6	60	7.8	1220	0	0	7.9	270	1070	7.9	10	8	5670	8.1	1200	8	7.9	7.9	0	0	726956	
TIG	7.1	5.9	6.5	6.2	18210	6.3	26900	6.4	29430	-0.1	-1.54	6.4	2600	145360	6.5	15050	6.6	15220	6.7	16800	6.6	6.3	6.43	540	30871	2883186	
TJC	7.1	5.9	6.5	0	0	6	20	6.1	50	0	0	0	0	0	0	0	0	0	0	0	0	0	6.5	0	0	419386	
TKC	4	3.4	3.7	3.6	400	3.7	740	3.8	200	0.2	5.41	3.9	20	1730	3.9	130	4	2140	0	0	4	3.7	3.9	0	0	555989	
TKU	14.1	11.7	12.9	0	0	0	0	0	0	0	0	0	0	0	12.3	100	12.5	600	12.6	50	0	0	12.9	0	0	54256	
TMB	13	10.8	11.9	11	700	11.1	630	11.2	150	-0.9	-7.56	11	100	2370	11.9	500	13	20	0	0	11	11	11	0	0	734800	
TMC	12.9	10.7	11.8	0	0	0	0	10.7	10	0	0	0	0	0	11.8	200	0	0	0	0	0	0	11.8	0	0	596850	
TMX	16.9	13.9	15.4	0	0	0	0	0	0	0	0	0	0	0	16.9	20	0	0	0	0	0	0	15.4	0	0	245331	
TNG	15.4	12.6	14	14.5	17200	14.6	15490	14.7	6900	0.8	5.71	14.8	500	308270	14.8	10030	14.9	13750	15	17850	15	13.9	14.43	0	0	2771583	
TPH	9.3	7.7	8.5	0	0	0	0	0	0	0	0	0	0	0	0	0	0	0	0	0	0	0	8.5	0	0	98452	
TPP	14.6	12	13.3	0	0	0	0	0	0	0	0	0	0	0	13	100	13.3	10	0	0	0	0	13.3	0	0	971887	
TSB	7.7	6.3	7	0	0	0	0	0	0	0	0	0	0	0	0	0	0	0	0	0	0	0	7	0	0	330508	
TST	8.3	6.9	7.6	0	0	7	50	7.2	160	-0.4	-5.26	7.2	30	80	7.6	40	8	50	8.2	50	7.6	7.2	7.45	0	0	220670	
TTC	11.9	9.9	10.9	0	0	10	350	10.1	160	0	0	0	0	0	11.8	20	11.9	100	0	0	0	0	10.9	0	0	259298	
TTH	2.3	1.9	2.1	0	0	1.9	13760	2	16080	0	0	2.1	100	10540	2.1	440	2.2	10420	2.3	26090	2.2	2	2.05	0	0	1796410	
TTL	7.7	6.3	7	0	0	0	0	6.3	590	-0.5	-7.14	6.5	10	1290	6.5	90	6.6	450	6.8	500	6.6	6.3	6.36	0	0	2053472	
TTT	43.5	35.7	39.6	0	0	35.7	10	35.8	20	0	0	0	0	0	42.9	10	43	80	43.5	40	0	0	39.6	0	0	197490	
TTZ	1.9	1.7	1.8	1.8	7560	1.9	900	0	420	0.1	5.56	1.9	10	13030	0	0	0	0	0	0	1.9	1.8	1.9	0	0	169412	
TV3	35.6	29.2	32.4	0	0	29.3	100	29.4	10	-3.1	-9.57	29.3	100	100	32.5	300	32.7	10	32.8	10	29.3	29.3	29.3	0	0	405465	
TV4	12.4	10.2	11.3	10.8	50	11.1	310	11.3	630	0.1	0.88	11.4	400	500	11.5	400	11.6	100	11.7	450	11.4	11.4	11.4	0	0	774742	
TVC	28.6	23.4	26	25.9	3080	26	2230	26.1	2090	0.2	0.77	26.2	10	54320	26.2	450	26.4	410	26.5	580	26.5	23.4	24.05	0	0	1960658	
TVD	7.5	6.3	6.9	6.6	930	6.7	150	6.8	190	-0.1	-1.45	6.8	50	680	6.9	1860	7	1670	7.1	1330	6.9	6.8	6.87	150	0	2190230	
TXM	3.4	2.8	3.1	0	0	0	0	2.8	10	-0.2	-6.45	2.9	10	10	2.9	10	3	1430	3.1	10	2.9	2.9	2.9	0	0	222657	
UNI	4.7	3.9	4.3	0	0	0	0	0	0	-0.4	-9.3	3.9	20	20	4.4	190	4.5	2750	4.6	50	3.9	3.9	3.9	0	0	739633	
V12	12.5	10.3	11.4	0	0	0	0	0	0	0	0	0	0	0	11.4	10	11.6	400	11.8	30	0	0	11.4	0	0	285032	
V21	6.3	5.3	5.8	0	0	5.3	40	5.7	20	0.5	8.62	6.3	20	20	6.3	90	0	0	0	0	6.3	6.3	6.3	0	0	587649	
VAT	1.6	1.4	1.5	0	0	1.4	20000	1.5	5460	0.1	6.67	1.6	10	110	1.6	7940	0	0	0	0	1.6	1.5	1.51	0	0	199108	
VBC	19	15.6	17.3	16.2	200	16.5	100	16.6	540	0	0	0	0	0	18.5	540	18.6	130	19	30	0	0	17.3	0	0	349843	
VC1	13.9	11.5	12.7	0	0	0	0	0	0	0	0	0	0	0	11.5	20	11.7	260	12	50	0	0	12.7	0	0	557269	
VC2	12.8	10.6	11.7	10.9	20	11.1	20	11.3	70	-0.4	-3.42	11.3	40	120	12	10	12.7	20	0	0	11.3	11.3	11.3	0	0	730378	
VC3	18.3	15.1	16.7	16.5	570	16.6	530	16.7	250	0.1	0.6	16.8	20	15390	16.8	840	16.9	980	17	1160	16.8	16.5	16.65	0	0	2988763	
VC6	8.4	7	7.7	0	0	0	0	0	0	0	0	7.7	90	90	8	100	0	0	0	0	7.7	7.7	7.7	0	0	311542	
VC7	6	5	5.5	5.1	20	5.2	40	5.3	20	-0.2	-3.64	5.3	100	250	5.4	160	5.5	50	5.6	230	5.5	5.3	5.38	0	0	1117840	
VC9	12.1	9.9	11	0	0	0	0	0	0	0	0	0	0	0	12.1	10	0	0	0	0	0	0	11	0	0	556625	
VCC	10.3	8.5	9.4	0	0	8.5	550	8.9	90	-0.5	-5.32	8.9	10	10	9.2	10	9.5	100	9.7	200	8.9	8.9	8.9	0	0	587210	
VCG	27.7	22.7	25.2	24.9	10	25	970	25.1	340	0	0	25.2	110	5270	25.2	500	25.3	140	25.4	100	25.2	25	25.11	0	0	21442549	
VCM	15.9	13.1	14.5	13.2	50	13.6	150	13.7	10	0	0	0	0	0	0	0	0	0	0	0	0	0	14.5	0	0	0	
VCS	73.1	59.9	66.5	67.8	970	67.9	410	68	240	1.6	2.41	68.1	10	38060	68.1	40	68.2	180	68.3	700	68.3	66.3	67.12	1460	0	7407170	
VDL	26.2	21.6	23.9	0	0	0	0	21.7	30	0	0	0	0	0	25	10	26	10	0	0	0	0	23.9	0	0	706285	
VE1	8.3	6.9	7.6	0	0	0	0	0	0	0	0	0	0	0	7.5	250	7.6	6800	7.7	3500	0	0	7.6	0	0	114226	
VE2	7.7	6.3	7	0	0	6.4	100	7	10	0	0	0	0	0	7.7	20	0	0	0	0	0	0	7	0	0	104103	
VE3	6.4	5.4	5.9	5.4	50	5.5	20	5.6	100	0	0	0	0	0	6.3	110	6.4	320	0	0	0	0	5.9	0	0	56589	
VE4	6.7	5.5	6.1	0	0	0	0	5.6	130	-0.6	-9.84	5.5	20	1540	6.1	10	6.7	50	0	0	5.5	5.5	5.5	0	1540	48072	
VE8	9.9	8.1	9	0	0	0	0	0	0	0	0	0	0	0	9.2	10	0	0	0	0	0	0	9	0	0	87680	
VE9	1.5	1.3	1.4	0	0	0	0	0	0	-0.1	-7.14	1.3	150	7810	0	930	1.4	6820	1.5	49600	1.4	1.3	1.3	0	0	548187	
VGP	12.4	10.2	11.3	10.3	30	10.8	300	10.9	100	0	0	0	0	0	11.9	10	12	10	0	0	0	0	11.3	0	0	386558	
VGS	9	7.4	8.2	7.9	50	8	50	8.1	190	0	0	8.2	40	2900	8.2	1670	8.3	60	8.4	340	8.2	8.1	8.16	0	0	1997545	
VHE	5.8	4.8	5.3	5.2	30	5.3	1000	5.4	100	0.3	5.66	5.6	10	2180	5.6	210	5.7	220	5.8	720	5.8	5.3	5.37	0	0	0	
VHL	32.7	26.9	29.8	29.1	10	29.2	60	29.3	10	0	0	29.8	10	280	29.9	530	30	2470	30.3	30	30	29.1	29.85	0	0	1174192	
VIE	6.7	5.5	6.1	0	0	0	0	0	0	0	0	0	0	0	0	0	0	0	0	0	0	0	6.1	0	0	100079	
VIF	17.9	14.7	16.3	15	300	15.3	100	16.3	20	0	0	16.3	60	160	17.4	140	17.9	10	0	0	16.3	16.3	16.3	0	0	0	
VIG	0.9	0.7	0.8	0	0	0	0	0.7	185130	0	0	0.8	100	17660	0.8	15760	0.9	51610	0	0	0.9	0.7	0.8	10	0	1630291	
VIT	15.9	13.1	14.5	14.2	230	14.3	10	14.5	380	0	0	14.5	120	1140	14.6	240	14.7	120	14.8	130	14.5	14.5	14.5	0	0	944950	
VIX	5.8	4.8	5.3	5.2	18390	5.3	9280	5.4	4110	0.2	3.77	5.5	100	26210	5.5	2500	5.6	1700	5.7	2300	5.5	5.3	5.42	0	0	5564990	
VKC	3.1	2.7	2.9	0	0	2.7	4130	2.8	1920	-0.1	-3.45	2.8	10	2630	2.9	7050	3	5780	3.1	3810	2.9	2.8	2.9	0	1600	697523	
VLA	12.7	10.5	11.6	0	0	0	0	0	0	0	0	0	0	0	0	0	0	0	0	0	0	0	11.6	0	0	46370	
VMC	10.5	8.7	9.6	9.5	580	9.6	990	9.7	490	0.2	2.08	9.8	20	720	9.8	200	9.9	110	10	270	9.8	9.5	9.7	0	0	920850	
VMI	0.7	0.5	0.6	0	0	0	0	0	0	0	0	0	0	0	0	0	0	0	0	0	0	0	0.6	0	0	449469	
VMS	7.7	6.3	7	0	0	0	0	0	0	0	0	0	0	0	6.3	10	7.3	500	7.5	500	0	0	7	0	0	436030	
VNC	35.7	29.3	32.5	30.5	30	30.6	10	32.5	20	0	0	0	0	0	33.5	70	35	20	0	0	0	0	32.5	0	0	375809	
VNF	34.4	28.2	31.3	0	0	0	0	0	0	0	0	0	0	0	28.5	400	0	0	0	0	0	0	31.3	0	0	377695	
VNR	21.4	17.6	19.5	18	100	18.2	100	19.1	20	0.3	1.54	19.8	10	120	19.8	10	19.9	710	20.2	790	19.8	19.5	19.52	0	0	2721187	
VNT	59.9	49.1	54.5	50.5	10	52	20	54.5	490	0	0	54.5	10	20	57.3	400	59.9	150	0	0	54.5	52.1	53.3	0	0	410950	
VSA	16.5	13.5	15	14.5	10	14.8	50	15	10	0	0	0	0	0	15.8	10	0	0	0	0	0	0	15	0	0	635133	
VSM	13	10.8	11.9	0	0	0	0	10.8	20	0	0	11.9	20	60	11.9	360	12	50	12.2	10	11.9	10.8	11.72	0	0	137591	
VTC	9.9	8.1	9	8.1	50	8.3	40	9	50	0	0	0	0	0	9.9	50	0	0	0	0	0	0	9	0	0	169192	
VTH	10.4	8.6	9.5	0	0	0	0	0	0	0	0	0	0	0	0	0	0	0	0	0	0	0	9.5	0	0	243990	
VTJ	5.8	4.8	5.3	0	0	0	0	0	0	0	0	0	0	0	5.1	1000	5.5	30	5.8	150	0	0	5.3	0	0	558430	
VTL	14.6	12	13.3	0	0	12.3	20	12.7	10	0	0	0	0	0	0	0	0	0	0	0	0	0	13.3	0	0	243251	
VTS	31.3	25.7	28.5	0	0	0	0	0	0	0	0	0	0	0	25.7	890	28.5	10	0	0	0	0	28.5	0	0	52936	
VTV	7.7	6.3	7	0	0	0	0	6.3	80	0	0	0	0	0	7	320	7.1	100	7.2	30	0	0	7	0	0	1522519	
VXB	7.1	5.9	6.5	0	0	0	0	0	0	0	0	0	0	0	5.9	20	6.5	10	6.8	20	0	0	6.5	0	0	198381	
WCS	187	153	170	166.3	20	166.4	10	166.5	10	-0.5	-0.29	169.5	20	30	170	80	175	10	180	20	170	169.5	169.67	0	10	56457	
WSS	1.9	1.7	1.8	0	0	0	0	1.7	610	0	0	1.8	40	230	1.9	170	0	0	0	0	1.9	1.7	1.82	0	0	2346880	
X20	7.9	6.5	7.2	0	0	0	0	6.5	100	0	0	0	0	0	0	0	0	0	0	0	0	0	7.2	0	0	845040	
