HOSE
886.22
2.32	0.26
883.4	-0.06	20584060	93.83	
886.59	0.3	474680275	5960.92	
886.22	0.26	499608204	6367.30	
AAA	14.35	12.55	13.45	13.65	32679	13.7	26752	13.75	4049	0.3	2.23	13.75	7983	460889	13.8	9270	13.85	3718	13.9	6986	13.75	14.05	13.5	19034	5505	6037369	
AAM	12.3	10.7	11.5	11.05	200	11.1	101	11.5	8	0.1	0.87	11.6	30	273	11.7	110	11.75	30	11.8	10	0	11.6	11.5	0	0	592344	
ABS	15.3	13.3	14.3	14.1	381	14.25	104	14.3	400	0.05	0.35	14.35	355	12855	14.35	1764	14.4	139	14.45	510	14.35	14.35	14	0	0	1410813	
ABT	36.1	31.4	33.75	31.6	2	32	201	32.05	1	0	0	0	0	0	33	100	33.5	100	33.75	2	0	0	0	0	0	655034	
ACC	19.9	17.3	18.6	18.6	350	18.65	300	19	19	0.4	2.15	19	1	780	19.8	43	19.9	508	0	0	19	19.9	18.6	0	55	298596	
ACL	26.1	22.7	24.4	25.2	1	25.3	232	25.35	2	1.05	4.3	25.45	2	7108	25.45	178	25.5	439	25.6	989	25.45	25.6	24.25	25	454	843901	
ADS	10.55	9.21	9.9	9.71	500	9.75	5	9.77	10	-0.1	-1.01	9.8	140	453	9.88	100	9.9	47	9.94	53	0	9.9	9.8	0	0	1248247	
AGG	28.95	25.25	27.1	26.9	840	27	461	27.1	220	0.1	0.37	27.2	700	25691	27.2	335	27.3	386	27.35	103	27.2	27.3	26.5	0	0	1622591	
AGM	16.15	14.05	15.1	15.75	26	15.8	50	15.9	103	0.9	5.96	16	63	9915	16	121	16.05	187	16.1	698	0	16.1	15	2220	2700	745550	
AGR	3.78	3.3	3.54	3.52	591	3.53	1975	3.54	923	0	0	3.54	1100	24327	3.55	1420	3.56	2322	3.57	3170	3.54	3.57	3.45	0	0	9960593	
AMD	3.58	3.12	3.35	3.56	8198	3.57	16966	3.58	32141	0.23	6.87	3.58	386	1122039	0	0	0	0	0	0	3.58	3.58	3.4	6294	29549	7713964	
ANV	19.4	16.9	18.15	19	3075	19.05	664	19.1	1149	1	5.51	19.15	2893	70713	19.15	404	19.2	4133	19.25	206	19.15	19.4	18.1	6952	465	6088911	
APC	19.45	16.95	18.2	19	10	19.1	51	19.45	4812	1.25	6.87	19.45	5	2974	0	0	0	0	0	0	19.45	19.45	18	0	0	654282	
APG	9.54	8.3	8.92	8.8	941	8.81	590	8.9	220	0	0	8.92	50	124284	8.92	222	8.95	371	9	352	8.92	9	8.8	2350	30500	3154684	
ASM	6.29	5.47	5.88	6.2	510	6.21	870	6.22	2513	0.34	5.78	6.22	4151	313455	6.23	904	6.24	10	6.25	2931	6.22	6.29	5.78	12853	0	12302867	
ASP	6.03	5.25	5.64	5.55	6	5.56	3	5.6	151	0.05	0.89	5.69	390	5069	5.69	17	5.7	119	5.72	95	5.69	5.7	5.5	0	0	0	
AST	59.3	51.7	55.5	55	286	55.1	423	55.2	379	-0.3	-0.54	55.2	200	10140	55.3	75	55.4	10	55.5	331	55.2	55.8	54.5	715	0	266023	
ATG	0.58	0.52	0.55	0.56	4346	0.57	3606	0.58	22991	0.03	5.45	0.58	401	14250	0	0	0	0	0	0	0.58	0.58	0.55	0	0	720624	
BBC	53.5	46.5	50	48	33	49	25	49.5	24	0.7	1.4	50.7	1	140	50.7	101	50.8	29	50.9	96	0	51	49.5	0	0	35769	
BCE	8.42	7.32	7.87	7.87	233	7.88	171	7.9	120	0.05	0.64	7.92	227	4898	7.92	92	7.94	148	7.95	628	7.92	7.95	7.82	0	0	1356998	
BCG	6.83	5.95	6.39	6.19	1513	6.2	1396	6.3	10	-0.02	-0.31	6.37	2500	94759	6.37	1167	6.38	247	6.39	527	6.37	6.45	6.18	1806	125	1656504	
BFC	14.2	12.4	13.3	13.35	1345	13.4	1600	13.45	500	0.2	1.5	13.5	2640	35086	13.5	1524	13.55	400	13.6	870	13.5	13.5	13.1	1039	90	2582696	
BHN	58.3	50.7	54.5	54.7	5	54.8	248	55	2	1.5	2.75	56	8	1742	56	93	56.1	23	56.5	64	0	56	53	20	0	7293713	
BIC	22.85	19.95	21.4	20.55	200	21	400	21.2	12	0.1	0.47	21.5	700	12442	21.5	16	21.55	110	21.6	508	21.5	21.6	20.45	900	2900	161269	
BID	44.7	38.9	41.8	41.95	495	42	5169	42.05	17	0.3	0.72	42.1	9507	121616	42.1	109	42.15	1050	42.2	6801	42.1	42.2	41.25	26066	2862	49447760	
BMC	13.9	12.1	13	12.3	686	12.4	239	12.7	1	-0.25	-1.92	12.75	30	1750	12.75	540	12.8	840	12.85	760	12.75	12.75	12.1	400	384	326673	
BMI	22.65	19.75	21.2	21.35	200	21.4	1021	21.5	683	0.3	1.42	21.5	800	16726	21.55	499	21.6	903	21.65	20	21.5	21.6	21.05	788	4744	1201577	
BMP	52.6	45.8	49.2	50.3	220	50.6	570	50.7	143	1.5	3.05	50.7	823	32019	50.8	10	51	314	51.1	419	50.7	51	48.6	8069	1482	1617880	
BRC	11.2	9.77	10.5	10	209	10.4	20	10.5	230	0	0	10.5	20	20	11	10	11.15	299	0	0	0	10.5	10.5	0	0	600909	
BSI	8.76	7.62	8.19	8.12	909	8.18	50	8.19	177	0	0	8.19	50	2117	8.2	849	8.25	53	8.29	89	8.19	8.19	8	0	50	4956548	
BTP	15.9	13.9	14.9	14.8	409	14.85	451	14.9	448	0.1	0.67	15	1	2357	15	1	15.1	422	15.2	6	15	15.1	14.9	0	0	2402695	
BTT	40.65	35.35	38	37	4	37.5	10	37.6	10	2	5.26	40	10	357	40	424	0	0	0	0	0	40	38	0	0	660452	
BVH	53.3	46.4	49.85	49.6	1770	49.65	631	49.7	111	-0.1	-0.2	49.75	3391	66934	49.75	253	49.8	1058	49.85	110	49.75	49.85	49.1	4337	18097	15337982	
BWE	23.5	20.5	22	22.55	1163	22.6	1880	22.65	587	0.7	3.18	22.7	478	21009	22.7	1951	22.75	3178	22.8	5	22.7	22.8	22	685	0	5950992	
C32	26.5	23.1	24.8	24.7	150	24.75	300	24.8	200	0.15	0.6	24.95	110	9694	24.9	67	24.95	45	25.2	5	24.95	24.95	24.5	0	4460	366160	
C47	12.3	10.7	11.5	10.9	690	11	300	11.5	1	0.15	1.3	11.65	500	1510	11.65	46	11.7	540	11.9	98	11.65	11.65	10.85	0	0	829803	
CAV	71.6	62.4	67	65	179	65.1	2	67	35	0	0	67	75	81	67.5	100	67.8	32	68	546	0	67	67	0	0	2806027	
CCI	14.55	12.65	13.6	13.05	230	13.5	1	13.6	2	0	0	13.6	37	452	13.95	20	14	2368	14.1	100	0	14	13.5	0	300	823571	
CCL	7.6	6.62	7.11	7.05	945	7.06	100	7.1	1418	-0.01	-0.14	7.1	310	36999	7.14	60	7.15	111	7.18	380	7.1	7.15	7	0	400	2114159	
CDC	17.2	15	16.1	0	0	0	0	16	9	0	0	0	0	0	16.1	2	0	0	0	0	0	0	0	0	0	764368	
CEE	16.45	14.35	15.4	0	0	0	0	14.4	2	0	0	0	0	0	15.25	240	15.3	66	15.4	52	0	0	0	0	0	2021552	
CHP	20.7	18	19.35	18.9	30	19	460	19.05	300	0	0	0	0	0	19.35	24	19.95	4	20	350	0	0	0	0	0	6311919	
CIG	1.6	1.4	1.5	1.52	132	1.55	318	1.57	1	0.1	6.67	1.6	2	365	1.6	37	0	0	0	0	1.6	1.6	1.5	0	0	1545178	
CII	20.7	18	19.35	19	25695	19.05	41964	19.1	17246	-0.25	-1.29	19.1	10246	130012	19.2	620	19.25	606	19.3	882	19.1	19.35	19.05	5965	70412	7591038	
CKG	10.7	9.3	10	9.94	100	9.95	969	9.96	812	-0.01	-0.1	9.99	105	13799	9.99	540	10	1300	10.05	1019	9.99	10.05	9.95	0	0	2403500	
CLC	29.2	25.4	27.3	26.75	3	26.8	2	27	20	-0.3	-1.1	27	560	2658	27.25	52	27.3	50	27.4	178	0	27.25	27	0	0	1222535	
CLG	1.4	1.22	1.31	1.36	1	1.37	9	1.4	8540	0.09	6.87	1.4	150	13193	0	0	0	0	0	0	1.4	1.4	1.31	0	0	1029699	
CLL	29.95	26.05	28	27.25	92	27.3	1000	27.5	8	-0.1	-0.36	27.9	10	10	27.9	49	28	47	28.5	45	0	27.9	27.9	0	0	1419098	
CLW	26.75	23.25	25	23.25	50	23.5	10	24	10	1.5	6	26.5	1	1	26.5	4	0	0	0	0	0	26.5	26.5	0	0	573966	
CMG	30.15	26.25	28.2	28.05	300	28.1	281	28.15	392	0	0	28.2	500	4966	28.2	55	28.25	300	28.3	552	28.2	28.45	28.1	0	120	1166195	
CMV	14.25	12.45	13.35	0	0	0	0	12.45	280	0.9	6.74	14.25	49	82	14.25	1	0	0	0	0	14.25	14.25	12.45	0	0	590605	
CMX	18.45	16.05	17.25	18.35	4390	18.4	1181	18.45	19915	1.2	6.96	18.45	343	93519	0	0	0	0	0	0	18.45	18.45	17.2	800	275	1156822	
CNG	22.8	19.9	21.35	20.95	101	21	610	21.3	3	-0.05	-0.23	21.3	20	904	21.35	1190	21.4	155	21.5	10	21.3	21.35	21	0	0	757888	
COM	45.55	39.65	42.6	40.2	1	40.6	3	42.6	2	0	0	42.6	13	18	43.9	2	44	29	45.5	3	0	42.6	40	0	0	685800	
CRC	12.25	10.65	11.45	10.9	13	10.95	10	11.35	200	-0.05	-0.44	11.4	300	4719	11.4	88	11.45	192	11.5	230	11.4	11.45	10.75	0	0	734797	
CRE	17.65	15.35	16.5	16.45	2641	16.5	3000	16.55	4154	0.05	0.3	16.55	2437	59793	16.6	3348	16.65	6604	16.7	6046	16.55	16.6	16.4	0	0	2329871	
CSM	17.1	14.9	16	15.9	2124	15.95	77	16	110	0	0	16	500	5548	16.2	739	16.25	404	16.3	1844	16	16.2	15.9	0	30	4862478	
CSV	25	21.8	23.4	23.55	488	23.6	1	23.75	390	0.4	1.71	23.8	2910	23251	23.8	1420	23.85	125	23.9	225	23.8	23.85	23.05	2878	4	1808106	
CTD	77	67	72	73	785	73.1	194	73.2	357	1.2	1.67	73.2	1336	32322	73.3	30	73.4	321	73.5	138	73.2	75	72	1296	345	185866	
CTF	22.7	19.8	21.25	20.7	300	20.8	260	20.85	10	0.05	0.24	21.3	180	14821	21.3	47	21.35	20	21.4	32	21.3	21.3	20.6	562	0	2230791	
CTG	26.35	22.95	24.65	24.35	15457	24.4	20958	24.45	7142	-0.2	-0.81	24.45	68184	542430	24.5	1866	24.55	14972	24.6	9871	24.45	24.7	24.2	28062	24365	583815	
CTI	20.75	18.05	19.4	19.05	1676	19.1	5836	19.15	617	-0.2	-1.03	19.2	2157	74992	19.2	148	19.25	581	19.3	338	19.2	19.45	19.1	4620	0	2360818	
CTS	7.83	6.81	7.32	7.52	1720	7.53	880	7.55	40	0.28	3.83	7.6	1209	37257	7.6	43	7.63	410	7.64	2800	7.6	7.68	7.3	1015	14000	4064606	
CVT	19	16.6	17.8	17.75	512	17.8	1686	17.85	662	0.05	0.28	17.85	516	10258	17.9	1775	17.95	1420	18	1065	17.85	17.9	17.7	302	357	3272310	
D2D	66.1	57.5	61.8	61.7	733	61.8	425	61.9	83	0.2	0.32	62	960	11273	62	479	62.2	236	62.3	237	62	62.3	61.2	1074	200	897486	
DAG	5.75	5.01	5.38	5.46	71	5.47	446	5.48	50	0.11	2.04	5.49	660	37061	5.49	116	5.5	4579	5.52	10	5.49	5.5	5.35	0	0	2102397	
DAH	12.75	11.15	11.95	12.15	2025	12.2	1978	12.25	1551	0.35	2.93	12.3	30	44821	12.3	198	12.35	1061	12.4	1935	12.3	12.35	11.95	3037	0	1628275	
DAT	7.32	6.38	6.85	6.85	201	7	1	7.32	1	0	0	0	0	0	0	0	0	0	0	0	0	0	0	0	0	2253957	
DBC	54.8	47.75	51.3	53.7	188	53.8	469	53.9	945	2.7	5.26	54	12453	387735	54	1510	54.1	1777	54.2	250	54	54.8	49.8	1081	2256	4354911	
DBD	52.4	45.6	49	48.1	100	48.3	10	48.5	60	0	0	49	300	7010	48.9	949	48.95	10	49	1812	49	49.5	48	43	13	5235669	
DCL	22.65	19.75	21.2	20.9	500	21	178	21.1	3	0	0	21.2	162	4046	21.2	460	21.25	60	21.3	564	21.2	21.3	20.1	108	0	1679667	
DCM	8.92	7.76	8.34	8.38	501	8.4	2286	8.43	48	0.09	1.08	8.43	3872	86898	8.48	512	8.49	348	8.5	2262	8.43	8.55	8.15	2415	0	24931061	
DGW	31.95	27.85	29.9	30.75	216	30.8	965	30.85	677	1	3.34	30.9	1232	90377	30.9	1997	30.95	583	31	1080	30.9	31.5	29.9	2832	1010	1037352	
DHA	33.55	29.25	31.4	31.1	112	31.2	59	31.3	2	0	0	31.4	200	1394	31.4	468	31.5	265	31.6	102	31.4	31.4	31	37	0	600533	
DHC	38.45	33.45	35.95	35.35	961	35.4	1611	35.45	827	-0.45	-1.25	35.5	1761	31277	35.5	2932	35.6	1180	35.7	956	35.5	35.8	35.35	1470	8747	664803	
DHG	99.6	86.6	93.1	92.4	11	92.5	273	92.7	111	-0.4	-0.43	92.7	784	1865	93.5	37	93.8	39	93.9	11	92.7	94	92.7	711	608	5956063	
DHM	8.56	7.44	8	8.15	552	8.18	420	8.19	163	0.19	2.38	8.19	475	17018	8.2	50	8.29	200	8.3	355	8.19	8.3	7.86	0	0	1531248	
DIC	2.05	1.79	1.92	1.84	5952	1.85	2340	1.86	200	-0.05	-2.6	1.87	9	75787	1.87	791	1.88	500	1.89	200	1.87	1.92	1.82	666	0	1275632	
DIG	13.55	11.85	12.7	12.55	8036	12.6	12453	12.65	603	0	0	12.7	6978	89119	12.7	12159	12.75	5911	12.8	14261	12.7	12.75	12.5	70	769	4600785	
DLG	1.63	1.43	1.53	1.52	23345	1.53	20287	1.54	15151	0.02	1.31	1.55	24105	666725	1.55	2552	1.56	39188	1.57	35596	1.55	1.58	1.51	3385	4574	13847477	
DMC	58.4	50.8	54.6	54.7	217	54.8	200	54.9	150	0.4	0.73	55	454	5535	55	41	55.1	379	55.2	28	55	55.5	54.5	936	0	1448019	
DPG	25.6	22.3	23.95	24.2	692	24.25	3	24.35	31	0.4	1.67	24.35	704	20864	24.4	565	24.45	247	24.5	2745	24.35	24.55	23.6	1512	0	2185264	
DPM	15.6	13.6	14.6	14.75	12193	14.8	19467	14.85	529	0.25	1.71	14.85	6546	260056	14.9	2940	14.95	8086	15	19394	14.85	14.95	14.55	18567	28326	14408869	
DPR	40.8	35.5	38.15	38	320	38.15	350	38.2	1	0.1	0.26	38.25	100	1193	38.25	19	38.3	100	38.5	203	38.25	38.5	36.05	0	163	1501836	
DQC	20.3	17.7	19	18.6	1	18.65	1	18.7	1	0.35	1.84	19.35	38	2168	19.3	23	19.35	99	19.4	56	19.35	19.8	17.7	54	35	1591897	
DRC	20.95	18.25	19.6	19.6	2692	19.65	6246	19.7	1530	0.15	0.77	19.75	1152	41430	19.75	1122	19.8	2589	19.9	1609	19.75	19.8	19.5	5688	10850	3380344	
DRH	8.45	7.35	7.9	7.85	27	7.86	8	7.88	200	0	0	7.9	12960	170279	7.9	2025	7.91	996	7.92	654	7.9	8	7.6	7362	1383	2839744	
DRL	54.9	47.85	51.4	50.7	11	50.8	32	51	85	-0.4	-0.78	51	15	15	51.4	3	51.5	30	51.6	300	0	51	51	0	0	459240	
DSN	50.6	44	47.3	47.25	50	47.3	36	47.4	266	0.15	0.32	47.45	4	1007	47.45	108	47.5	10	47.55	36	47.45	47.75	47.2	30	0	372506	
DTA	4.81	4.19	4.5	4.31	66	4.32	3	4.5	3	0.07	1.56	4.57	1	958	4.51	3	4.57	99	4.58	100	4.57	4.68	4.3	0	0	881866	
DTL	10.25	8.91	9.58	0	0	0	0	0	0	-0.67	-6.99	8.91	1	2	8.91	38	9.58	74	10.25	10	0	8.91	8.91	0	0	3008671	
DTT	14.95	13.05	14	0	0	0	0	0	0	0.5	3.57	14.5	1	1	14.5	4	14.9	2	14.95	2	0	14.5	14.5	0	0	397869	
DVP	36.75	31.95	34.35	34.2	150	34.3	6	34.4	160	0.25	0.73	34.6	1	870	34.6	71	34.65	2630	34.7	100	34.6	34.6	34.4	0	0	1407735	
DXG	12.7	11.1	11.9	11.85	11283	11.9	16505	11.95	7051	0.1	0.84	12	34959	295461	12	22033	12.05	5350	12.1	14470	12	12	11.7	16448	5700	4697354	
DXV	2.27	1.99	2.13	2.17	1063	2.2	1	2.27	1121	0.14	6.57	2.27	2	1156	0	0	0	0	0	0	0	2.27	2.25	0	0	479568	
E1VFVN30	14.65	12.75	13.7	13.65	1878	13.66	10	13.68	1	0.05	0.36	13.75	161	44686	13.75	1607	13.78	2	13.79	10	13.75	13.75	13.64	43054	1003230	591669	
EIB	18.85	16.45	17.65	17.6	778	17.65	2953	17.7	196	0.05	0.28	17.7	6610	44798	17.8	8	17.85	26	17.9	371	17.7	18	17.65	5	1400	19025	
ELC	5.57	4.85	5.21	5.22	500	5.23	506	5.24	412	0.03	0.58	5.24	778	9417	5.3	124	5.35	120	5.4	30	5.24	5.3	5.18	1999	5607	1460396	
EMC	13.2	11.5	12.35	0	0	0	0	11.5	233	0.85	6.88	13.2	1	527	0	0	0	0	0	0	0	13.2	11.5	0	0	749034	
EVE	10.95	9.54	10.25	10.45	490	10.5	449	10.65	100	0.45	4.39	10.7	10	6951	10.7	131	10.75	1150	10.8	80	0	10.7	10.1	604	525	1470759	
EVG	3.65	3.19	3.42	3.63	102000	3.64	11361	3.65	109231	0.23	6.73	3.65	3000	231780	0	0	0	0	0	0	3.65	3.65	3.5	0	1000	2857503	
FCM	6.82	5.94	6.38	6.45	1000	6.46	601	6.47	85	0.09	1.41	6.47	300	5595	6.65	100	6.7	3405	6.8	100	6.47	6.6	6.28	0	0	1907093	
FCN	10.3	8.98	9.65	9.82	4441	9.83	80	9.85	1137	0.2	2.07	9.85	9045	127222	9.89	702	9.9	2592	9.91	361	9.85	9.99	9.54	4007	0	2911531	
FDC	13.9	12.1	13	12.1	27	12.15	32	12.4	80	0	0	13	95	154	13	21	13.3	60	13.5	30	13	13	12.15	0	0	1891253	
FIR	32.7	28.5	30.6	30.8	1521	30.9	241	30.95	567	0.35	1.14	30.95	733	11455	31	131	31.1	348	31.15	144	30.95	31.1	30.8	780	0	1003376	
FIT	6.83	5.95	6.39	6.34	13993	6.35	11329	6.36	687	-0.03	-0.47	6.36	1050	47900	6.38	1500	6.39	425	6.4	1725	6.36	6.47	6.29	749	0	12140815	
FLC	3.25	2.83	3.04	3.09	23583	3.1	8482	3.11	3560	0.08	2.63	3.12	26114	1166272	3.12	43280	3.13	25873	3.14	36104	3.12	3.15	3.04	30016	2117	32870664	
FMC	28.65	24.95	26.8	28	210	28.2	335	28.5	97	1.85	6.9	28.65	1946	41065	28.65	4378	0	0	0	0	28.65	28.65	26.6	10602	300	1971882	
FPT	51.7	45.05	48.4	48.5	1360	48.55	5	48.6	85	0.3	0.62	48.7	20707	123620	48.7	5520	48.75	2803	48.8	7161	48.7	48.7	48.15	46016	45410	0	
FRT	27.45	23.95	25.7	27.25	1869	27.3	1000	27.4	197	1.75	6.81	27.45	43682	236345	27.45	9314	0	0	0	0	27.45	27.45	25.25	7035	2423	1031143	
FTM	1.64	1.44	1.54	1.49	211	1.5	551	1.52	906	-0.01	-0.65	1.53	404	35032	1.53	579	1.54	2390	1.55	55	1.53	1.55	1.46	0	0	2430244	
FTS	13.6	11.9	12.75	13.45	1000	13.5	746	13.55	5389	0.85	6.67	13.6	514	81809	13.6	2453	0	0	0	0	13.6	13.6	13.5	122	110	9456716	
FUCTVGF1	12.7	11.1	11.9	0	0	0	0	0	0	0	0	0	0	0	0	0	0	0	0	0	0	0	0	0	0	734571	
FUCTVGF2	10.95	9.54	10.25	0	0	0	0	0	0	0	0	0	0	0	10.25	1	0	0	0	0	0	0	0	0	0	808607	
FUCVREIT	7.96	6.92	7.44	0	0	0	0	6.92	9	0.34	4.57	7.78	1	28	7.78	34	7.8	7	7.96	5	7.78	7.78	6.92	1	0	239084	
FUESSV50	12.94	11.26	12.1	11.8	1200	11.9	1000	12	1047	0	0	12.1	270	7780	12.1	830	12.2	515	12.3	1210	12.1	12.2	12	4	2094	440969	
FUESSVFL	10.48	9.12	9.8	9.66	3776	9.67	3368	9.7	10	-0.09	-0.92	9.71	200	264	9.74	10606	9.75	10725	9.76	10727	0	9.71	9.69	100000	0	1003358	
FUEVFVND	13.28	11.56	12.42	12.28	20	12.3	20	12.33	692	-0.08	-0.64	12.34	2	1666	12.34	59	12.38	2	12.4	578	12.34	12.35	12.3	101546	0	103942	
GAB	166.2	144.6	155.4	155.6	2182	155.7	2314	155.8	924	0.6	0.39	156	175	1477	155.9	567	156	459	156.5	50	156	160	155.4	0	0	662255	
GAS	83.4	72.6	78	76.7	923	76.8	1179	76.9	310	-1	-1.28	77	8066	88133	77	2448	77.5	230	77.6	482	77	78	76.5	3755	15673	87412541	
GDT	30.15	26.25	28.2	28	211	28.1	12	28.3	50	0.15	0.53	28.35	11	616	28.35	76	28.4	94	28.5	303	28.35	28.4	28	41	0	487982	
GEG	22.25	19.35	20.8	20.75	1985	20.8	2090	20.85	502	0.1	0.48	20.9	3932	44609	20.9	1305	20.95	848	21	6962	20.9	21	20.65	2075	0	2455193	
GEX	18.15	15.85	17	17.3	4558	17.35	11966	17.4	13942	0.45	2.65	17.45	13785	228376	17.45	3137	17.5	11836	17.55	4315	17.45	17.55	16.75	2189	9908	16567966	
GIL	20.65	17.95	19.3	19.45	30	19.5	1020	19.55	115	0.3	1.55	19.6	205	15085	19.6	355	19.65	520	19.7	410	19.6	19.75	19.05	70	0	1054955	
GMC	19.75	17.25	18.5	18.5	242	18.55	75	19	106	0.7	3.78	19.2	3	1551	19.2	199	19.3	1	19.35	50	0	19.2	18.5	0	0	1035702	
GMD	21.2	18.5	19.85	20.65	150	20.7	3	20.8	45	1	5.04	20.85	7122	80266	20.85	973	20.9	2013	20.95	500	20.85	20.85	19.6	277	277	0	
GSP	11.05	9.63	10.35	9.8	540	10	300	10.05	10	0	0	10.35	11	203	10.35	1711	10.4	50	10.5	5	10.35	10.35	10.3	0	0	1313733	
GTA	11.1	9.68	10.4	10.2	202	10.25	102	10.3	2	0.3	2.88	10.7	3	222	10.7	4	10.75	20	10.8	122	10.7	10.8	10.25	1	0	506425	
GTN	18.45	16.05	17.25	18.35	6456	18.4	7132	18.45	11473	1.2	6.96	18.45	4311	417915	0	0	0	0	0	0	18.45	18.45	17	6512	864	24905443	
GVR	13.55	11.85	12.7	12.8	7140	12.85	2179	12.9	1468	0.2	1.57	12.9	18800	136866	12.95	7305	13	29150	13.05	567	12.9	12.9	12.6	40020	0	49531568	
HAG	5.43	4.73	5.08	5.39	2060	5.4	237	5.41	1000	0.34	6.69	5.42	154516	967640	5.42	29381	5.43	221612	0	0	5.42	5.42	4.98	3200	1200	38117174	
HAH	12.45	10.85	11.65	11.6	592	11.65	486	11.7	559	0.15	1.29	11.8	100	4408	11.8	5413	11.85	30	11.9	965	11.8	11.8	11.65	0	0	1368602	
HAI	3.41	2.97	3.19	3.37	430	3.38	995	3.39	1	0.21	6.58	3.4	19966	390934	3.4	25851	3.41	85555	0	0	3.4	3.4	3.18	15506	700	8581450	
HAP	3.4	2.96	3.18	3.15	650	3.16	585	3.18	425	0.01	0.31	3.19	630	2149	3.19	170	3.2	2944	3.24	245	3.19	3.2	3.17	0	0	2329626	
HAR	3.49	3.05	3.27	3.37	150	3.38	7513	3.39	5586	0.13	3.98	3.4	1832	68898	3.4	248	3.41	47	3.42	3442	3.4	3.44	3.2	0	0	4951129	
HAS	7.49	6.51	7	6.51	2	6.6	600	6.61	100	0	0	0	0	0	7.1	180	7.2	3	7.3	113	0	0	0	0	0	235559	
HAX	12.4	10.8	11.6	11.65	50	11.7	433	11.8	130	0.25	2.16	11.85	1910	28529	11.85	5297	11.9	2616	11.95	2357	11.85	11.95	11.5	0	0	1536131	
HBC	9.63	8.37	9	9.61	30145	9.62	2292	9.63	23150	0.63	7	9.63	2355	1277462	0	0	0	0	0	0	9.63	9.63	9.05	33934	0	6808273	
HCD	3.27	2.85	3.06	3.25	2473	3.26	3536	3.27	41416	0.21	6.86	3.27	250	269588	0	0	0	0	0	0	3.27	3.27	3.05	0	0	1320161	
HCM	21.05	18.35	19.7	19.85	304	19.9	1525	19.95	1175	0.3	1.52	20	8037	285945	20	662	20.05	2435	20.1	3641	20	20.2	19.55	6750	86339	14295575	
HDB	29.7	25.9	27.8	27.25	2432	27.3	650	27.35	101	-0.3	-1.08	27.5	6334	93187	27.5	1042	27.55	107	27.6	590	27.5	27.8	26.9	4079	14610	8657591	
HDC	16.95	14.75	15.85	16.25	884	16.3	4272	16.35	895	0.55	3.47	16.4	1023	110508	16.4	3363	16.45	3626	16.5	16012	16.4	16.4	15.65	5448	25783	2542011	
HDG	30.35	26.45	28.4	28.45	602	28.5	2935	28.55	158	0.2	0.7	28.6	1542	41810	28.6	1129	28.65	5	28.75	400	28.6	28.8	28.2	1524	124	3952559	
HHS	4.65	4.05	4.35	4.57	4831	4.58	1	4.59	1	0.25	5.75	4.6	16218	562770	4.6	308	4.61	2194	4.62	11080	4.6	4.62	4.44	14138	20000	12599862	
HID	2.8	2.44	2.62	2.6	4089	2.61	1	2.62	159	0	0	2.62	1673	57992	2.63	400	2.64	200	2.65	888	2.62	2.65	2.57	0	0	2825238	
HII	14.95	13.05	14	13.9	324	13.95	100	14	602	0.1	0.71	14.1	201	20663	14.1	158	14.15	107	14.2	478	14.1	14.3	13.8	0	92	1351124	
HMC	15.05	13.15	14.1	13.85	20	13.9	10	14	190	0.1	0.71	14.2	700	1255	14.2	87	14.55	10	14.6	210	0	14.2	14.1	50	0	1003076	
HNG	16.35	14.25	15.3	15.4	1105	15.45	1188	15.5	218	0.2	1.31	15.5	5219	89897	15.6	1050	15.65	2837	15.7	5240	15.5	15.95	15	1485	408	53993057	
HOT	43.3	37.7	40.5	37.7	1	38.1	10	40.5	20	0	0	40.5	30	30	42	28	43	243	43.2	50	0	40.5	40.5	0	0	391818	
HPG	28.45	24.75	26.6	26.9	9732	26.95	8287	27	6850	0.45	1.69	27.05	87888	1353206	27.05	25746	27.1	4062	27.15	3998	27.05	27.3	26.2	72748	486244	34942853	
HPX	29.25	25.45	27.35	26.5	61	26.7	20	27	1	-0.35	-1.28	27	210	50305	27.15	116	27.2	841	27.3	287	27	27.5	26.5	0	50	8084686	
HQC	1.53	1.33	1.43	1.51	42142	1.52	22110	1.53	820664	0.1	6.99	1.53	7719	4620784	0	0	0	0	0	0	1.53	1.53	1.49	4192	21900	21596376	
HRC	40.65	35.35	38	35.5	100	35.55	2	38	156	0	0	38	26	44	39.9	27	40	49	40.5	2	38	38	38	0	26	1456896	
HSG	10.6	9.23	9.92	10.5	6939	10.55	4385	10.6	205709	0.68	6.85	10.6	2488	1650430	0	0	0	0	0	0	10.6	10.6	9.84	40594	56487	15436415	
HSL	5.6	4.88	5.24	5.22	805	5.23	614	5.24	543	0.01	0.19	5.25	219	8022	5.25	13	5.29	372	5.3	78	5.25	5.3	5.21	0	0	1362367	
HT1	15.6	13.6	14.6	14.5	1990	14.55	1286	14.6	301	0.05	0.34	14.65	104	39828	14.65	132	14.7	151	14.8	310	14.65	14.65	14	5008	0	16243077	
HTI	13.5	11.8	12.65	12.55	400	12.6	300	12.65	100	0.05	0.4	12.7	200	308	12.9	54	12.95	37	13	101	0	12.95	12.6	0	0	791479	
HTL	13.9	12.1	13	12.5	10	12.55	65	12.7	100	-0.4	-3.08	12.6	77	324	13.65	50	13.7	101	13.75	8	0	13	12.6	0	245	31550	
HTN	20.1	17.5	18.8	19	130	19.1	215	19.2	153	0.4	2.13	19.2	210	4091	19.25	50	19.5	370	19.55	55	19.2	19.5	18.6	0	0	1428497	
HTT	0.73	0.65	0.69	0	0	0	0	0	0	0	0	0	0	0	0	0	0	0	0	0	0	0	0	0	0	956200	
HTV	13.55	11.85	12.7	11.9	484	12	242	12.1	1	0.1	0.79	12.8	3	2004	12.8	24	13.3	24	13.35	5	12.8	13.3	12	4	0	455766	
HU1	6.31	5.49	5.9	5.5	6	5.7	126	6	3	-0.2	-3.39	5.7	4	483	6.19	28	6.3	55	6.31	1	0	5.8	5.7	0	0	453177	
HU3	7.91	6.89	7.4	7.3	500	7.35	99	7.4	81	0	0	7.4	10	110	7.8	100	7.9	10	7.91	1	0	7.4	7.35	19	0	433933	
HUB	18.7	16.3	17.5	0	0	16.5	51	16.6	25	-0.1	-0.57	17.4	1	86	17.4	49	17.5	497	17.8	81	17.4	17.5	16.5	0	0	747054	
HVG	5.77	5.03	5.4	0	0	0	0	0	0	0	0	0	0	0	0	0	0	0	0	0	0	0	0	0	0	9040458	
HVH	9.2	8	8.6	9.18	11	9.19	22	9.2	7039	0.6	6.98	9.2	40	76568	0	0	0	0	0	0	9.2	9.2	8.6	257	0	961843	
HVN	29.75	25.95	27.85	28.1	2735	28.15	1912	28.2	9443	0.4	1.44	28.25	3075	217422	28.25	1363	28.3	13738	28.35	5470	28.25	28.7	27.8	4895	3017	29310331	
HVX	3.95	3.45	3.7	0	0	0	0	0	0	0	0	0	0	0	3.59	32	3.6	30	3.65	20	0	0	0	0	0	1924059	
IBC	23.95	20.85	22.4	22.15	134	22.25	120	22.3	134	-0.05	-0.22	22.35	3	23871	22.35	82	22.4	97	22.45	184	22.35	22.45	22.3	0	0	2104436	
ICT	17	14.8	15.9	16.3	487	16.4	1	16.5	82	0.8	5.03	16.7	10	17050	16.7	290	16.8	1	16.9	820	0	17	16	0	0	3215071	
IDI	4.65	4.05	4.35	4.6	6982	4.61	693	4.62	100	0.28	6.44	4.63	13913	356075	4.63	23494	4.64	6547	4.65	68114	4.63	4.65	4.28	13343	0	10964786	
IJC	13.15	11.45	12.3	12.95	131	13	282	13.05	500	0.8	6.5	13.1	4412	127066	13.1	949	13.15	15222	0	0	13.1	13.15	12.3	1171	0	6519025	
ILB	17.95	15.65	16.8	16.5	160	16.6	207	16.65	30	-0.2	-1.19	16.6	70	110	16.8	600	16.9	270	17	820	0	16.9	16.6	0	0	0	
IMP	64.5	56.1	60.3	59.1	270	59.3	402	59.4	90	-0.4	-0.66	59.9	37	9391	59.9	149	60	2375	60.1	99	59.9	60.1	57	10	0	0	
ITA	4.64	4.04	4.34	4.62	12350	4.63	13325	4.64	413897	0.3	6.91	4.64	1146	2985554	0	0	0	0	0	0	4.64	4.64	4.15	15686	5387	39465999	
ITC	13.35	11.65	12.5	12	90	12.1	300	12.2	20	0	0	0	0	0	12.8	50	12.85	300	12.9	357	0	0	0	0	0	3518730	
ITD	9.73	8.47	9.1	8.75	6	8.79	14	8.8	140	-0.3	-3.3	8.8	25	903	8.82	109	9.08	700	9.1	1139	0	8.81	8.76	0	0	684748	
JVC	3.21	2.79	3	3.11	2525	3.12	543	3.14	2346	0.15	5	3.15	4497	143462	3.15	2138	3.16	2560	3.17	2228	3.15	3.17	2.97	3399	0	867647	
KBC	15.15	13.25	14.2	14.3	4502	14.35	3706	14.4	604	0.2	1.41	14.4	5455	193938	14.45	4829	14.5	18429	14.55	20711	14.4	14.5	14.05	25489	0	12808810	
KDC	35.8	31.2	33.5	33.3	1244	33.4	2000	33.45	2918	-0.05	-0.15	33.45	9917	44366	33.5	10740	33.55	576	33.6	1141	33.45	33.55	32.5	37191	2053	20828553	
KDH	24.6	21.4	23	23.2	1590	23.25	4556	23.3	5403	0.35	1.52	23.35	3486	101293	23.35	563	23.4	2962	23.45	2325	23.35	23.45	22.9	1908	86	2766461	
KHP	8.87	7.71	8.29	8.05	550	8.06	42	8.07	17	-0.19	-2.29	8.1	182	410	8.1	31	8.2	96	8.28	2	8.1	8.11	8.06	20	0	1169113	
KMR	2.33	2.03	2.18	2.23	321	2.24	1	2.25	1	0.08	3.67	2.26	1011	11295	2.26	1000	2.27	1035	2.28	760	2.26	2.29	2.17	0	0	2119687	
KOS	32.3	28.1	30.2	30.5	1148	30.6	3578	30.7	3307	0.6	1.99	30.8	6121	38990	30.8	1085	30.9	125	31	115	30.8	30.9	30	3497	0	5039132	
KPF	17.8	15.5	16.65	0	0	0	0	15.6	1	0.35	2.1	17	1	1	17	9	17.7	20	17.8	20	0	17	17	0	0	882579	
KSB	29.4	25.6	27.5	27.3	2318	27.35	1469	27.4	4147	-0.1	-0.36	27.4	9087	101420	27.5	883	27.55	138	27.6	300	27.4	28.05	26.8	0	1038	2039758	
L10	14.45	12.65	13.55	13.5	10	13.6	2	13.65	10	0	0	0	0	0	0	0	0	0	0	0	0	0	0	0	0	475275	
LAF	9.59	8.35	8.97	8.35	267	8.36	320	8.4	50	-0.61	-6.8	8.36	100	151	8.66	30	8.96	5	8.97	20	0	8.41	8.36	0	0	687617	
LBM	28.85	25.15	27	27	154	27.05	100	27.1	50	0.9	3.33	27.9	7	342	27.9	16	27.95	106	28	10	27.9	28.5	27	40	0	433775	
LCG	8.57	7.45	8.01	7.9	6616	7.91	492	7.92	5765	-0.09	-1.12	7.92	9426	83336	7.96	50	7.97	150	7.98	1052	7.92	8.1	7.8	329	232	1893606	
LCM	0.68	0.6	0.64	0.62	2000	0.63	2200	0.64	2684	0.01	1.56	0.65	2	7622	0.65	43	0.66	830	0.67	660	0	0.66	0.64	0	0	995529	
LDG	6.38	5.56	5.97	6.12	1913	6.13	1410	6.14	991	0.18	3.02	6.15	8117	336670	6.15	1237	6.16	1765	6.17	1738	6.15	6.21	5.93	28631	0	11446325	
LEC	18.05	15.75	16.9	0	0	0	0	15.75	20	-0.1	-0.59	16.8	15	17	16.7	22	16.8	33	17	76	16.8	16.8	16.8	0	0	1278863	
LGC	46.95	40.85	43.9	0	0	0	0	0	0	-1	-2.28	42.9	260	671	42.9	258	43.9	1	44	20	42.9	42.9	40.85	0	660	768586	
LGL	5.12	4.46	4.79	4.77	270	4.78	1437	4.79	180	0.01	0.21	4.8	4103	48252	4.8	38597	4.81	100	4.82	400	4.8	4.81	4.77	5285	44390	2332319	
LHG	19.65	17.15	18.4	18.3	3720	18.35	49	18.4	620	0.1	0.54	18.5	696	46734	18.5	1333	18.55	5003	18.6	14356	18.5	18.6	18.1	23551	0	2086365	
LIX	58.6	51	54.8	53.9	3	54	229	54.3	111	-0.1	-0.18	54.7	1	5838	54.7	76	54.8	9	55	583	54.7	55.1	54.1	23	63	1240170	
LM8	17.75	15.45	16.6	15.7	1	15.8	22	16	80	-0.3	-1.81	16.3	12	170	16.3	455	16.8	2	16.9	40	0	17	15.5	0	0	443472	
LMH	0.74	0.66	0.7	0	0	0.66	20901	0.67	358	-0.02	-2.86	0.68	5938	155878	0.68	2635	0.69	3105	0.7	9948	0.68	0.69	0.66	0	0	2545923	
LSS	5.23	4.55	4.89	4.72	220	4.75	90	4.8	1536	0	0	4.89	851	7428	4.89	44	4.9	1046	4.92	350	4.89	4.9	4.8	0	0	3317151	
MBB	19.25	16.75	18	17.75	30327	17.8	50523	17.85	27652	-0.1	-0.56	17.9	49180	686485	17.9	8282	17.95	10697	18	54508	17.9	18	17.8	5603	74923	0	
MCG	1.78	1.56	1.67	1.56	1180	1.57	1	1.59	52	-0.01	-0.6	1.66	50	777	1.66	54	1.67	449	1.7	655	1.66	1.66	1.59	0	0	2546184	
MCP	13.45	11.75	12.6	0	0	11.8	10	12	50	0	0	0	0	0	13.45	1	0	0	0	0	0	0	0	0	0	735596	
MDG	11.75	10.25	11	0	0	10.3	40	11	175	0.7	6.36	11.7	1	147	11.7	450	11.75	115	0	0	0	11.7	11	0	0	533562	
MHC	3.25	2.83	3.04	3.04	1956	3.05	304	3.06	240	0.06	1.97	3.1	710	3040	3.08	10	3.1	785	3.12	500	3.1	3.18	3.04	0	0	1947194	
MSH	38.7	33.7	36.2	36.3	69	36.4	10	36.5	673	0.3	0.83	36.5	4000	29462	36.7	60	36.9	70	36.95	425	36.5	37.5	35.95	387	0	2250275	
MSN	67.9	59.1	63.5	62.7	3740	62.8	2039	62.9	207	-0.5	-0.79	63	5998	182668	63	16361	63.1	673	63.2	551	63	63.3	62.5	8179	34643	11363026	
MWG	91.4	79.6	85.5	85.7	1401	85.8	39	86	30	0.6	0.7	86.1	9291	74428	86.1	207	86.2	3125	86.3	3421	86.1	86.2	85.1	0	0	0	
NAF	26.2	22.8	24.5	23.7	58	23.8	10	24	104	-0.5	-2.04	24	2170	6247	24.5	750	24.6	364	24.7	426	24	24.6	23.65	0	0	4117225	
NAV	19.45	16.95	18.2	0	0	16.95	1	17	30	0	0	0	0	0	0	0	0	0	0	0	0	0	0	0	0	381738	
NBB	20.3	17.7	19	18.75	1700	18.8	136	18.85	40	-0.2	-1.05	18.8	270	3749	19	660	19.05	100	19.1	159	0	19	18.8	2900	0	3102306	
NCT	65.6	57.2	61.4	61.1	166	61.2	241	61.3	149	0	0	61.4	15	2540	61.4	244	61.5	202	61.6	219	61.4	61.5	61.2	80	0	1001357	
NHH	51.3	44.65	48	46.5	10	46.6	61	47	9	0	0	48	18	22838	48	68	48.5	150	49	129	48	48	46	546	61	1675460	
NKG	8.26	7.18	7.72	8.01	16923	8.02	7607	8.03	6871	0.31	4.02	8.03	10895	458817	8.04	2006	8.05	2728	8.06	13910	8.03	8.14	7.66	28580	50	14457078	
NLG	25.45	22.2	24.3	24.1	4080	24.15	3069	24.2	1290	-0.05	-0.21	24.25	3455	81843	24.25	7958	24.3	2082	24.35	850	24.25	24.25	23.5	5106	0	389021	
NNC	50.1	43.6	46.85	45.85	500	46	300	46.5	403	-0.35	-0.75	46.5	19	22	46.9	10	47.1	25	47.2	1	46.5	46.85	45.5	0	0	685649	
NSC	67.5	58.7	63.1	62	40	62.1	100	62.2	1	0.1	0.16	63.2	10	332	63.2	10	63.3	121	63.4	195	63.2	63.4	62	11	0	681193	
NT2	22.55	19.65	21.1	21.15	1131	21.2	1836	21.25	878	0.25	1.18	21.35	3107	14594	21.35	1844	21.4	1113	21.45	865	21.35	21.35	21.1	365	1365	8953871	
NTL	19.25	16.75	18	17.8	3522	17.85	197	17.9	1079	-0.05	-0.28	17.95	1143	56817	17.95	384	18	3510	18.05	1210	17.95	18	17.6	2909	7686	2836542	
NVL	58.3	50.7	54.5	54.3	1121	54.4	482	54.5	3300	0.1	0.18	54.6	5952	56532	54.6	2143	54.7	4353	54.8	7433	54.6	54.6	54.3	3295	1180	31414540	
NVT	5.35	4.65	5	4.95	200	4.96	100	5	195	0	0	5	5	735	5.14	115	5.18	20	5.35	157	5	5	4.8	0	0	7325534	
OGC	3.9	3.4	3.65	3.73	405	3.74	12710	3.75	134	0.1	2.74	3.75	3604	291264	3.76	1900	3.77	2219	3.78	6737	3.75	3.81	3.62	4806	661	14614162	
OPC	58.8	51.2	55	56	5	56.5	19	56.6	82	2.6	4.73	57.6	2	162	57.8	115	57.9	966	58	4	0	57.6	56.5	0	0	1166837	
PAC	24.05	20.95	22.5	23.2	1721	23.25	950	23.4	75	0.9	4	23.4	400	15141	23.7	599	23.8	170	23.9	153	23.4	23.7	22.5	1850	5065	1309805	
PAN	23.25	20.25	21.75	21.55	245	21.65	160	21.7	165	-0.05	-0.23	21.7	50	9219	21.75	818	21.9	670	21.95	30	21.7	21.75	21.1	0	1000	1040077	
PC1	19.45	16.95	18.2	18	2910	18.05	1070	18.1	2367	-0.1	-0.55	18.1	2332	46325	18.2	3614	18.25	2782	18.3	11938	18.1	18.25	18	6054	1000	4783683	
PDN	72.4	63	67.7	67.5	675	67.6	103	67.7	28	0	0	67.7	50	340	67.9	26	68	49	68.2	60	67.7	67.9	67.7	66	101	902302	
PDR	27.6	24	25.8	26.1	1050	26.2	1050	26.3	20	0.5	1.94	26.3	1867	87171	26.35	330	26.4	118	26.5	950	26.3	26.3	25.3	5309	10700	15064356	
PET	8.98	7.82	8.4	8.53	100	8.54	651	8.55	347	0.15	1.79	8.55	699	22128	8.56	200	8.57	300	8.58	582	8.55	8.59	8.31	240	49	2803659	
PGC	19.65	17.15	18.4	17.7	4702	17.75	1533	17.8	1316	-0.6	-3.26	17.8	1574	35583	17.85	316	17.9	1733	17.95	1670	17.8	18.4	17.7	468	6704	2560108	
PGD	31.55	27.45	29.5	28.7	12	28.85	2	29	67	0	0	29.5	100	573	29.5	148	29.7	18	30.9	5	0	29.6	29	50	560	182494	
PGI	17.1	14.9	16	15.5	201	15.55	100	16	156	0	0	16	244	4189	16.6	71	16.65	10	16.7	220	0	16	15.1	0	4000	2516253	
PHC	10.9	9.49	10.2	10.05	100	10.1	421	10.15	1277	0	0	10.2	3222	8246	10.2	1716	10.25	232	10.3	390	10.2	10.25	10.05	0	0	1258456	
PHR	57.4	49.95	53.7	54.1	605	54.2	500	54.3	200	0.9	1.68	54.6	8121	86909	54.6	352	54.7	1545	54.8	2288	54.6	54.8	53	7500	0	5276606	
PIT	4.17	3.63	3.9	3.75	20	3.76	10	3.9	9	0	0	3.9	7	58	4	71	4.1	235	4.15	100	3.9	4	3.9	0	0	733742	
PJT	11.75	10.25	11	10.7	2	10.8	102	10.9	54	0	0	11	20	124	11	30	11.05	100	11.3	50	0	11.3	10.9	100	0	712475	
PLP	9.2	8	8.6	8.5	65	8.55	32	8.57	32	-0.03	-0.35	8.57	468	5621	8.58	100	8.59	500	8.6	417	0	8.6	8.4	0	0	977831	
PLX	50.4	43.85	47.15	46.85	731	46.9	1584	46.95	355	-0.15	-0.32	47	3592	58688	47	7794	47.05	639	47.1	1042	47	47.2	45.4	10683	3859	8683650	
PME	65.2	56.8	61	61	817	61.1	963	61.4	1182	0.6	0.98	61.6	200	1743	61.6	55	61.7	521	62	598	61.6	61.6	59.6	0	0	2843860	
PMG	13	11.3	12.15	12.05	756	12.1	50	12.15	15	0	0	12.15	190	980	12.25	619	12.3	105	12.35	151	12.15	12.2	12.05	0	838	2018910	
PNC	10.7	9.3	10	0	0	0	0	0	0	0.1	1	10.1	1	1	10.1	65	10.2	5	10.7	55	10.1	10.1	10.1	0	0	532156	
PNJ	68.1	59.3	63.7	63.4	1249	63.5	906	63.6	430	0	0	63.7	6194	54020	63.7	2655	63.8	4562	63.9	2867	63.7	63.7	63.4	21590	21590	0	
POM	6.2	5.4	5.8	5.99	1000	6	2550	6.2	4656	0.4	6.9	6.2	90	3966	0	0	0	0	0	0	6.2	6.2	5.6	0	0	11501847	
POW	11.3	9.86	10.6	10.4	25794	10.45	41080	10.5	117133	-0.05	-0.47	10.55	20983	362974	10.55	1657	10.6	52756	10.65	24047	10.55	10.6	10.45	60410	15710	87473531	
PPC	26.2	22.8	24.5	25.7	646	25.75	852	25.8	500	1.35	5.51	25.85	2397	72281	25.85	825	25.9	2987	25.95	2615	25.85	25.95	24.3	5968	1520	10648127	
PTB	50.5	43.95	47.25	48.05	130	48.15	700	48.3	128	1.05	2.22	48.3	1707	18976	48.35	519	48.4	570	48.5	1295	48.3	48.4	46.85	1093	300	1475561	
PTC	9.3	8.1	8.7	8.5	300	8.55	100	8.7	300	0	0	8.7	500	700	8.9	89	9	1105	9.2	1270	0	8.7	8.7	0	0	876766	
PTL	3.37	2.93	3.15	2.95	100	3	102	3.09	30	-0.02	-0.63	3.13	56	1640	3.13	209	3.14	1959	3.3	77	3.13	3.2	3.13	0	1590	4876901	
PVD	11.95	10.45	11.2	11.2	22365	11.25	11280	11.3	19733	0.15	1.34	11.35	28997	613314	11.35	8559	11.4	30494	11.45	22622	11.35	11.35	11	18007	375	15526358	
PVT	12.25	10.65	11.45	11.45	12202	11.5	6163	11.55	253	0.1	0.87	11.55	3870	141010	11.6	7144	11.65	9806	11.7	23836	11.55	11.75	11.4	21886	10398	6654825	
PXI	2.63	2.29	2.46	2.36	110	2.4	76	2.57	1876	0.11	4.47	2.57	124	285	2.58	112	2.59	310	2.6	180	2.57	2.59	2.4	0	0	1457811	
PXS	4.71	4.11	4.41	4.3	1524	4.34	102	4.35	200	-0.02	-0.45	4.39	213	5662	4.39	88	4.4	403	4.41	305	4.39	4.4	4.3	0	0	2291017	
PXT	1.49	1.31	1.4	1.45	10100	1.48	500	1.49	30749	0.09	6.43	1.49	252	2466	0	0	0	0	0	0	1.49	1.49	1.49	0	0	960326	
QBS	3.15	2.75	2.95	3	23	3.1	10	3.15	43335	0.2	6.78	3.15	100	18118	0	0	0	0	0	0	0	3.15	3.15	0	0	0	
QCG	8.8	7.66	8.23	8.48	1042	8.5	2138	8.51	120	0.32	3.89	8.55	1646	102303	8.55	1074	8.59	700	8.6	2610	8.55	8.61	8	1773	0	13317682	
RAL	84.9	73.9	79.4	77.4	35	78	8	79	14	-0.4	-0.5	79	265	3351	79.1	72	79.4	69	80	400	79	79.4	77.2	129	0	544169	
RDP	10.65	9.27	9.96	0	0	0	0	9.27	50	-0.36	-3.61	9.6	100	383	9.6	400	9.9	100	9.96	1097	9.6	9.96	9.6	0	0	1812091	
REE	34.2	29.8	32	31.8	1875	31.85	2737	31.9	216	0	0	32	7755	57807	32	576	32.05	564	32.1	6262	32	32	31.85	0	0	0	
RIC	4.21	3.67	3.94	3.7	5	3.94	50	3.95	10	0	0	0	0	0	4.19	15	4.2	7	4.21	5	0	0	0	0	0	473285	
ROS	3.45	3.01	3.23	3.43	118107	3.44	128734	3.45	1657111	0.22	6.81	3.45	633749	6808801	0	0	0	0	0	0	3.45	3.45	3.4	132643	361	26342867	
S4A	29.05	25.25	27.15	26.65	100	26.7	100	27.15	1045	0	0	27.15	28	957	27.5	50	28	281	28.6	800	0	27.15	27.05	0	0	2066289	
SAB	191.5	166.5	179	178	199	178.2	10	178.5	5	0	0	179	692	2627	179	23	180	53	180.5	1	179	181.9	179	586	819	23498966	
SAM	9.84	8.56	9.2	9.15	1623	9.18	1242	9.2	1253	0.06	0.65	9.26	3503	7387	9.26	30	9.27	1000	9.28	1000	9.26	9.26	9.1	0	841	12182102	
SAV	9.95	8.65	9.3	9.11	500	9.31	85	9.32	50	0.13	1.4	9.43	6	915	9.43	24	9.45	10	9.5	216	0	9.43	9.05	0	0	0	
SBA	15.15	13.25	14.2	14	60	14.2	316	14.25	26	0.15	1.06	14.35	1	913	14.3	300	14.4	49	14.5	30	0	14.4	14.2	0	0	2961980	
SBT	16.1	14	15.05	14.9	7876	14.95	2051	15	2356	0	0	15.05	2978	214732	15.05	7247	15.1	11896	15.15	8180	15.05	15.1	14.9	6224	785	55176073	
SBV	10.6	9.26	9.95	9.95	340	10	263	10.05	119	0.1	1.01	10.05	189	1533	10.15	340	10.2	357	10.25	321	10.05	10.4	9.95	0	0	850673	
SC5	21.3	18.6	19.95	18.75	5	18.8	200	18.9	3	0	0	0	0	0	19.45	220	19.5	91	20.6	383	0	0	0	0	0	667533	
SCD	24.6	21.4	23	21.4	3	21.5	108	21.65	115	-1	-4.35	22	146	414	22	4	22.8	100	22.9	50	0	22	22	0	0	350171	
SCR	5.3	4.62	4.96	5.27	10102	5.28	5262	5.29	15743	0.34	6.85	5.3	117248	665661	5.3	27650	0	0	0	0	5.3	5.3	4.96	10484	6000	17416408	
SCS	131.6	114.4	123	129.5	4	129.9	75	130	10	7	5.69	130	497	5817	130.5	17	130.6	95	130.7	25	130	131.1	124	1760	0	1383595	
SFC	23.2	20.2	21.7	21	5	21.3	160	21.4	49	-0.3	-1.38	21.4	1	401	22.8	6	23	352	23.1	7	0	22	21.4	0	0	544500	
SFG	6.25	5.45	5.85	5.67	68	5.7	222	5.84	15	-0.01	-0.17	5.84	135	2085	5.85	742	5.9	40	5.95	105	5.84	5.85	5.65	0	0	2256084	
SFI	20.05	17.45	18.75	18.1	50	18.15	164	18.2	64	0.55	2.93	19.3	10	561	19.3	71	19.4	6	19.45	2	19.3	19.6	18	42	200	585441	
SGN	75.9	66.1	71	70.7	45	70.8	977	70.9	351	0	0	71	20	1693	71.3	61	71.4	341	71.5	200	0	71.4	70.9	412	202	927801	
SGR	17.5	15.3	16.4	0	0	0	0	15.4	2	-0.8	-4.88	15.6	100	100	15.9	9	16.4	30	17	1	0	15.6	15.6	0	0	2231257	
SGT	4.85	4.23	4.54	4.83	15	4.84	5	4.85	3246	0.31	6.83	4.85	27	1980	0	0	0	0	0	0	4.85	4.85	4.83	0	310	2599885	
SHA	4.36	3.8	4.08	4.01	706	4.03	156	4.05	113	-0.03	-0.74	4.05	37	67	4.08	482	4.1	1173	4.15	117	4.05	4.18	4	0	0	1456550	
SHI	9.46	8.24	8.85	8.7	20	8.71	4	8.72	257	0.04	0.45	8.89	28	40382	8.89	298	8.9	199	8.98	500	8.89	8.9	8.71	1819	0	4195769	
SHP	26.5	23.1	24.8	23.9	300	24	207	24.2	600	-0.15	-0.6	24.65	27	1029	24.5	10	24.6	73	24.7	69	0	24.65	24.6	0	0	4123802	
SII	18.15	15.85	17	0	0	16	3	16.05	1	0	0	0	0	0	16.9	112	17	120	17.1	30	0	0	0	0	0	2752	
SJD	18.45	16.05	17.25	17.2	560	17.25	600	17.3	390	0.05	0.29	17.3	150	1711	17.4	100	17.45	126	17.5	2122	17.3	17.4	17.1	20	0	1569326	
SJF	2.35	2.05	2.2	2.32	5590	2.34	3938	2.35	24234	0.15	6.82	2.35	21107	374730	0	0	0	0	0	0	2.35	2.35	2.19	0	0	3865613	
SJS	26	22.6	24.3	24.4	771	24.45	987	24.5	475	0.2	0.82	24.5	629	16805	24.7	113	24.85	311	24.9	200	24.5	24.85	23.5	1073	409	5377708	
SKG	11	9.58	10.3	10.65	500	10.7	150	10.75	65	0.5	4.85	10.8	3249	36664	10.8	1050	10.85	150	10.9	363	10.8	10.8	10.2	0	0	240044	
SMA	13.9	12.1	13	12.2	1	12.3	120	12.5	302	-0.5	-3.85	12.5	2	41	13.6	11	13.7	61	13.9	309	12.5	13.7	12.1	0	0	928355	
SMB	34.1	29.7	31.9	31.4	50	31.5	19	31.6	11	-0.3	-0.94	31.6	139	1928	31.9	8	32	872	32.2	78	0	32	31.5	902	1123	1071698	
SMC	11.75	10.25	11	10.7	9	10.9	11	10.95	1	0	0	11	72	811	11.25	65	11.3	1362	11.45	5	0	11.3	11	0	0	969907	
SPM	11.3	9.86	10.6	9.98	5	9.99	300	10	5	0	0	10.6	5	5	10.6	295	10.8	99	10.9	3	0	10.6	10.6	0	0	643025	
SRC	17.15	14.95	16.05	16.25	487	16.3	220	16.35	73	0.35	2.18	16.4	620	3127	16.4	4	16.45	100	16.5	102	16.4	16.4	16.1	0	0	1372379	
SRF	14.3	12.5	13.4	12.75	2	12.8	7	12.9	13	0.1	0.75	13.5	25	58	13.4	900	13.5	164	13.55	100	0	13.5	12.9	0	0	70821	
SSC	59.8	52	55.9	52.2	2	52.3	1	52.4	1	-3.4	-6.08	52.5	1	2	56.9	24	57	15	57.9	2	52.5	56.9	52.5	0	0	718873	
SSI	16.75	14.65	15.7	15.6	18048	15.65	1160	15.7	5526	0	0	15.7	25905	573189	15.75	17850	15.8	31662	15.85	2028	15.7	15.8	15.5	26679	104424	29902782	
ST8	13.05	11.35	12.2	11.4	100	11.45	50	11.5	60	0	0	0	0	0	12.2	310	12.3	20	0	0	0	0	0	0	0	0	
STB	11.3	9.86	10.6	10.45	61597	10.5	101594	10.55	44694	-0.05	-0.47	10.55	62455	1679998	10.6	13533	10.65	35771	10.7	28840	10.55	10.75	10.45	25547	17465	27451555	
STG	16.5	14.4	15.45	14.4	1602	14.5	34	14.55	30	-0.05	-0.32	15.4	5	124	15.4	8	15.45	119	15.5	281	15.4	15.45	14.5	0	0	4806153	
STK	18.85	16.45	17.65	17.65	409	17.7	42	17.75	997	0.25	1.42	17.9	1962	12480	17.9	200	17.95	150	18	2094	17.9	17.9	17.35	749	0	3060222	
SVC	72.7	63.3	68	64	7	64.1	2	68	43	0	0	68	10	256	72.4	1	72.5	149	72.6	1	0	70	68	1	0	1147244	
SVI	80.2	69.8	75	69.9	50	70	30	70.2	21	-4.8	-6.4	70.2	23	123	76.7	1	76.8	36	77.6	10	70.2	70.2	70	0	0	623492	
SVT	16.35	14.25	15.3	0	0	14.25	5	16.35	999	1.05	6.86	16.35	80	181	0	0	0	0	0	0	0	16.35	16.35	0	0	515365	
SZC	22.65	19.75	21.2	21.5	779	21.55	646	21.6	4551	0.45	2.12	21.65	1104	126305	21.65	740	21.7	3830	21.75	2	21.65	21.7	20.9	7497	200	4867743	
SZL	43.7	38	40.85	40.9	2	40.95	40	41	290	0.15	0.37	41	711	3770	41.05	10	41.1	34	41.15	200	41	41.1	40.85	107	118	813135	
TAC	38.7	33.7	36.2	35.4	32	35.45	5	35.7	60	-0.4	-1.1	35.8	70	2319	35.8	110	35.9	70	36	475	35.8	36.2	35.35	0	29	1617399	
TBC	25.65	22.35	24	23	47	23.5	316	23.6	100	0	0	24	9	90	24	91	24.5	79	25.5	10	0	24	24	0	0	3079105	
TCB	22.65	19.75	21.2	21.3	1023	21.35	700	21.4	701	0.25	1.18	21.45	53249	225174	21.45	11398	21.5	38931	21.55	2310	21.45	21.45	21.1	234390	234390	0	
TCD	9.73	8.47	9.1	8.72	2	8.75	3	9	1	-0.03	-0.33	9.07	50	91	9.07	82	9.08	90	9.13	34	9.07	9.08	8.99	0	0	1444541	
TCH	23.6	20.6	22.1	22.2	1064	22.25	412	22.3	22	0.25	1.13	22.35	14747	118899	22.35	1231	22.4	632	22.45	10	22.35	22.35	21.95	11100	1150	16154254	
TCL	27.35	23.85	25.6	25.5	1431	25.55	2958	25.6	406	0.2	0.78	25.8	630	4224	25.8	55	25.85	821	25.9	96	25.8	25.85	25.5	1	0	1060239	
TCM	20.65	17.95	19.3	19.65	320	19.8	1730	19.85	3381	0.55	2.85	19.85	5269	106996	19.9	17363	20	1233	20.1	309	19.85	20.4	19	1552	0	0	
TCO	10.65	9.29	9.98	0	0	0	0	0	0	-0.48	-4.81	9.5	2	3	9.9	5	10	10	10.5	10	0	9.95	9.5	0	0	873491	
TCR	3.17	2.77	2.97	0	0	0	0	2.77	8	0.03	1.01	3	4	110	3	106	3.15	5413	3.17	581	0	3	2.97	0	0	0	
TCT	35	30.5	32.75	32.3	36	32.4	46	32.5	200	-0.25	-0.76	32.5	100	1023	32.7	70	32.75	7	32.85	300	0	32.85	31.6	0	255	374371	
TDC	8.66	7.54	8.1	8.25	300	8.28	681	8.29	58	0.2	2.47	8.3	103	24537	8.3	378	8.33	50	8.34	1002	8.3	8.35	8.06	0	0	4678495	
TDG	1.81	1.59	1.7	1.71	580	1.72	1634	1.74	106	0.04	2.35	1.74	694	38023	1.75	3110	1.76	1000	1.77	1000	1.74	1.74	1.69	0	0	781711	
TDH	10.2	8.88	9.54	9.64	3121	9.65	3	9.66	600	0.15	1.57	9.69	11435	213808	9.69	71	9.7	4057	9.71	2738	9.69	9.91	9.6	502	307994	1725177	
TDM	23.4	20.4	21.9	22.7	650	22.75	550	22.8	397	1	4.57	22.9	101	35459	22.9	701	23	640	23.1	250	22.9	23.4	21.9	8777	182	3676212	
TDW	28.65	24.95	26.8	26.25	2	26.4	2	26.5	13	0	0	26.8	11	23	26.8	99	27.5	10	0	0	0	26.8	26.5	0	0	394367	
TEG	6.23	5.43	5.83	5.9	1130	5.91	1200	5.92	143	0.09	1.54	5.92	1432	18009	6.22	185	6.23	7189	0	0	5.92	6.23	5.83	0	50	1574437	
TGG	1.13	0.99	1.06	0	0	0.99	19834	1	237	-0.06	-5.66	1	7960	51357	1.03	164	1.04	710	1.05	2200	1	1.04	0.99	0	0	1281214	
THG	54.5	47.45	51	53	200	53.1	30	53.5	6	3	5.88	54	449	2290	54	38	54.1	1	54.2	1	54	54	52	20	0	640194	
THI	28.45	24.75	26.6	26.3	50	26.4	50	27	3	0.4	1.5	27	3	103	28.3	1	0	0	0	0	0	27	27	0	0	2388065	
TIP	23.55	20.55	22.05	21.8	1450	21.85	181	21.9	1920	-0.15	-0.68	21.9	1764	26135	21.95	100	22	1468	22.05	169	21.9	22.05	21.5	2446	690	1008438	
TIX	33.55	29.25	31.4	0	0	0	0	29.25	3	0	0	0	0	0	31.4	5	32	10	33.5	2	0	0	0	0	0	1467467	
TLD	6.52	5.68	6.1	6.45	300	6.5	56	6.52	358	0.42	6.89	6.52	60	6538	0	0	0	0	0	0	0	6.52	6.1	0	0	891197	
TLG	35.2	30.6	32.9	33.1	364	33.2	50	33.25	65	0.4	1.22	33.3	53	21845	33.3	806	33.35	226	33.4	316	33.3	34.4	32.8	1177	3044	5937220	
TLH	3.87	3.37	3.62	3.7	669	3.71	500	3.78	320	0.19	5.25	3.81	285	56774	3.81	638	3.83	259	3.85	100	3.81	3.86	3.6	0	1500	4905166	
TMP	37.55	32.65	35.1	34.8	185	35	80	35.1	133	0.2	0.57	35.3	10	22	35.3	81	36	26	36.5	21	0	35.3	35.1	12	10	3406298	
TMS	28.65	24.95	26.8	25.7	10	25.8	21	25.9	10	-0.1	-0.37	26.7	11	353	26.7	89	26.75	1	26.8	58	0	26.8	26.7	0	0	0	
TMT	6.79	5.91	6.35	0	0	0	0	5.91	11	-0.35	-5.51	6	100	298	6	6	6.1	10	6.34	155	6	6	5.92	0	0	1734905	
TN1	70.6	61.4	66	65.3	51	65.5	47	65.6	21	0	0	66	10	148	66	22	66.1	17	66.2	29	66	66	65.7	0	0	649230	
TNA	20.1	17.5	18.8	18.4	1397	18.5	1432	18.6	751	-0.2	-1.06	18.6	2049	17063	18.7	1758	18.8	2691	18.9	1060	18.6	18.7	18.3	0	100	1487890	
TNC	19.45	16.95	18.2	17.6	551	19.4	195	19.45	400	1.25	6.87	19.45	100	310	0	0	0	0	0	0	0	19.45	19.4	0	0	898642	
TNI	9.81	8.53	9.17	0	0	0	0	0	0	-0.64	-6.98	8.53	5	24997	8.53	30045	8.54	1650	8.55	2010	8.53	8.6	8.53	0	0	2519012	
TNT	1.8	1.58	1.69	1.66	4007	1.67	1000	1.68	517	-0.01	-0.59	1.68	1360	8285	1.7	2267	1.71	1	1.72	203	1.68	1.7	1.63	0	0	1233641	
TPB	23.5	20.5	22	21.6	645	21.7	606	21.8	27	-0.05	-0.23	21.95	2210	32358	21.95	1414	22	995	22.05	1938	21.95	22.1	21.8	0	0	0	
TPC	8.56	7.44	8	7.81	50	8	25	8.01	20	0.2	2.5	8.2	75	200	8.2	20	8.24	5	8.25	10	0	8.3	8	0	0	1156357	
TRA	61.8	53.8	57.8	57	9	57.1	5	57.5	239	0	0	57.8	46	112	57.8	21	58	189	58.4	5	57.8	58	57.8	0	0	208051	
TRC	32.1	27.9	30	29.2	50	29.3	30	29.5	16	-0.5	-1.67	29.5	24	195	30.45	50	30.5	15	30.6	50	29.5	30.5	29.5	0	24	1220820	
TS4	3.31	2.89	3.1	3.16	1400	3.2	634	3.25	880	0.15	4.84	3.25	122	2598	3.29	10	3.3	725	3.31	1614	3.25	3.25	3.1	0	10	762254	
TSC	2.65	2.31	2.48	2.54	2320	2.55	5238	2.56	72	0.08	3.23	2.56	3510	101605	2.57	1782	2.58	200	2.59	800	2.56	2.62	2.43	0	10	7176719	
TTB	5.82	5.06	5.44	0	0	0	0	0	0	-0.38	-6.99	5.06	2379	110609	5.06	110636	5.08	205	5.1	476	5.06	5.16	5.06	0	0	2285706	
TTE	14.85	12.95	13.9	0	0	0	0	0	0	0	0	0	0	0	13.85	1	13.9	5	0	0	0	0	0	0	0	1452958	
TTF	3.37	2.93	3.15	3.09	5495	3.1	6174	3.11	4030	-0.04	-1.27	3.11	7877	269822	3.12	17097	3.13	4060	3.14	10630	3.11	3.14	3.06	1000	0	15179999	
TV2	84.2	73.2	78.7	79.8	50	80	759	80.1	86	1.5	1.91	80.2	260	6442	80.2	60	80.5	32	80.6	50	80.2	80.7	79	805	400	16677	
TVB	10.7	9.3	10	9.99	4741	10	4496	10.05	3083	0.05	0.5	10.05	1314	68456	10.1	1192	10.15	3211	10.2	1040	10.05	10.05	9.9	20	970	2346133	
TVS	11.6	10.1	10.85	10.55	169	10.6	120	10.65	50	-0.05	-0.46	10.8	100	1736	10.8	50	10.85	442	10.9	400	10.8	10.85	10.5	0	1304	2174753	
TVT	21.6	18.8	20.2	19.5	20	19.6	9	19.7	2	0.25	1.24	20.45	18	931	20.3	165	20.35	32	20.4	28	0	20.45	19	0	0	1026441	
TYA	14.05	12.25	13.15	12.95	48	13	118	13.05	10	0.05	0.38	13.2	70	1933	13.2	568	13.25	350	13.3	230	13.2	13.2	13	50	543	401573	
UDC	3.55	3.09	3.32	3.33	1020	3.35	40	3.55	5847	0.23	6.93	3.55	1370	2125	0	0	0	0	0	0	3.55	3.55	3.55	0	0	1713749	
UIC	40	34.8	37.4	36.9	104	36.95	50	37	50	-0.5	-1.34	36.9	89	774	37.2	10	37.3	10	37.35	277	36.9	37	36.9	365	0	225012	
VAF	7.26	6.32	6.79	6.7	10	6.75	1	7.26	10	0.47	6.92	7.26	55	66	0	0	0	0	0	0	0	7.26	7.26	0	0	1845588	
VCB	95.2	82.8	89	88.7	1627	88.8	1000	88.9	12	0	0	89	5965	81057	89	2238	89.1	1394	89.2	3260	89	89.3	87	57444	14189	23033956	
VCF	239.5	208.3	223.9	211.3	6	211.4	1	212	1	-12.8	-5.72	211.1	8	9	222	1	223	5	223.9	7	0	212	210.5	0	8	1287773	
VCI	26.95	23.45	25.2	25.1	145	25.15	1359	25.2	2195	0	0	25.2	5105	62189	25.25	1905	25.3	1189	25.35	800	25.2	25.4	24.8	478	12893	11720452	
VDP	40.95	35.65	38.3	0	0	0	0	0	0	-2.3	-6.01	36	2	114	36	49	38	6	38.25	21	36	36	35.65	0	0	622113	
VDS	6.63	5.77	6.2	5.9	200	5.91	5	6	26	-0.2	-3.23	6	1000	1032	6.29	50	6.3	200	6.32	300	0	6.29	6	0	0	4865369	
VFG	41.55	36.15	38.85	37.5	106	38.1	1	38.2	5	0	0	38.85	1	1	38.85	15	38.9	8	39	12	0	38.85	38.85	0	1	1484457	
VGC	20.35	17.75	19.05	18.75	1354	18.8	1718	18.85	1797	-0.05	-0.26	19	350	5761	19	2086	19.05	4240	19.1	6327	19	19.1	18.75	7	0	17554384	
VHC	37.3	32.5	34.9	37	2	37.1	1502	37.15	2	2.3	6.59	37.2	4679	185229	37.2	1150	37.25	1834	37.3	28883	37.2	37.3	34.7	18276	803	12345671	
VHM	82.9	72.1	77.5	77	7048	77.1	3387	77.2	1984	-0.2	-0.26	77.3	10424	219142	77.3	905	77.4	326	77.5	1195	77.3	77.9	76.6	68380	52818	117650766	
VIC	102.7	89.3	96	94.7	33	94.8	155	95	107	-1	-1.04	95	16971	52587	95.9	13	96	2361	96.1	748	95	96.2	95	14031	39474	76795989	
VID	7.16	6.24	6.7	7	30	7.1	290	7.16	10501	0.46	6.87	7.16	1	2494	0	0	0	0	0	0	7.16	7.16	7.16	0	0	1354422	
VIP	5.55	4.83	5.19	5.11	360	5.12	200	5.13	10	-0.02	-0.39	5.17	500	2745	5.17	86	5.2	1320	5.25	140	5.17	5.17	5.1	588	53	2932484	
VIS	21.4	18.6	20	0	0	0	0	18.6	4	0	0	0	0	0	20	35	21	134	21.4	300	0	0	0	0	0	1910919	
VJC	122.3	106.3	114.3	114	340	114.1	114	114.2	128	0	0	114.3	3694	36878	114.3	238	114.4	220	114.5	297	114.3	114.3	113.6	2989	5698	6259446	
VMD	21.9	19.1	20.5	20.45	4	20.5	18	20.55	2	0.3	1.46	20.8	3	3	20.8	7	21	10	0	0	0	20.8	20.8	0	0	729202	
VND	14.55	12.65	13.6	13.6	4064	13.65	1609	13.7	1728	0.15	1.1	13.75	2056	55384	13.75	1501	13.8	1711	13.85	12872	13.75	13.85	13.4	16617	4000	2873124	
VNE	4.85	4.23	4.54	4.34	650	4.35	1818	4.4	457	-0.14	-3.08	4.4	50	54758	4.5	1439	4.54	100	4.55	1050	4.4	4.5	4.23	400	0	3927436	
VNG	14.65	12.75	13.7	13.55	172	13.6	244	13.65	228	0	0	13.7	260	16819	13.7	1237	13.75	859	13.8	1389	13.7	13.7	13.5	3	45	4757517	
VNL	14.65	12.75	13.7	13	300	13.3	20	13.5	46	0	0	0	0	0	14.65	20	0	0	0	0	0	0	0	0	0	357640	
VNM	126	109.6	117.8	118.8	22	118.9	105	119	288	1.4	1.19	119.2	16196	107647	119.2	178	119.3	840	119.4	611	119.2	119.2	116.7	60218	4979	71599126	
VNS	11.4	9.96	10.7	10.7	984	10.75	690	10.8	36	0.1	0.93	10.8	100	7267	11.4	846	0	0	0	0	10.8	11.4	10.7	0	0	1947013	
VOS	1.58	1.38	1.48	1.54	2126	1.55	190	1.56	1073	0.09	6.08	1.57	4180	69011	1.57	1960	1.58	6237	0	0	1.57	1.57	1.46	1500	4400	6596982	
VPB	25.65	22.35	24	24.3	6243	24.35	2500	24.4	79	0.5	2.08	24.5	122373	550725	24.5	19757	24.55	2365	24.6	11445	24.5	24.5	23.8	23400	0	3	
VPD	15.9	13.9	14.9	14.5	300	14.6	1	14.75	10	-0.1	-0.67	14.8	2	883	14.8	236	14.9	76	15	129	0	14.8	14.7	0	0	5218547	
VPG	18.8	16.4	17.6	18.5	22	18.7	1	18.75	4	1.15	6.53	18.75	547	8296	18.8	75	0	0	0	0	18.75	18.75	16.4	0	221	1294806	
VPH	4.9	4.26	4.58	4.67	800	4.68	300	4.69	31	0.11	2.4	4.69	1000	14676	4.74	965	4.75	100	4.76	390	4.69	4.79	4.41	608	0	3417188	
VPI	44.5	38.7	41.6	41	367	41.1	126	41.2	82	-0.3	-0.72	41.3	2	59758	41.3	465	41.4	700	41.5	380	41.3	41.5	40.6	0	7097	7226361	
VPS	10.25	8.93	9.6	9.52	5	9.55	50	9.56	11	0	0	0	0	0	10.2	15	10.25	10	0	0	0	0	0	0	0	1181843	
VRC	8.73	7.59	8.16	8.55	105	8.58	501	8.6	609	0.44	5.39	8.6	4800	112392	8.72	652	8.73	3992	0	0	8.6	8.73	8.44	0	0	2389947	
VRE	30.35	26.45	28.4	28.3	3115	28.35	4132	28.4	8885	0.05	0.18	28.45	12642	216249	28.45	338	28.6	10	28.65	950	28.45	28.8	28	65652	10105	42378974	
VSC	30.25	26.35	28.3	28.3	1434	28.35	200	28.4	200	0.2	0.71	28.5	200	17201	28.5	13	28.6	495	28.7	205	28.5	28.6	28.2	183	50	857350	
VSH	18.8	16.4	17.6	17.45	305	17.5	135	17.6	202	0	0	17.6	726	3802	17.8	99	18	200	18.15	1	17.6	17.8	17	0	726	7537806	
VSI	25.45	22.15	23.8	22.15	3	22.25	1	22.5	9	0.2	0.84	24	1	62	23.3	140	23.7	320	23.9	18	0	24	22.5	0	0	639846	
VTB	11.35	9.91	10.65	10.15	50	10.2	63	10.25	109	-0.4	-3.76	10.25	6	10711	10.9	1	10.95	870	11	418	10.25	11	10.2	0	10000	496999	
VTO	8.24	7.18	7.71	7.6	1300	7.61	100	7.7	714	-0.01	-0.13	7.7	50	4077	7.75	338	7.8	1045	7.9	181	7.7	7.75	7.7	0	50	3723747	
YBM	5.67	4.93	5.3	4.96	5	5	123	5.1	12	-0.16	-3.02	5.14	11	1800	5.14	57	5.15	100	5.2	62	5.14	5.3	4.93	0	0	690156	
YEG	61.8	53.8	57.8	57.5	102	57.7	49	57.8	186	0	0	57.8	143	1555	58	160	58.1	121	58.2	191	57.8	58.5	57.7	270	289	2167178	
